packet_id,identity_id,identity_kind,family_candidate,packet_status,risk_score,queue_priority_score,owner_review_required,security_review_required,legacy_execution_allowed,priority_digest
CHARPACKET_9F251BEF897AE953CB86061B8C97F60B,CTX_ASTRO_RESEARCH_EXECUTION_DAL_ASTRODOCTRINECONTEXT_8749C1D8_V1,CONTEXT,ASTRO_RESEARCH_EXECUTION,BLOCKED_OWNER_APPROVAL,0,20,True,False,False,sha256:29a129c2fe960597fba3c4b30fd0a7ddfda543dfe42c6a919f62c4e803ae5fd6
CHARPACKET_DE10D4BA98CB077D0446B5A8C9E1E721,CTX_ASTRO_RESEARCH_EXECUTION_DAL_ASTROEXECUTIONSTATEMACHINE_AD983AAD_V1,CONTEXT,ASTRO_RESEARCH_EXECUTION,BLOCKED_OWNER_APPROVAL,0,20,True,False,False,sha256:c5b17613b373c3a3a08da4c282bd1c7154e84944ccbc886497afc011a0b37c15
CHARPACKET_FDEF0889FF0AD8755ACC076DDFA79157,CTX_EXP0017_CYCLE_GROUP_CGC_TYPES_FBB19C0E_V1,CONTEXT,EXP0017_CYCLE_GROUP,BLOCKED_OWNER_APPROVAL,0,20,True,False,False,sha256:4bcf97c98dd160f3096e5391d9d69df59d9d9b23e01d38ec21482e781c87d53c
CHARPACKET_CB648158B642DA2C8BA5A085D395E0B3,CTX_EXP0017_CYCLE_GROUP_CGD_DIVERGENCEFIELD_D716A54C_V1,CONTEXT,EXP0017_CYCLE_GROUP,BLOCKED_OWNER_APPROVAL,0,20,True,False,False,sha256:129a63f290357f11a0ac0324e05def7271766e56039bbd03525a25bc48a1079c
CHARPACKET_C04236F662E7D0A53DB902907DE7D057,CTX_EXP0017_CYCLE_GROUP_CGD_TYPES_843D8CF4_V1,CONTEXT,EXP0017_CYCLE_GROUP,BLOCKED_OWNER_APPROVAL,0,20,True,False,False,sha256:dbd78436d9004f5675bed3fd2cccb13b921cc355f2b54e40a3bbd1ac74140406
CHARPACKET_1B317A6ACACC91CADCDB819C463D631D,CTX_EXP0017_CYCLE_GROUP_CGH_TYPES_A46AD56C_V1,CONTEXT,EXP0017_CYCLE_GROUP,BLOCKED_OWNER_APPROVAL,0,20,True,False,False,sha256:546a93d87190471825e09cad07426b4092f2f4bf63cfa65c91a3a8d32edf4c9a
CHARPACKET_C641E11BF5DA570DDE27E0A50CDF2F55,CTX_EXP0017_CYCLE_GROUP_CGM_DISPLAY_438ADA17_V1,CONTEXT,EXP0017_CYCLE_GROUP,BLOCKED_OWNER_APPROVAL,0,20,True,False,False,sha256:e8e9a5f91d37324b1edb162cb085144b4450003e68478fb1c2507ab077620e16
CHARPACKET_3695F7A16CC5AE0797DE026CEC0CC51A,CTX_EXP0017_CYCLE_GROUP_CGM_ENGINE_D6738B94_V1,CONTEXT,EXP0017_CYCLE_GROUP,BLOCKED_OWNER_APPROVAL,0,20,True,False,False,sha256:ad31c1bb2e2117230f4260fcedbd3fada5e87b9f32c0084973e4e9cba21e7ec0
CHARPACKET_DAE17016FF26B2CB9B6113E5B1F10094,CTX_EXP0017_CYCLE_GROUP_CGO_DISPLAY_038F1EB0_V1,CONTEXT,EXP0017_CYCLE_GROUP,BLOCKED_OWNER_APPROVAL,0,20,True,False,False,sha256:cb41addfed76d468dd8dd3af21f6c5b6ea1dfc96b50ebdbaa797661979e7b57a
CHARPACKET_810E1BC75EA99BDD4A20BAA5A23961F5,CTX_EXP0017_CYCLE_GROUP_CGO_TYPES_953F33DE_V1,CONTEXT,EXP0017_CYCLE_GROUP,BLOCKED_OWNER_APPROVAL,0,20,True,False,False,sha256:a5cda476279f230cc9fc5fd98719f5372e459d531cca0c25e7f47dc446dd2769
CHARPACKET_20E6BDA600EFD11624C34E130D10230D,CTX_EXP0017_CYCLE_GROUP_CGP12_DISPLAY_D6FDF27C_V1,CONTEXT,EXP0017_CYCLE_GROUP,BLOCKED_OWNER_APPROVAL,0,20,True,False,False,sha256:c7b15379c43b514c146ece5eef1d7c1117d3f343956e42b26d2b4cb38575d196
CHARPACKET_881DBC29F19023FA571C346E8E937B6A,CTX_EXP0017_CYCLE_GROUP_CGP12_ENGINE_355DD689_V1,CONTEXT,EXP0017_CYCLE_GROUP,BLOCKED_OWNER_APPROVAL,0,20,True,False,False,sha256:edcb6d89dd9ba83e5871bf250eedf27cd0c775ca2137b995122924455e400184
CHARPACKET_0856E19B784EB8EAE24A2C51671F1D27,CTX_EXP0017_CYCLE_GROUP_CGP12_TYPES_282DED12_V1,CONTEXT,EXP0017_CYCLE_GROUP,BLOCKED_OWNER_APPROVAL,0,20,True,False,False,sha256:e7822a05eedf6c61fc20f8df8480910d8408b6b835d5180cfab82734cfc185aa
CHARPACKET_0E303126976503174669223DDAE004BD,CTX_EXP0017_CYCLE_GROUP_CGP13_DISPLAY_047AFF8F_V1,CONTEXT,EXP0017_CYCLE_GROUP,BLOCKED_OWNER_APPROVAL,0,20,True,False,False,sha256:6722f2ed37f3a9e01fd5f5133739b81fbe3cd34b465f7a91dfb9d3d486451903
CHARPACKET_880C8E68AF505B84C9353355C773D637,CTX_EXP0017_CYCLE_GROUP_CGP13_ENGINE_436446F3_V1,CONTEXT,EXP0017_CYCLE_GROUP,BLOCKED_OWNER_APPROVAL,0,20,True,False,False,sha256:db5b8d619cd330b4a5df2f69660dd15de29d578fa2af2c7ce3f830453d36418c
CHARPACKET_4180D8628179DC4FDF0F0E5CC8E69027,CTX_EXP0017_CYCLE_GROUP_CGP13_TYPES_A9483F04_V1,CONTEXT,EXP0017_CYCLE_GROUP,BLOCKED_OWNER_APPROVAL,0,20,True,False,False,sha256:e37cfc2ad7c84186e3d7037da0948cf1914f82c92fd425f4d3010cd7f7e4ab9e
CHARPACKET_53F9C99EF71091EEBB3AF477FD707B58,CTX_EXP0017_CYCLE_GROUP_CGPI_CONTRACTS_07477B03_V1,CONTEXT,EXP0017_CYCLE_GROUP,BLOCKED_OWNER_APPROVAL,0,20,True,False,False,sha256:72aed1f5e7dad0244570496865a5287f7110dac2c2ce58d81a98648e09462370
CHARPACKET_18ED2B2487E86430FAEAB88896D728C8,CTX_EXP0017_CYCLE_GROUP_CGPI_DISPLAY_121D57B3_V1,CONTEXT,EXP0017_CYCLE_GROUP,BLOCKED_OWNER_APPROVAL,0,20,True,False,False,sha256:8a5ea2c674a21aae456cdcb2c2578d22bd18cbc9caa308cdaea5f33ab5c7f7f0
CHARPACKET_26E20715A5EAF6936D2B91119F96B6F6,CTX_EXP0017_CYCLE_GROUP_CGPI_ENGINE_BD14E170_V1,CONTEXT,EXP0017_CYCLE_GROUP,BLOCKED_OWNER_APPROVAL,0,20,True,False,False,sha256:1e2c5fbdae84cd918fc98a459908cf78f2615ba37d2022d40b514c000addf828
CHARPACKET_5C3648E2521D8526A6870CCC09F2C66D,CTX_EXP0017_CYCLE_GROUP_CGPI_RECONCILER_8B5FD478_V1,CONTEXT,EXP0017_CYCLE_GROUP,BLOCKED_OWNER_APPROVAL,0,20,True,False,False,sha256:45f2ac7e69d85169969724f2377b096be08e3143593819ca226b06d65ec616eb
CHARPACKET_5DDD2AA7DC8F671FAE44375D056540D2,CTX_EXP0017_CYCLE_GROUP_CGPI_TYPES_F2AD107A_V1,CONTEXT,EXP0017_CYCLE_GROUP,BLOCKED_OWNER_APPROVAL,0,20,True,False,False,sha256:d5fd2333c105a157abc148eb994a2751ac4b8483b0c2fc63095f76c2a07c8c0c
CHARPACKET_4DCC91B979656BFFC267DB736B468E47,CTX_EXP0017_CYCLE_GROUP_CGRK_DISPLAY_6D47F571_V1,CONTEXT,EXP0017_CYCLE_GROUP,BLOCKED_OWNER_APPROVAL,0,20,True,False,False,sha256:07065baa08ae2aa2f72ca2f80429fef0c38c7f50535b2abfcfa11901b8614903
CHARPACKET_B28DB0615DEDF8A63CD6A2BFF45D77CB,CTX_EXP0017_CYCLE_GROUP_CGRK_RANKER_A971EA69_V1,CONTEXT,EXP0017_CYCLE_GROUP,BLOCKED_OWNER_APPROVAL,0,20,True,False,False,sha256:b61e5d2ab859ab12627eb12c4c4729f41f85d8df5ea7753727ab10ed5da3630c
CHARPACKET_9C065C8532D53A481E9B9A89EE327631,CTX_EXP0017_CYCLE_GROUP_CGRK_TYPES_12D6D596_V1,CONTEXT,EXP0017_CYCLE_GROUP,BLOCKED_OWNER_APPROVAL,0,20,True,False,False,sha256:80af3bdf44c651969f0db5198c4f4d512a211f67b21b73ce85ff8ccab66d962c
CHARPACKET_78A864E308C680115B76615C25820DA3,CTX_EXP0017_CYCLE_GROUP_CGR_TYPES_E3DB16F0_V1,CONTEXT,EXP0017_CYCLE_GROUP,BLOCKED_OWNER_APPROVAL,0,20,True,False,False,sha256:429a42e95e0158ad1f12f8593a15076e2bd41d36be4b83e9392335c5ab549f5f
CHARPACKET_524DBF40FE9F2285846EED94625B2762,CTX_EXP0017_CYCLE_GROUP_CGS_AGGREGATOR_2F6F57D4_V1,CONTEXT,EXP0017_CYCLE_GROUP,BLOCKED_OWNER_APPROVAL,0,20,True,False,False,sha256:538b4fb0c0de8ced3a3f34e5016ce854b881e7e5db14dcebfa9e00af6238608d
CHARPACKET_DBFF903159FE9C6A0A73B17DA84D3476,CTX_EXP0017_CYCLE_GROUP_CGS_DISPLAY_AE5C6BD6_V1,CONTEXT,EXP0017_CYCLE_GROUP,BLOCKED_OWNER_APPROVAL,0,20,True,False,False,sha256:fb20b8a8fb372c111b8db0457036848a8d772a10acd9903251d38748b24e191c
CHARPACKET_D98CDE5BFFE12B6B02E94AF6E9BBBDD4,CTX_EXP0017_CYCLE_GROUP_CGS_TYPES_3CA0243A_V1,CONTEXT,EXP0017_CYCLE_GROUP,BLOCKED_OWNER_APPROVAL,0,20,True,False,False,sha256:35c5c01cfac2a03d559d33df9ba1d1627a9f93280d9ae95f5d396a174b4b06f9
CHARPACKET_E9ED258DB17EC0BCC736FD7125170814,CTX_EXP0017_CYCLE_GROUP_CGV_TYPES_39427486_V1,CONTEXT,EXP0017_CYCLE_GROUP,BLOCKED_OWNER_APPROVAL,0,20,True,False,False,sha256:dec3d78867d05b6cbb0c5b18ce9c0c56590fd17d535a2f2527ce73a791aff549
CHARPACKET_A1675F97C0ADEE230BCC56A401A791B3,CTX_EXP0017_CYCLE_GROUP_CGWF_DISPLAY_BFE568B2_V1,CONTEXT,EXP0017_CYCLE_GROUP,BLOCKED_OWNER_APPROVAL,0,20,True,False,False,sha256:eff66a937b9db68fa010e52cc328ef82d17f87e28c97dcd181dd4f1bf3000196
CHARPACKET_A1626481EF5D6912C7D3481C6D0C8067,CTX_EXP0017_CYCLE_GROUP_CGWF_ENGINE_34DD1D48_V1,CONTEXT,EXP0017_CYCLE_GROUP,BLOCKED_OWNER_APPROVAL,0,20,True,False,False,sha256:a1f8e14031f5fc4c9ca9d0bb12aa9c3f98c8d6e22be38bd6400348d703083a67
CHARPACKET_5CB3DE7664D5BFA769EDBB2F0B7DB186,CTX_EXP0017_CYCLE_GROUP_CGX_ENGINE_30868A24_V1,CONTEXT,EXP0017_CYCLE_GROUP,BLOCKED_OWNER_APPROVAL,0,20,True,False,False,sha256:6a0aa0f3aaf87185a942f9ceeb3fc134e57d4d12c7bb9176f0965113e4c79098
CHARPACKET_328D4438ED6484B90EB59E65820D9E92,CTX_EXP0017_CYCLE_GROUP_CGX_UTILITIES_18C07BBD_V1,CONTEXT,EXP0017_CYCLE_GROUP,BLOCKED_OWNER_APPROVAL,0,20,True,False,False,sha256:cb4d07e1969e27effd4af3e63436317c9f64e5eb4c4322d678e8e62611dc4b77
CHARPACKET_1106231B6907F4DBEDCE4C470749BBE2,CTX_EXP0017_CYCLE_GROUP_CGX_VOLUMEMODEL_5C7644C4_V1,CONTEXT,EXP0017_CYCLE_GROUP,BLOCKED_OWNER_APPROVAL,0,20,True,False,False,sha256:b3ba3f50b810e8a3365ada759f8ff79839c1ae20f8581f46ddd3f570b461a9a2
CHARPACKET_603394646DBC4DC12C6100BF1EF4D8D8,CTX_EXP0017_CYCLE_GROUP_EXP0017_CG_CONTROLLED_MODEL_COMPARISON_B_7F483D6F_V1,CONTEXT,EXP0017_CYCLE_GROUP,BLOCKED_OWNER_APPROVAL,0,20,True,False,False,sha256:44a7b5bc4f87d241083972a5ab9d8f2baa1b0e568d5388491bbb35178dbbd6c0
CHARPACKET_48EC6F29C969F36B35A9D69730B9E785,CTX_EXP0018_DAYE_TRADER_DAYE_HUNTCLASSIFIER_4791609A_V1,CONTEXT,EXP0018_DAYE_TRADER,BLOCKED_OWNER_APPROVAL,0,20,True,False,False,sha256:d7fc2331ca5de2f0f107c3930b6b1d667b4f828a59fc580957c1f277c9318a11
CHARPACKET_25C367E55FF7A95A226563C590B52F52,CTX_EXP0018_DAYE_TRADER_DAYE_HUNTEVENTS_192457CD_V1,CONTEXT,EXP0018_DAYE_TRADER,BLOCKED_OWNER_APPROVAL,0,20,True,False,False,sha256:26ef12ceec33edaf5a30a6780af1297a7f9a3c2b114e88af48fb785b4e56cdfe
CHARPACKET_39B9D00189569E90884D978C88B892A9,CTX_EXP0018_DAYE_TRADER_DAYE_HUNTSELFTEST_795D1565_V1,CONTEXT,EXP0018_DAYE_TRADER,BLOCKED_OWNER_APPROVAL,0,20,True,False,False,sha256:994a9aac5654253598e90a4c5403aa7bcc48967437eac39037bdb8eeee77803d
CHARPACKET_45EC4436E5C5F8A67BE716BB1C59E5EE,CTX_EXP0018_DAYE_TRADER_DAYE_HUNTSTORE_5C0C8B13_V1,CONTEXT,EXP0018_DAYE_TRADER,BLOCKED_OWNER_APPROVAL,0,20,True,False,False,sha256:0ecf51c1297ff4ede0721d787ca3d9eb7aefcc8c29b0195fbe7b80bc91bd1baf
CHARPACKET_A2FF46A45B2C8CA6CC270CF7931C3781,CTX_EXP0018_DAYE_TRADER_DAYE_HUNTTYPES_708B8D2E_V1,CONTEXT,EXP0018_DAYE_TRADER,BLOCKED_OWNER_APPROVAL,0,20,True,False,False,sha256:1006356e961d70d0aac2f3fc413d6303748e8549a1208dd3727406cfea4c9f6e
CHARPACKET_20D50EBB3C41B161E3CCD8DE69D9681A,CTX_EXP0018_DAYE_TRADER_DAYE_LIFECYCLEEVENTS_4507544F_V1,CONTEXT,EXP0018_DAYE_TRADER,BLOCKED_OWNER_APPROVAL,0,20,True,False,False,sha256:3082803e9dc7c6a4a82a894ac82c9ec5756704f5bd1f13c3c753748889f3e509
CHARPACKET_98D756CA965BEBB95990FE5E30DA4176,CTX_EXP0018_DAYE_TRADER_DAYE_LIFECYCLEIDENTITY_202F1916_V1,CONTEXT,EXP0018_DAYE_TRADER,BLOCKED_OWNER_APPROVAL,0,20,True,False,False,sha256:9875dd836ed7d2e8a08f95fb646b482396548e562593f5f514c6d0e201b0a497
CHARPACKET_AB3E616948AE43CBCA61C1229FCC3D28,CTX_EXP0018_DAYE_TRADER_DAYE_LIFECYCLESTORE_6925733B_V1,CONTEXT,EXP0018_DAYE_TRADER,BLOCKED_OWNER_APPROVAL,0,20,True,False,False,sha256:4b86370e5e22eba570fbbbd4a67c5d8f068a6e714168fec9093fbf5bc131006e
CHARPACKET_8F19D40A649F83374A7BF5D5DC3F1FD7,CTX_EXP0018_DAYE_TRADER_DAYE_LIFECYCLETYPES_6B4154FF_V1,CONTEXT,EXP0018_DAYE_TRADER,BLOCKED_OWNER_APPROVAL,0,20,True,False,False,sha256:14384a866716cdd652ab28ce49cad3f26835cc6684b23117495949d62e21bd9f
CHARPACKET_115919E2075DC624F0FC77ABC52ECE9E,CTX_EXP0018_DAYE_TRADER_DAYE_SESSIONBOXGEOMETRY_66108964_V1,CONTEXT,EXP0018_DAYE_TRADER,BLOCKED_OWNER_APPROVAL,0,20,True,False,False,sha256:231c0dd5205e31641a0f410d9632b144a6642be25989fb01581a57816bd2d667
CHARPACKET_D8C5A940AB8904CA9E2DF95198BC012B,CTX_EXP0018_DAYE_TRADER_DAYE_SESSIONBOXIDENTITY_FB0EA611_V1,CONTEXT,EXP0018_DAYE_TRADER,BLOCKED_OWNER_APPROVAL,0,20,True,False,False,sha256:de46e2d00082220a5ca2591797e2abc851e89e35b134d05e62c7e8fc9412fb52
CHARPACKET_B036864BFD58FB8764B053C0DC328E9A,CTX_EXP0018_DAYE_TRADER_DAYE_SESSIONBOXSTORE_F5089EBF_V1,CONTEXT,EXP0018_DAYE_TRADER,BLOCKED_OWNER_APPROVAL,0,20,True,False,False,sha256:a83144cd2ad4d82e523736ff3a2485d43795d576733876f407d7a9fbb3d45bda
CHARPACKET_05519CCCF2FC0A1168688ABF4ECF9363,CTX_EXP0019_FAERIE_PROTOCOL_FP_I02_STATEMACHINES_7CA36E93_V1,CONTEXT,EXP0019_FAERIE_PROTOCOL,BLOCKED_OWNER_APPROVAL,0,20,True,False,False,sha256:2584b8382026382f7585cdd29cbcbecc9adabe2eccadbe9ae8814f03a0b0c324
CHARPACKET_D7893F2898849B77FF20BF501EDE3102,CTX_EXP0019_FAERIE_PROTOCOL_FP_I03_SESSIONREGISTRY_20087248_V1,CONTEXT,EXP0019_FAERIE_PROTOCOL,BLOCKED_OWNER_APPROVAL,0,20,True,False,False,sha256:bbe4f4169c21c2e23746c8fa447f4000d802ea5a83bab91f58d5fa196e806de4
CHARPACKET_06310D704E1D1A5624D2E364C17F890F,CTX_EXP0019_FAERIE_PROTOCOL_FP_I07_LIFECYCLEENGINE_EC57EC9E_V1,CONTEXT,EXP0019_FAERIE_PROTOCOL,BLOCKED_OWNER_APPROVAL,0,20,True,False,False,sha256:ca7ddf1ac6f7ddca11b3bd7d3341969f12d40fcd96eff195d6676754e697f2bb
CHARPACKET_3422E93085933B1CAF12FE883B7FED78,CTX_EXP0019_FAERIE_PROTOCOL_FP_I15_ORDERLIFECYCLE_5CCF9B27_V1,CONTEXT,EXP0019_FAERIE_PROTOCOL,BLOCKED_OWNER_APPROVAL,0,20,True,False,False,sha256:7b13bcd4162f373f33d6265872380ff95f6006e5fc96b2f57e45e3bd6f6aca0f
CHARPACKET_3CA69060335FA512CE821944BD43BDB6,CTX_EXP0019_FAERIE_PROTOCOL_HUNT_CFFF67EC_V1,CONTEXT,EXP0019_FAERIE_PROTOCOL,BLOCKED_OWNER_APPROVAL,0,20,True,False,False,sha256:bdc59366db2b376e1c1d230d422ad775d2c41ed4018de57efd882b45c44915a7
CHARPACKET_6071DFDE3D7D5AEB313676C76DB1F45C,CTX_EXP0019_FAERIE_PROTOCOL_LIFECYCLE_E9F7DFCF_V1,CONTEXT,EXP0019_FAERIE_PROTOCOL,BLOCKED_OWNER_APPROVAL,0,20,True,False,False,sha256:f44f7d5e0f21f2381ceb4b0316d91d40e46ba7bf58b4961a35740f956a87de34
CHARPACKET_3F9AA7B6746C9F86525A64FC0FC66255,CTX_FLAG_COUNTING_NDS_HOOK_ZONE_DAL_E0009HTF123HOOKENGINE_CB807B50_V1,CONTEXT,FLAG_COUNTING_NDS_HOOK_ZONE,BLOCKED_OWNER_APPROVAL,0,20,True,False,False,sha256:d5934a4882d9f8aa6898599cee9ecebeea04c8ec39caeaac660b387c5eeb6dee
CHARPACKET_37DEFC7689038F1A6FAFCA399EB3F88C,CTX_FLAG_COUNTING_NDS_HOOK_ZONE_FP_ACCEPTANCEAUDIT_C5EC3103_V1,CONTEXT,FLAG_COUNTING_NDS_HOOK_ZONE,BLOCKED_OWNER_APPROVAL,0,20,True,False,False,sha256:d9286945360054b4cd27014a0ed4741b34ad9504d384caefefc57c186cd5dda4
CHARPACKET_CF68F43DD5B3D41AD80A7C71CC59CBF5,CTX_FLAG_COUNTING_NDS_HOOK_ZONE_FP_ACCEPTANCERULES_24AB0F6F_V1,CONTEXT,FLAG_COUNTING_NDS_HOOK_ZONE,BLOCKED_OWNER_APPROVAL,0,20,True,False,False,sha256:307ec4b0ba4ce61de38bcba0151d6f38d1810fa772fd9036b15a4fca610aa714
CHARPACKET_0A5A51DA2A32977D567F4C61BB210545,CTX_FLAG_COUNTING_NDS_HOOK_ZONE_FP_AMBIGUITYAUDIT_04CEEA21_V1,CONTEXT,FLAG_COUNTING_NDS_HOOK_ZONE,BLOCKED_OWNER_APPROVAL,0,20,True,False,False,sha256:6786b980f73adb6eefd395300cc4b5cd39e9db8795d84684388680a8061220df
CHARPACKET_5E424BD6816713C1D55227EE6159D71A,CTX_FLAG_COUNTING_NDS_HOOK_ZONE_FP_AMBIGUITYRULES_0DAD0723_V1,CONTEXT,FLAG_COUNTING_NDS_HOOK_ZONE,BLOCKED_OWNER_APPROVAL,0,20,True,False,False,sha256:d0892dff5657afc3361f8058d55c4669b780d35ff6bf3b9f23e3a7577888513b
CHARPACKET_03F0AD710F95943F4B61CD56E548320B,CTX_FLAG_COUNTING_NDS_HOOK_ZONE_FP_AUDIT_0E8AA8E0_V1,CONTEXT,FLAG_COUNTING_NDS_HOOK_ZONE,BLOCKED_OWNER_APPROVAL,0,20,True,False,False,sha256:4d1314547c72c8fc8b3188cf5fe83bf7c5b05d7551a19ff76f9718119f082c7b
CHARPACKET_76E97D723BF4CC5597C44BE3810543CC,CTX_FLAG_COUNTING_NDS_HOOK_ZONE_FP_BARSNAPSHOT_B8A056B6_V1,CONTEXT,FLAG_COUNTING_NDS_HOOK_ZONE,BLOCKED_OWNER_APPROVAL,0,20,True,False,False,sha256:3f2850b0841d6bbb41d45308e4375c5d01829618626487784f9a9262cea40e95
CHARPACKET_CA0AB5B268EFE17DECF270A5EEA6A8D0,CTX_FLAG_COUNTING_NDS_HOOK_ZONE_FP_CANONICALAUDIT_090CDED8_V1,CONTEXT,FLAG_COUNTING_NDS_HOOK_ZONE,BLOCKED_OWNER_APPROVAL,0,20,True,False,False,sha256:d812034c51e8dc3650efe9494f54eb275d5dee66858386b2534d5e9a9ee160f8
CHARPACKET_529D2F795CD10E0DE66B76E71BB8220E,CTX_FLAG_COUNTING_NDS_HOOK_ZONE_FP_CANONICALIZER_22224C08_V1,CONTEXT,FLAG_COUNTING_NDS_HOOK_ZONE,BLOCKED_OWNER_APPROVAL,0,20,True,False,False,sha256:a58c19acf18ced534af8221e53f58e8aa6dcff6eb3ae5ea25f2657db0d534aee
CHARPACKET_4DA4552FA4F127BA6276D128FEAE65A1,CTX_FLAG_COUNTING_NDS_HOOK_ZONE_FP_CANONICALRULES_5EA0A257_V1,CONTEXT,FLAG_COUNTING_NDS_HOOK_ZONE,BLOCKED_OWNER_APPROVAL,0,20,True,False,False,sha256:f8227a55f52499327c343690a7b5687d08deb9da1e0a62cc999fbc0f7e064bf3
CHARPACKET_D574900E0B52CA07C17DDD1D190395B3,CTX_FLAG_COUNTING_NDS_HOOK_ZONE_FP_CANONICALTYPES_647744EA_V1,CONTEXT,FLAG_COUNTING_NDS_HOOK_ZONE,BLOCKED_OWNER_APPROVAL,0,20,True,False,False,sha256:3045bafbc9307de3642bab256bdd67c4df53f43dd617a618b2a36bc9a11f61bb
CHARPACKET_A36B3BB96C7334809DF0A103331A27A4,CTX_FLAG_COUNTING_NDS_HOOK_ZONE_FP_EXPORTTYPES_ADC5DCEE_V1,CONTEXT,FLAG_COUNTING_NDS_HOOK_ZONE,BLOCKED_OWNER_APPROVAL,0,20,True,False,False,sha256:652a20c822f7fe02f61c9c984019bb3872c564fa0e6a79ea8373021adb29d7fd
CHARPACKET_384F3ABAB1833FB18188A46B21666244,CTX_FLAG_COUNTING_NDS_HOOK_ZONE_FP_F1LIFECYCLEAUDIT_4493FFAB_V1,CONTEXT,FLAG_COUNTING_NDS_HOOK_ZONE,BLOCKED_OWNER_APPROVAL,0,20,True,False,False,sha256:537b19c0e469204c7f96e74818c6d83e46bf6bacb6fe9891123fd493e73611b3
CHARPACKET_9D372E68FFDC2AC204104F73C947CBD2,CTX_FLAG_COUNTING_NDS_HOOK_ZONE_FP_F1LIFECYCLEENGINE_4D26876C_V1,CONTEXT,FLAG_COUNTING_NDS_HOOK_ZONE,BLOCKED_OWNER_APPROVAL,0,20,True,False,False,sha256:9d849c62fc5fee963e2aa3318575a77c21bb7725eed83539031ee14c3a1fffc9
CHARPACKET_D0D0C5A9D852F3DE5FFAD0A7F408C154,CTX_FLAG_COUNTING_NDS_HOOK_ZONE_FP_F1LIFECYCLERULES_F7582842_V1,CONTEXT,FLAG_COUNTING_NDS_HOOK_ZONE,BLOCKED_OWNER_APPROVAL,0,20,True,False,False,sha256:b6330a3c5c1c64f30fa62450e9ffc0903c510a833098948f9014ed11370668ce
CHARPACKET_5E5264C86C82F2B363F1D78AC32C5E14,CTX_FLAG_COUNTING_NDS_HOOK_ZONE_FP_F2LIFECYCLEAUDIT_67714ED5_V1,CONTEXT,FLAG_COUNTING_NDS_HOOK_ZONE,BLOCKED_OWNER_APPROVAL,0,20,True,False,False,sha256:d9d27d795d35a3098ec44e3fea0e6392f7b9c46d7cdde4bd40cee6ff056e4e1e
CHARPACKET_C5C6D1C061F0B133431F5092CCD22E1D,CTX_FLAG_COUNTING_NDS_HOOK_ZONE_FP_F2LIFECYCLEENGINE_FCCCC1F9_V1,CONTEXT,FLAG_COUNTING_NDS_HOOK_ZONE,BLOCKED_OWNER_APPROVAL,0,20,True,False,False,sha256:1be0e7fc770722af5d6eaf0de020cba7243ae618bce86e5d99736348a41c629e
CHARPACKET_4170814B0062A8DE3A97153392F2B411,CTX_FLAG_COUNTING_NDS_HOOK_ZONE_FP_F2LIFECYCLERULES_FDCBA47F_V1,CONTEXT,FLAG_COUNTING_NDS_HOOK_ZONE,BLOCKED_OWNER_APPROVAL,0,20,True,False,False,sha256:817069e68b2516f8da64e38f22400a1c4262088f10966e798227f4087b34e348
CHARPACKET_69062AAA3E407FBC6F28E5E2C41C568A,CTX_FLAG_COUNTING_NDS_HOOK_ZONE_FP_F3LIFECYCLEAUDIT_4ED707A6_V1,CONTEXT,FLAG_COUNTING_NDS_HOOK_ZONE,BLOCKED_OWNER_APPROVAL,0,20,True,False,False,sha256:eab82ab2eccc2a8f8e69a42f1e42a781e6de67cbfcd4b238fbbcb19915239790
CHARPACKET_FCD4CC06258ED090FE35A553341B01DC,CTX_FLAG_COUNTING_NDS_HOOK_ZONE_FP_F3LIFECYCLEENGINE_0EF04966_V1,CONTEXT,FLAG_COUNTING_NDS_HOOK_ZONE,BLOCKED_OWNER_APPROVAL,0,20,True,False,False,sha256:d794457b3141fd93e49f9b782e0cfed59fa26454804b042960654d627e6859c0
CHARPACKET_A6C84FB749FB4131AFCCDAE53DB0BFE9,CTX_FLAG_COUNTING_NDS_HOOK_ZONE_FP_F3LIFECYCLERULES_7F986616_V1,CONTEXT,FLAG_COUNTING_NDS_HOOK_ZONE,BLOCKED_OWNER_APPROVAL,0,20,True,False,False,sha256:d074b36299685f8a3c15c2a2630203ac29096e9cf7cf0647293940c8ee2120e4
CHARPACKET_BAEBFC95C62F3E294CBC4371C8C949EC,CTX_FLAG_COUNTING_NDS_HOOK_ZONE_FP_FLAGBODYENGINE_AE96D52C_V1,CONTEXT,FLAG_COUNTING_NDS_HOOK_ZONE,BLOCKED_OWNER_APPROVAL,0,20,True,False,False,sha256:6bb9fbe88de4ef606eb9c4ce8ae4ecc178f987a2532aa162f62180b70c8596d2
CHARPACKET_9FF2A3C3F65CD5FA7BE837CE145737E8,CTX_FLAG_COUNTING_NDS_HOOK_ZONE_FP_FLAGBODYRULES_C75D1F19_V1,CONTEXT,FLAG_COUNTING_NDS_HOOK_ZONE,BLOCKED_OWNER_APPROVAL,0,20,True,False,False,sha256:4b16d4fe5addf9a7f85acb2307e8680b5be4df06828eb21b6b9e1279229311f0
CHARPACKET_861B184EA38FA3E473403C5F2E6843A1,CTX_FLAG_COUNTING_NDS_HOOK_ZONE_FP_HOOKAUDIT_51185FCA_V1,CONTEXT,FLAG_COUNTING_NDS_HOOK_ZONE,BLOCKED_OWNER_APPROVAL,0,20,True,False,False,sha256:e791aa0348fffce7b2eb2a7ebc66fe9c8a40235806ea6f4ccb5a14e676b5f85c
CHARPACKET_15DE2A634B62B8076E0AEA3C879DC7A9,CTX_FLAG_COUNTING_NDS_HOOK_ZONE_FP_HOOKCONTEXT_7992183A_V1,CONTEXT,FLAG_COUNTING_NDS_HOOK_ZONE,BLOCKED_OWNER_APPROVAL,0,20,True,False,False,sha256:85c45cc674eea859757ac002f31610def4641f1ada6dc53a13fba946eca90dc1
CHARPACKET_04014237E0DB544C70DA9E17D17948DB,CTX_FLAG_COUNTING_NDS_HOOK_ZONE_FP_HOOKPHASE01ENGINE_9D1D4C0F_V1,CONTEXT,FLAG_COUNTING_NDS_HOOK_ZONE,BLOCKED_OWNER_APPROVAL,0,20,True,False,False,sha256:e505ca43c32157f7ab00ca37041d920b80ba84a81e090c621d5c90f70bf2937b
CHARPACKET_418B672874707561EB651E8C5CAB02EA,CTX_FLAG_COUNTING_NDS_HOOK_ZONE_FP_HOOKPHASE01RULES_FECF8C5B_V1,CONTEXT,FLAG_COUNTING_NDS_HOOK_ZONE,BLOCKED_OWNER_APPROVAL,0,20,True,False,False,sha256:9be8d5457a01a6006b2f72fd8543a23e84343f63dc06b0e4efd41fe23a11de05
CHARPACKET_CFA79D5BED5F9EA6146A9F9FD5D5685E,CTX_FLAG_COUNTING_NDS_HOOK_ZONE_FP_HOOKPHASE01TYPES_3258CC26_V1,CONTEXT,FLAG_COUNTING_NDS_HOOK_ZONE,BLOCKED_OWNER_APPROVAL,0,20,True,False,False,sha256:b63e59dfef29f390c9715082589f17953e14eac0bf9bd89b5fd23f8a0dcd9be3
CHARPACKET_E1947B6059640E4C95540A596C413C2B,CTX_FLAG_COUNTING_NDS_HOOK_ZONE_FP_HOOKPHASE02DETECTIONCORE_ADD6078D_V1,CONTEXT,FLAG_COUNTING_NDS_HOOK_ZONE,BLOCKED_OWNER_APPROVAL,0,20,True,False,False,sha256:cc4a75d6fb1fc7e9c8afe24ed919da4bb6222cb2621a7e6fb748f4f12f4b05f7
CHARPACKET_F2CE008C2D7E839C91C053C402157E86,CTX_FLAG_COUNTING_NDS_HOOK_ZONE_FP_HOOKPHASE02ENGINE_A107C0C1_V1,CONTEXT,FLAG_COUNTING_NDS_HOOK_ZONE,BLOCKED_OWNER_APPROVAL,0,20,True,False,False,sha256:de169998f58c269d45cc6cfad7243075e57f4041832e55d3fed2ea75b11d80c1
CHARPACKET_A94EC9A25700605DC3796A185581E38D,CTX_FLAG_COUNTING_NDS_HOOK_ZONE_FP_HOOKPHASE02TYPES_2A17D67A_V1,CONTEXT,FLAG_COUNTING_NDS_HOOK_ZONE,BLOCKED_OWNER_APPROVAL,0,20,True,False,False,sha256:9c9f8992c161703d94cf1729cebc217527db4743eae71276a2fdb850e851983b
CHARPACKET_E58A472EC8B57EAF9AE19BED113ED20B,CTX_FLAG_COUNTING_NDS_HOOK_ZONE_FP_HOOKPHASE03ENGINE_4F4F9AA9_V1,CONTEXT,FLAG_COUNTING_NDS_HOOK_ZONE,BLOCKED_OWNER_APPROVAL,0,20,True,False,False,sha256:273ec78d4911c475908c033670d0b6805f67ceebd904a338c06b15ef58d0ab67
CHARPACKET_BD4506183AB2F42E6C7B043FDAAECCA0,CTX_FLAG_COUNTING_NDS_HOOK_ZONE_FP_HOOKPHASE03RULES_5CBD6A09_V1,CONTEXT,FLAG_COUNTING_NDS_HOOK_ZONE,BLOCKED_OWNER_APPROVAL,0,20,True,False,False,sha256:317acf366fa3c519613410d466a0f3b6ce69eeaf952aa7620cbdf5f341471262
CHARPACKET_6D56E7AF26E650D7B3BC08E20C8AB57F,CTX_FLAG_COUNTING_NDS_HOOK_ZONE_FP_HOOKPHASE03TYPES_4284B50E_V1,CONTEXT,FLAG_COUNTING_NDS_HOOK_ZONE,BLOCKED_OWNER_APPROVAL,0,20,True,False,False,sha256:15f198b778efd6895e3c418a67d270e5d2eef6ef2987f259adcb22c5ad434152
CHARPACKET_BFD864C19F898E100ECC053CCCC3D27E,CTX_FLAG_COUNTING_NDS_HOOK_ZONE_FP_HOOKPHASE04ENGINE_D69E1049_V1,CONTEXT,FLAG_COUNTING_NDS_HOOK_ZONE,BLOCKED_OWNER_APPROVAL,0,20,True,False,False,sha256:42383f66b02cc37dd9e8b123ef81228f5dbd16ff6f310147e3ad4451809154c3
CHARPACKET_054F6BBDB4AE5CA5DCF7B86CC911F52E,CTX_FLAG_COUNTING_NDS_HOOK_ZONE_FP_HOOKPHASE04RULES_4B66D200_V1,CONTEXT,FLAG_COUNTING_NDS_HOOK_ZONE,BLOCKED_OWNER_APPROVAL,0,20,True,False,False,sha256:f6f311daf9b675d256e9f5d262d3c96633dec4f2635e52eddc1a447dcfbf28fb
CHARPACKET_856458DA4D8EC6A3F4FF68A8DB16915A,CTX_FLAG_COUNTING_NDS_HOOK_ZONE_FP_HOOKPHASE04TYPES_A3861803_V1,CONTEXT,FLAG_COUNTING_NDS_HOOK_ZONE,BLOCKED_OWNER_APPROVAL,0,20,True,False,False,sha256:90fdf93d4995c3f4df6b1ff57f3a92a1ab0394df4848a5439e4a1ed0c6bb34bf
CHARPACKET_B8EB364169EDD5D305BAE92428C1EEA8,CTX_FLAG_COUNTING_NDS_HOOK_ZONE_FP_HOOKPHASE05ENGINE_19C1BC95_V1,CONTEXT,FLAG_COUNTING_NDS_HOOK_ZONE,BLOCKED_OWNER_APPROVAL,0,20,True,False,False,sha256:b50cc8c476b1ebb36f1717484de0dcebc77c9ac3c80daea28f724a6672ae77f0
CHARPACKET_71F16A6C9729B20B6B39B561738BECAD,CTX_FLAG_COUNTING_NDS_HOOK_ZONE_FP_HOOKPHASE05RULES_4A55F1DF_V1,CONTEXT,FLAG_COUNTING_NDS_HOOK_ZONE,BLOCKED_OWNER_APPROVAL,0,20,True,False,False,sha256:49e56b2a8515820e3c06060782dbdccd759823f47c10ceec5795fa656d834b94
CHARPACKET_0A4761F700F7554AF36C647D4924DFDF,CTX_FLAG_COUNTING_NDS_HOOK_ZONE_FP_HOOKPHASE05TYPES_4D5F45BF_V1,CONTEXT,FLAG_COUNTING_NDS_HOOK_ZONE,BLOCKED_OWNER_APPROVAL,0,20,True,False,False,sha256:e47f97fae2013fa21813b707eb6a42ab90b90c4df12d8b5882c90cc57c6140a3
CHARPACKET_1C938761B8A1E6BB97F40D88C1C6BC5C,CTX_FLAG_COUNTING_NDS_HOOK_ZONE_FP_HOOKPHASE06ENGINE_60671B23_V1,CONTEXT,FLAG_COUNTING_NDS_HOOK_ZONE,BLOCKED_OWNER_APPROVAL,0,20,True,False,False,sha256:025ccb422c8a479bf1ab59f43edb901aab8505caebfed209b0dd4c810d53856e
CHARPACKET_0B6A7247DB7DB2A457DD8E0594F065AF,CTX_FLAG_COUNTING_NDS_HOOK_ZONE_FP_HOOKPHASE06TYPES_F8303DB8_V1,CONTEXT,FLAG_COUNTING_NDS_HOOK_ZONE,BLOCKED_OWNER_APPROVAL,0,20,True,False,False,sha256:0489804859198ddf1da92ed59b46d68a9bb0c87b60db22b71c2b3110b541c95d
CHARPACKET_9D5F6D3D0752F9CC2D0EC17532A1E962,CTX_FLAG_COUNTING_NDS_HOOK_ZONE_FP_HOOKPHASE07ENGINE_AE628414_V1,CONTEXT,FLAG_COUNTING_NDS_HOOK_ZONE,BLOCKED_OWNER_APPROVAL,0,20,True,False,False,sha256:81e547ce741d761cb4923b8885150f900d2bfc095e00c396a903d69e3cdd7f0b
CHARPACKET_7E8AC8385C8DFA3692E69CBA78CD5E39,CTX_FLAG_COUNTING_NDS_HOOK_ZONE_FP_HOOKPHASE07RULES_F32B22D5_V1,CONTEXT,FLAG_COUNTING_NDS_HOOK_ZONE,BLOCKED_OWNER_APPROVAL,0,20,True,False,False,sha256:809fbd06dd6b358eb1ff552efb4705ee02db5859db844a1656dd80eabaf69a8d
CHARPACKET_C9A50299AF46F0FE3AA9941E1124546F,CTX_FLAG_COUNTING_NDS_HOOK_ZONE_FP_HOOKPHASE07TYPES_C6A8041C_V1,CONTEXT,FLAG_COUNTING_NDS_HOOK_ZONE,BLOCKED_OWNER_APPROVAL,0,20,True,False,False,sha256:d615614ec79e62874af22b1cabf38fd0295617ca586197142d1e17b3b358aead
CHARPACKET_978A8574010363D12F611C9B0527392B,CTX_FLAG_COUNTING_NDS_HOOK_ZONE_FP_HOOKPHASE08ENGINE_1BC69C87_V1,CONTEXT,FLAG_COUNTING_NDS_HOOK_ZONE,BLOCKED_OWNER_APPROVAL,0,20,True,False,False,sha256:502b82ef2f691935518178cdbe6894d2b961422ce7f7b9e1726ac59509f085c2
CHARPACKET_48C664F11CCE2C38E5EAA2F97151CF55,CTX_FLAG_COUNTING_NDS_HOOK_ZONE_FP_HOOKPHASE08TYPES_B7033F19_V1,CONTEXT,FLAG_COUNTING_NDS_HOOK_ZONE,BLOCKED_OWNER_APPROVAL,0,20,True,False,False,sha256:50305b6a03c5c6b397ea0c403f1c3005c0f600e63db2405afc8be74fc47c8fef
CHARPACKET_F609224F4D9A06EEEB96A42FBFA244E8,CTX_FLAG_COUNTING_NDS_HOOK_ZONE_FP_HOOKPHASE09ENGINE_70784B1F_V1,CONTEXT,FLAG_COUNTING_NDS_HOOK_ZONE,BLOCKED_OWNER_APPROVAL,0,20,True,False,False,sha256:26ab232837bcf9633ed4fee90805adc847d3ae15740f31238c0ce60d625146a4
CHARPACKET_F65A605317C451FF7D7EDEB268D1C68F,CTX_FLAG_COUNTING_NDS_HOOK_ZONE_FP_HOOKPHASE09TYPES_6AF406E6_V1,CONTEXT,FLAG_COUNTING_NDS_HOOK_ZONE,BLOCKED_OWNER_APPROVAL,0,20,True,False,False,sha256:90d133f1cff994d317d8996b5382ab4166054a0ff8ba13cae084abed5d4cabf8
CHARPACKET_B4F55DF0849A01F91C5E86E1FA5DC6E6,CTX_FLAG_COUNTING_NDS_HOOK_ZONE_FP_HOOKPHASE10ENGINE_260213EC_V1,CONTEXT,FLAG_COUNTING_NDS_HOOK_ZONE,BLOCKED_OWNER_APPROVAL,0,20,True,False,False,sha256:c01636d5dffb7fdcff056e80bc7d99fbd8a43c9b85b20875cf90ffe743807caf
CHARPACKET_9BE63AF91F37047B72B7E3A64F42F7D6,CTX_FLAG_COUNTING_NDS_HOOK_ZONE_FP_HOOKPHASE10TYPES_9FBDD94B_V1,CONTEXT,FLAG_COUNTING_NDS_HOOK_ZONE,BLOCKED_OWNER_APPROVAL,0,20,True,False,False,sha256:bae4113ae2421433ec2960c2ce0fef8ce6c388fc505a4e01fd7ec51be7b5c9d6
CHARPACKET_03637A82514FCEF06E94BE3293D885D7,CTX_FLAG_COUNTING_NDS_HOOK_ZONE_FP_IDENTITYAUDIT_FB6D71A5_V1,CONTEXT,FLAG_COUNTING_NDS_HOOK_ZONE,BLOCKED_OWNER_APPROVAL,0,20,True,False,False,sha256:9d61ce6ecbc4c25b876e3119404f707693e3eb1ae041c4ba755062eb6506369d
CHARPACKET_5326B82D667FDF396229EF2F3A08BCD8,CTX_FLAG_COUNTING_NDS_HOOK_ZONE_FP_IDENTITY_60C41F89_V1,CONTEXT,FLAG_COUNTING_NDS_HOOK_ZONE,BLOCKED_OWNER_APPROVAL,0,20,True,False,False,sha256:d5b0a0abb12753f4a6ccbdd337da93c1e77ec1af4620b81476ccc24cfad0f78c
CHARPACKET_3F4585FFFE42F956DC77A1DF2C52ACE1,CTX_FLAG_COUNTING_NDS_HOOK_ZONE_FP_INTERFACEAUDIT_722028D5_V1,CONTEXT,FLAG_COUNTING_NDS_HOOK_ZONE,BLOCKED_OWNER_APPROVAL,0,20,True,False,False,sha256:4440f550cce7b032533acc9075e77f59576c8e61eda9d61219cd1fbee38e57d3
CHARPACKET_1DCE9EAE1FA5161C43124923B5314481,CTX_FLAG_COUNTING_NDS_HOOK_ZONE_FP_INTERFACERULES_6C332479_V1,CONTEXT,FLAG_COUNTING_NDS_HOOK_ZONE,BLOCKED_OWNER_APPROVAL,0,20,True,False,False,sha256:40b4c123b156131bc1e6dd1004855136fab2bff825617c098cc945745c2f2e0f
CHARPACKET_796159B01A19229517B60D289F12E04B,CTX_FLAG_COUNTING_NDS_HOOK_ZONE_FP_INTERNALCOUNTAUDIT_A30589C5_V1,CONTEXT,FLAG_COUNTING_NDS_HOOK_ZONE,BLOCKED_OWNER_APPROVAL,0,20,True,False,False,sha256:804c110cfa8a546cc7ca952c14b4920f6948acd08719e63f332182a6465d062a
CHARPACKET_A5355D2D4B0E492B08A9ABBA06186D3A,CTX_FLAG_COUNTING_NDS_HOOK_ZONE_FP_INTERNALCOUNTENGINE_35FEA409_V1,CONTEXT,FLAG_COUNTING_NDS_HOOK_ZONE,BLOCKED_OWNER_APPROVAL,0,20,True,False,False,sha256:2ba0ee1d69b32d553b04fb1ed53167870ffbf8fdfc3d59ab903e92e63460f2dd
CHARPACKET_B5FECAC0983792786AD9917506BCA72D,CTX_FLAG_COUNTING_NDS_HOOK_ZONE_FP_INTERNALCOUNTRULES_CB659730_V1,CONTEXT,FLAG_COUNTING_NDS_HOOK_ZONE,BLOCKED_OWNER_APPROVAL,0,20,True,False,False,sha256:710b537f88eb31c8617bfc3470b619daafd7f3c6978cef34ff11f87ec5f33dfe
CHARPACKET_2A55C57DAE4A1BC8A22F1D0090E9980D,CTX_FLAG_COUNTING_NDS_HOOK_ZONE_FP_LICENSEAUDIT_913DE19F_V1,CONTEXT,FLAG_COUNTING_NDS_HOOK_ZONE,BLOCKED_OWNER_APPROVAL,0,20,True,False,False,sha256:d4d28a691e8f282a58d4d03f08cc86b0f1772db18a382086d5dda659b8800c33
CHARPACKET_257DEE7B51C221F077440DBFA38791DB,CTX_FLAG_COUNTING_NDS_HOOK_ZONE_FP_LICENSECRYPTO_51982893_V1,CONTEXT,FLAG_COUNTING_NDS_HOOK_ZONE,BLOCKED_OWNER_APPROVAL,0,20,True,False,False,sha256:cb37486aa188bbe4fd49a7cf87e7894f87279cf6355f3bc4b4a4c1664fb49740
CHARPACKET_563C61043822382CC6855A45A8817BC7,CTX_FLAG_COUNTING_NDS_HOOK_ZONE_FP_LICENSETYPES_2141B7D2_V1,CONTEXT,FLAG_COUNTING_NDS_HOOK_ZONE,BLOCKED_OWNER_APPROVAL,0,20,True,False,False,sha256:42abf2a0f86e377f523b6ee81c03fa263d7df31c5fddf86c82e474036c492923
CHARPACKET_9A330D0332BE8017FB46A3CBCB8C66CF,CTX_FLAG_COUNTING_NDS_HOOK_ZONE_FP_NDSF2FASTDETECTOR_63F9FAD9_V1,CONTEXT,FLAG_COUNTING_NDS_HOOK_ZONE,BLOCKED_OWNER_APPROVAL,0,20,True,False,False,sha256:59b4e7e0d340b00d92d1789f2580b97f62f9147ecd2948bbe907468bfc9de533
CHARPACKET_A219C437F8646BD8C994B98D367AE54C,CTX_FLAG_COUNTING_NDS_HOOK_ZONE_FP_NDSF2WAISTBACKTESTTYPES_9FC62FD3_V1,CONTEXT,FLAG_COUNTING_NDS_HOOK_ZONE,BLOCKED_OWNER_APPROVAL,0,20,True,False,False,sha256:57b7ef6da93062af2d746b66b22b4036e1951ef88b824b6fa7afeb95e09a53be
CHARPACKET_9D1B7D0208B89B8698A5F9BF92CFC5DD,CTX_FLAG_COUNTING_NDS_HOOK_ZONE_FP_NDSF2WAISTTRADEENGINE_55DBE333_V1,CONTEXT,FLAG_COUNTING_NDS_HOOK_ZONE,BLOCKED_OWNER_APPROVAL,0,20,True,False,False,sha256:673dc6099d9c792182113dcfa7043198c830e99742469efcf33e7886d7cba0b5
CHARPACKET_D54E68A0BC9437A7041D2CF0B81D8770,CTX_FLAG_COUNTING_NDS_HOOK_ZONE_FP_NDSHOOK864CYCLER1EVIDENCEENGINE_1FB2474B_V1,CONTEXT,FLAG_COUNTING_NDS_HOOK_ZONE,BLOCKED_OWNER_APPROVAL,0,20,True,False,False,sha256:0a422fa3155994541f647a80293995adb09c6b91aaf088d03ca16c60383d3c80
CHARPACKET_B2D14AA17F6CCD3332019DAB11EBC80D,CTX_FLAG_COUNTING_NDS_HOOK_ZONE_FP_NDSHOOK864CYCLER1RULES_FBF91DDE_V1,CONTEXT,FLAG_COUNTING_NDS_HOOK_ZONE,BLOCKED_OWNER_APPROVAL,0,20,True,False,False,sha256:cd0da60d94c247952b5c043eba8df28328b95a6d427f0584f310e34f2a4dcca7
CHARPACKET_3D945B72172B281E6BDF6DB4C0C552E7,CTX_FLAG_COUNTING_NDS_HOOK_ZONE_FP_NDSHOOKTRADEENGINE_59407325_V1,CONTEXT,FLAG_COUNTING_NDS_HOOK_ZONE,BLOCKED_OWNER_APPROVAL,0,20,True,False,False,sha256:a3cb50cf2d66b5183775746b3bb8c9b86aa0b01657c823303ae22b6f894cb4ec
CHARPACKET_C6A077EC1B251051ED37BC8091BFD4D7,CTX_FLAG_COUNTING_NDS_HOOK_ZONE_FP_NDSHOOKTRADEEXECUTIONCORE_4F0424C5_V1,CONTEXT,FLAG_COUNTING_NDS_HOOK_ZONE,BLOCKED_OWNER_APPROVAL,0,20,True,False,False,sha256:d3e6d836facb1ab869cfaf7635dd1d521682d6c399b1cc63402e55d49524f953
CHARPACKET_E7FE104538558AF51468B8830693DD6C,CTX_FLAG_COUNTING_NDS_HOOK_ZONE_FP_NODEAUDIT_A08FB26F_V1,CONTEXT,FLAG_COUNTING_NDS_HOOK_ZONE,BLOCKED_OWNER_APPROVAL,0,20,True,False,False,sha256:5d4a10cb7e121a91e64f09f78aba47c965adb024a2f912c1f37c8718eb278174
CHARPACKET_F08F5E795A46A5B5863D971BF222F266,CTX_FLAG_COUNTING_NDS_HOOK_ZONE_FP_NODECLEARANCE_B19CA1AB_V1,CONTEXT,FLAG_COUNTING_NDS_HOOK_ZONE,BLOCKED_OWNER_APPROVAL,0,20,True,False,False,sha256:5f598dd9f3bd9bde21aa3ddb30506b8bc54b5ea4eaed27a8f9b68ff9831e02db
CHARPACKET_CC86B35F88DF6ECEA23A81373D60539E,CTX_FLAG_COUNTING_NDS_HOOK_ZONE_FP_NODEENGINE_BB846A32_V1,CONTEXT,FLAG_COUNTING_NDS_HOOK_ZONE,BLOCKED_OWNER_APPROVAL,0,20,True,False,False,sha256:047e25cbfe4c2addc7ef5ae28fce3ca6682d29a1de6c5064402c421c48cf247d
CHARPACKET_0BE8D31AA8874B019ADE58B01F46C834,CTX_FLAG_COUNTING_NDS_HOOK_ZONE_FP_NODEEXTRACTTYPES_847423CA_V1,CONTEXT,FLAG_COUNTING_NDS_HOOK_ZONE,BLOCKED_OWNER_APPROVAL,0,20,True,False,False,sha256:ccbca37b44df902d2cc984b2999e6582a76e0ec6688f59de5fe6710ad1a4c7ba
CHARPACKET_E6A728FADE6A3594D2D5E398D06FE75E,CTX_FLAG_COUNTING_NDS_HOOK_ZONE_FP_NODEPLATEAU_1F4054D3_V1,CONTEXT,FLAG_COUNTING_NDS_HOOK_ZONE,BLOCKED_OWNER_APPROVAL,0,20,True,False,False,sha256:471df2605bf7a07022da9eebe72cb0b3d0ddbec4278eabcba13b9fd75a882de1
CHARPACKET_DAE679F34818D6878408A36AA133AA35,CTX_FLAG_COUNTING_NDS_HOOK_ZONE_FP_NOSENDCONTEXTENGINE_2EDF107F_V1,CONTEXT,FLAG_COUNTING_NDS_HOOK_ZONE,BLOCKED_OWNER_APPROVAL,0,20,True,False,False,sha256:9ffe392b76b5870fbc2ec7a16aef5c5bd8d2a30fd61599d0c5ada83ab27829c2
CHARPACKET_129573459FD56A58258FD8A120E08437,CTX_FLAG_COUNTING_NDS_HOOK_ZONE_FP_OWNERSHIPAUDIT_50881373_V1,CONTEXT,FLAG_COUNTING_NDS_HOOK_ZONE,BLOCKED_OWNER_APPROVAL,0,20,True,False,False,sha256:4abae8dcfe9624fedcd78548313ca4eee6c8191707ed00a15e01121c6553aef6
CHARPACKET_891F527DF5623553F04E60A2B9F544DF,CTX_FLAG_COUNTING_NDS_HOOK_ZONE_FP_OWNERSHIPENGINE_AA1CBBE7_V1,CONTEXT,FLAG_COUNTING_NDS_HOOK_ZONE,BLOCKED_OWNER_APPROVAL,0,20,True,False,False,sha256:08a7966702e03acbd3e57bd2e9d8d72d6141a85b6e902b3af26c01297eae929d
CHARPACKET_1C9514213A20F7D544BA7B2AD4C1D1AA,CTX_FLAG_COUNTING_NDS_HOOK_ZONE_FP_OWNERSHIPRULES_8E16DC7D_V1,CONTEXT,FLAG_COUNTING_NDS_HOOK_ZONE,BLOCKED_OWNER_APPROVAL,0,20,True,False,False,sha256:48b85ec11c2d9372e0dc6ee700b2b634ec0889f3e4c11ee0a7d5664611017765
CHARPACKET_FB6A04593F8332E345DFE9268DB37559,CTX_FLAG_COUNTING_NDS_HOOK_ZONE_FP_OWNERSHIPTYPES_D196F96E_V1,CONTEXT,FLAG_COUNTING_NDS_HOOK_ZONE,BLOCKED_OWNER_APPROVAL,0,20,True,False,False,sha256:872271291a276dd79a3f07822414502fa5dc382bcb58d32f50438f1871ef458f
CHARPACKET_A9BCE2D04744E093A5FB1A721C92FA27,CTX_FLAG_COUNTING_NDS_HOOK_ZONE_FP_PAPERPERFORMANCERULES_334E6638_V1,CONTEXT,FLAG_COUNTING_NDS_HOOK_ZONE,BLOCKED_OWNER_APPROVAL,0,20,True,False,False,sha256:6c27322e3b52f2765844c07861d088de14b3f157b4ad4435492d426577c1aa41
CHARPACKET_87D3518757ED86902108EF649ED04F49,CTX_FLAG_COUNTING_NDS_HOOK_ZONE_FP_RELEASEAUDIT_85F8C30D_V1,CONTEXT,FLAG_COUNTING_NDS_HOOK_ZONE,BLOCKED_OWNER_APPROVAL,0,20,True,False,False,sha256:377a489e93762aca4fa17bba3d1c7ce9de69bf6444c6f035c6fd0695858a107c
CHARPACKET_AB03BEAF87CAFE48E3A87E4D167284F7,CTX_FLAG_COUNTING_NDS_HOOK_ZONE_FP_RELEASETYPES_B22F08B4_V1,CONTEXT,FLAG_COUNTING_NDS_HOOK_ZONE,BLOCKED_OWNER_APPROVAL,0,20,True,False,False,sha256:19b6b28a25fd615b4500b2ae56f64503fd62bd7956bfd6307ac9a9d6037e7272
CHARPACKET_8320E489519E3CD764D6408545813FF2,CTX_FLAG_COUNTING_NDS_HOOK_ZONE_FP_RENDERAUDIT_2BF1256D_V1,CONTEXT,FLAG_COUNTING_NDS_HOOK_ZONE,BLOCKED_OWNER_APPROVAL,0,20,True,False,False,sha256:80b4f076fb07a93ec4dc6b915e819484c9ec7e5e0e7f83a3256219f04f2acffa
CHARPACKET_D511C761FC9A2B32D54A0CFF749E28AF,CTX_FLAG_COUNTING_NDS_HOOK_ZONE_FP_RENDERRULES_D623D9BA_V1,CONTEXT,FLAG_COUNTING_NDS_HOOK_ZONE,BLOCKED_OWNER_APPROVAL,0,20,True,False,False,sha256:a422062d4d7733a865c8776240b50ae15ac35d33a603826941dfe51fc7350e37
CHARPACKET_1CF28727D198A37920E4AEE70AE1614C,CTX_FLAG_COUNTING_NDS_HOOK_ZONE_FP_RENDERTYPES_D0A512CA_V1,CONTEXT,FLAG_COUNTING_NDS_HOOK_ZONE,BLOCKED_OWNER_APPROVAL,0,20,True,False,False,sha256:38098d4c6c9331ab210191df3238807dc5a445cd5c6db3005620b3cef0be4343
CHARPACKET_2D25673EEBC8E2F02D0DDE31773EF2A0,CTX_FLAG_COUNTING_NDS_HOOK_ZONE_FP_SEQUENCEENGINE_FA5A8E5D_V1,CONTEXT,FLAG_COUNTING_NDS_HOOK_ZONE,BLOCKED_OWNER_APPROVAL,0,20,True,False,False,sha256:dec3eb50d5e0788902784b2beb1c5fd683d20372d1f83523bdf9c3903fe5fa68
CHARPACKET_FC0C0D2DA1637A45C8115D029F486B04,CTX_FLAG_COUNTING_NDS_HOOK_ZONE_FP_TYPES_13141332_V1,CONTEXT,FLAG_COUNTING_NDS_HOOK_ZONE,BLOCKED_OWNER_APPROVAL,0,20,True,False,False,sha256:d68233286f8685efe0b2a817edb23c370d3a4af2eb58180b111ebbc62de8db95
CHARPACKET_8480475A687D41DFE8B25B604675783C,CTX_FLAG_COUNTING_NDS_HOOK_ZONE_FP_VALIDATIONAUDIT_21A2D32D_V1,CONTEXT,FLAG_COUNTING_NDS_HOOK_ZONE,BLOCKED_OWNER_APPROVAL,0,20,True,False,False,sha256:37f7c484ec9cffca1373fce8bce56d940d5db32acb0977a01985a3ddc135ed3a
CHARPACKET_ADF79705116B7F8E9D1DB4C874C9B8EC,CTX_FLAG_COUNTING_NDS_HOOK_ZONE_FP_VALIDATIONRULES_942F829E_V1,CONTEXT,FLAG_COUNTING_NDS_HOOK_ZONE,BLOCKED_OWNER_APPROVAL,0,20,True,False,False,sha256:dc8adee71eb47380fab5ff1f2585091dea0aaefd9ed80bb9ca18ba5cf8abd4cd
CHARPACKET_7CD168C3E3C20136593935BB8A9ED774,CTX_FLAG_COUNTING_NDS_HOOK_ZONE_FP_VALIDATIONTYPES_EEB0E6F8_V1,CONTEXT,FLAG_COUNTING_NDS_HOOK_ZONE,BLOCKED_OWNER_APPROVAL,0,20,True,False,False,sha256:566accc4c7694a37accb36bfb4a28b04949778ee6cb6f46babb3bc7d17e9fcd5
CHARPACKET_DD6D3EEA3F4F3FB8CB4FB1E0A35EC67D,CTX_M_SERIES_CONTEXTS_DAL_M0001AUDITSTATE_466E915C_V1,CONTEXT,M_SERIES_CONTEXTS,BLOCKED_OWNER_APPROVAL,0,20,True,False,False,sha256:16ab69909ae8e146f8cda58c4714a23f34721b3461c988dd51553c4e7134b127
CHARPACKET_82EA47B35DBD3E9AAB9D36A508254FB1,CTX_EXP0017_CYCLE_GROUP_CGD_ENGINE_281006BE_V1,CONTEXT,EXP0017_CYCLE_GROUP,BLOCKED_OWNER_APPROVAL,15,23,True,False,False,sha256:cf0b76a5cba19716391311a3a9cf9cc567dee796f313de41b3b70a00b1433d00
CHARPACKET_1F161F3FF5C4A578138079F7968B3F12,CTX_EXP0017_CYCLE_GROUP_CGH_ENGINE_5C19C24B_V1,CONTEXT,EXP0017_CYCLE_GROUP,BLOCKED_OWNER_APPROVAL,15,23,True,False,False,sha256:c7ce41500c95ec75d8c87ae7b0f163e15fd10b36106b36c494123ad158377db9
CHARPACKET_48E19075AE7C201F190DCA566EFFE8F2,CTX_EXP0017_CYCLE_GROUP_CGO_ENGINE_992F91C2_V1,CONTEXT,EXP0017_CYCLE_GROUP,BLOCKED_OWNER_APPROVAL,15,23,True,False,False,sha256:9b2c65d686a9f446162310825c2055fff2349219b8b004ba2c55f14729b5e6cf
CHARPACKET_6112F81EA2F224D5B22F0ED149CA2114,CTX_EXP0017_CYCLE_GROUP_CGRK_ENGINE_866F4D3B_V1,CONTEXT,EXP0017_CYCLE_GROUP,BLOCKED_OWNER_APPROVAL,15,23,True,False,False,sha256:b011344c9e1f1bdf6bc4f700538ff5b8611c656e98a24fd056383ee4fd026db1
CHARPACKET_6F43BC6BAC1B729F6390DEC883ADFE7F,CTX_EXP0017_CYCLE_GROUP_CGR_ENGINE_DB8B0440_V1,CONTEXT,EXP0017_CYCLE_GROUP,BLOCKED_OWNER_APPROVAL,15,23,True,False,False,sha256:7fbd89a5c66216ee32cc43f486a3a9d7140c33347e6191025395515cd236aa9e
CHARPACKET_79C4EE43CE6F3404EEF3697A451DD828,CTX_EXP0017_CYCLE_GROUP_CGS_ENGINE_E147FE42_V1,CONTEXT,EXP0017_CYCLE_GROUP,BLOCKED_OWNER_APPROVAL,15,23,True,False,False,sha256:d48595aa6f10fb28ada3c3590c1002a0e29e0cc819e8f9a3e3475b8d2745138e
CHARPACKET_089B3E2510FE5AE2842955B1651600F2,CTX_EXP0017_CYCLE_GROUP_CGT_ENGINE_612B3A80_V1,CONTEXT,EXP0017_CYCLE_GROUP,BLOCKED_OWNER_APPROVAL,15,23,True,False,False,sha256:f44de0ccb0fc899b6df54f0fe70f08861e095e613fb4bc6617166b873b97d381
CHARPACKET_00B793522BB90A465342D59DA6D9A586,CTX_EXP0017_CYCLE_GROUP_CGX_TRADEENTITLEMENT_CB42CB08_V1,CONTEXT,EXP0017_CYCLE_GROUP,BLOCKED_OWNER_APPROVAL,15,23,True,False,False,sha256:af494ea356037905544cde7711d5ff688136463774dcfa6c7257a2cd4c4112a5
CHARPACKET_AF812C491D8537F113741819C309E25B,CTX_EXP0017_CYCLE_GROUP_CGX_TRADEPLANNER_80530882_V1,CONTEXT,EXP0017_CYCLE_GROUP,BLOCKED_OWNER_APPROVAL,15,23,True,False,False,sha256:666fcdcb322a3a5bc2172dc8e90bf87d6688da666f84401a805d3ed966d54a0f
CHARPACKET_BBD52171E0CA2DC27CEBEA75FF5C1544,CTX_EXP0017_CYCLE_GROUP_CGX_TYPES_192B5BA2_V1,CONTEXT,EXP0017_CYCLE_GROUP,BLOCKED_OWNER_APPROVAL,15,23,True,False,False,sha256:011692163d8cea76bf251197af31d8271cca1d8e8f3159d59ddb1ccc995e6cab
CHARPACKET_2FE5D241874903DC377950F8204D5B95,CTX_EXP0017_CYCLE_GROUP_EXP0017_CG_RAW_EXECUTION_BACKTEST_7A592D5A_V1,CONTEXT,EXP0017_CYCLE_GROUP,BLOCKED_OWNER_APPROVAL,15,23,True,False,False,sha256:c544d74a721a7ff30196bb3768603fbf51b262b04ca8f58a4d32a8005a7f51a7
CHARPACKET_D7E87DE041D12476DBF8E7D0C47DFC19,CTX_EXP0018_DAYE_TRADER_DAYE_LIFECYCLESELFTEST_1E164D40_V1,CONTEXT,EXP0018_DAYE_TRADER,BLOCKED_OWNER_APPROVAL,15,23,True,False,False,sha256:44d668e898f0f736cdbbc9cece6841b1ffa067d36560e53eae26427bee0edac1
CHARPACKET_B1577C9ABF0354B36E232F4DC8125313,CTX_EXP0018_DAYE_TRADER_DAYE_LIFECYCLESTATEMACHINE_F38273B5_V1,CONTEXT,EXP0018_DAYE_TRADER,BLOCKED_OWNER_APPROVAL,15,23,True,False,False,sha256:033907bffa86015722947bb9ce499c0923682d51d87ebd4e8e46acc9a942a376
CHARPACKET_750D911D51D41AC57FA412031BACFC42,CTX_EXP0018_DAYE_TRADER_DAYE_SESSIONBOXSELFTEST_14B01487_V1,CONTEXT,EXP0018_DAYE_TRADER,BLOCKED_OWNER_APPROVAL,15,23,True,False,False,sha256:c52a0cba5f8612b865115ad28daed20b64c7078d7e27eab7f4f71b8b63e144be
CHARPACKET_25BCF12570F9E6B386531E08EB85F387,CTX_FLAG_COUNTING_NDS_HOOK_ZONE_FP_ACCEPTANCETYPES_482E558C_V1,CONTEXT,FLAG_COUNTING_NDS_HOOK_ZONE,BLOCKED_OWNER_APPROVAL,15,23,True,False,False,sha256:77551955000497a5fd6b7065071d42a27e44c066bf0bac2d95a877fbfcc41459
CHARPACKET_BA4988CDE1212B3305202A7658FB03DE,CTX_FLAG_COUNTING_NDS_HOOK_ZONE_FP_AMBIGUITYTYPES_B3D9FFC3_V1,CONTEXT,FLAG_COUNTING_NDS_HOOK_ZONE,BLOCKED_OWNER_APPROVAL,15,23,True,False,False,sha256:bc95bc450f64bd3e4079b18b464a7104432ef1b302264e399557c51caab98ada
CHARPACKET_934D480E2AAC8F835EF761A50ABE2F37,CTX_FLAG_COUNTING_NDS_HOOK_ZONE_FP_HOOKPHASE10RULES_135B2B56_V1,CONTEXT,FLAG_COUNTING_NDS_HOOK_ZONE,BLOCKED_OWNER_APPROVAL,15,23,True,False,False,sha256:d5db6d4edca3caadfb74cc93fd51e7f622626aa75718ca30f776172f997a6d05
CHARPACKET_D27D062BE9D10C3DA001F1EDEC880499,CTX_FLAG_COUNTING_NDS_HOOK_ZONE_FP_INTERFACETYPES_2BF59584_V1,CONTEXT,FLAG_COUNTING_NDS_HOOK_ZONE,BLOCKED_OWNER_APPROVAL,15,23,True,False,False,sha256:b3df1033619f7bf211b6e2da442ad75a8e215c7734e2f05e51d4a1e540916700
CHARPACKET_C69365DEF10291D587BE1E13511C544B,CTX_FLAG_COUNTING_NDS_HOOK_ZONE_FP_NDSF2WAISTTRADETYPES_7E9F3796_V1,CONTEXT,FLAG_COUNTING_NDS_HOOK_ZONE,BLOCKED_OWNER_APPROVAL,15,23,True,False,False,sha256:68d6e3e46131bf8470793961a6fb14102f4e738bf03d28f94b4d3810aff3ce54
CHARPACKET_9A0EC4C20224E428A44A9D12683703EF,CTX_FLAG_COUNTING_NDS_HOOK_ZONE_FP_PAPERINTENTTYPES_3A1FFB0A_V1,CONTEXT,FLAG_COUNTING_NDS_HOOK_ZONE,BLOCKED_OWNER_APPROVAL,15,23,True,False,False,sha256:992544c50a6074447a878ba89e74fb93ec0e314e2283ea7494021521e04482d7
CHARPACKET_BB405AE1FC6631E065CD285E56429FFD,CTX_FLAG_COUNTING_NDS_HOOK_ZONE_FP_PAPERLIFECYCLETYPES_0DA48132_V1,CONTEXT,FLAG_COUNTING_NDS_HOOK_ZONE,BLOCKED_OWNER_APPROVAL,15,23,True,False,False,sha256:a8634783fe328d49b8bd3505b3cd1ba35823948318ec71e7e7d571f370246c67
CHARPACKET_A05BD642D05B69AED20260D637CAD37A,CTX_FLAG_COUNTING_NDS_HOOK_ZONE_FP_RELEASERULES_BB0FCF42_V1,CONTEXT,FLAG_COUNTING_NDS_HOOK_ZONE,BLOCKED_OWNER_APPROVAL,15,23,True,False,False,sha256:8c3863acbb362ba68b2e09f229ebe7cc5013cec2e358cc1d89139f1bd021820c
CHARPACKET_18D3B8B23DEEE6E377AA38C31650BD81,CTX_FLAG_COUNTING_NDS_HOOK_ZONE_FP_SAFETYGATETYPES_FD7FC4F5_V1,CONTEXT,FLAG_COUNTING_NDS_HOOK_ZONE,BLOCKED_OWNER_APPROVAL,15,23,True,False,False,sha256:b98e6f76fc73df7661dbbd629aac2e09d257bc6fec1a2fc334f9717426002964
CHARPACKET_844B7FCDACB7F18C4EC540A157CDBECF,CTX_FLAG_COUNTING_NDS_HOOK_ZONE_FP_STATEGATETYPES_AC978921_V1,CONTEXT,FLAG_COUNTING_NDS_HOOK_ZONE,BLOCKED_OWNER_APPROVAL,15,23,True,False,False,sha256:85704dddd7017ab2782049819581dcdb0efdfeae9753952c5e3fd65c33a3f29f
CHARPACKET_FC6A77AD3FB41C9D337F6080FC8667F5,CTX_FLAG_COUNTING_NDS_HOOK_ZONE_FP_TIMEBASETYPES_CB84AF3C_V1,CONTEXT,FLAG_COUNTING_NDS_HOOK_ZONE,BLOCKED_OWNER_APPROVAL,15,23,True,False,False,sha256:c546868687c397ed2a1a2a881a4b6b452fd8c6a15a37caf23cfd3650a08e044a
CHARPACKET_C99A0027827C478EE54DFED24FD91A4C,CTX_EXP0015_INTERMARKET_TIME_DAL_IMDENGINE_EE4C4557_V1,CONTEXT,EXP0015_INTERMARKET_TIME,BLOCKED_OWNER_APPROVAL,20,25,True,False,False,sha256:2962d5ece0fc202d88a0668241c361fb17cdcfc76147f8ec9bb812aa81380665
CHARPACKET_263DF01CAC8286378768A52A33AE05D6,CTX_EXP0015_INTERMARKET_TIME_DAL_IMDLEVELS_6623D305_V1,CONTEXT,EXP0015_INTERMARKET_TIME,BLOCKED_OWNER_APPROVAL,20,25,True,False,False,sha256:6be6224a44084d1d44db12a6243c90ac903def1f15a72316c466b2fd2b134c77
CHARPACKET_31894AF51739E04C1A0A8EE31014D205,CTX_EXP0015_INTERMARKET_TIME_DAL_IMDTYPES_AB975835_V1,CONTEXT,EXP0015_INTERMARKET_TIME,BLOCKED_OWNER_APPROVAL,20,25,True,False,False,sha256:d21beccb160c4c9b04231861f9ff16db669b74086040548beff0f0de39083c2e
CHARPACKET_F91B72D7CB33D542F195599A75230554,CTX_EXP0017_CYCLE_GROUP_CGC_DISPLAY_13FC5853_V1,CONTEXT,EXP0017_CYCLE_GROUP,BLOCKED_OWNER_APPROVAL,20,25,True,False,False,sha256:0b85e78934802a8896713ac133d62d491a15bb0cf48bc9e2235393541d89205f
CHARPACKET_F2C722EB6DFFB96E645CA7690971CA30,CTX_EXP0017_CYCLE_GROUP_CGD_DISPLAY_98872046_V1,CONTEXT,EXP0017_CYCLE_GROUP,BLOCKED_OWNER_APPROVAL,20,25,True,False,False,sha256:8a57dea0203875ff5ebfaf1881dedf1d4fd19a5f08ca9a52f2401d6f49547143
CHARPACKET_EA2ACFD35D71C954A0340FB2D597D385,CTX_EXP0017_CYCLE_GROUP_CGH_DISPLAY_1C918126_V1,CONTEXT,EXP0017_CYCLE_GROUP,BLOCKED_OWNER_APPROVAL,20,25,True,False,False,sha256:ce115a180335f92e2ceea09171c431c2e70dccce9e4019b96961cc0883ee1dbb
CHARPACKET_9D5147373C18689465994AE419757E84,CTX_EXP0017_CYCLE_GROUP_CGM_FEATUREBUILDER_28571F32_V1,CONTEXT,EXP0017_CYCLE_GROUP,BLOCKED_OWNER_APPROVAL,20,25,True,False,False,sha256:4cadc32e593cb40cbefe0dc1df85aa3c00a4f6ec82adaf7d234644a5325e7c6b
CHARPACKET_78238699BC829D9CB7F9A830F10EE359,CTX_EXP0017_CYCLE_GROUP_CGM_TYPES_F4CD0268_V1,CONTEXT,EXP0017_CYCLE_GROUP,BLOCKED_OWNER_APPROVAL,20,25,True,False,False,sha256:2e03d0e6854c0b03c8d1a3b4076e1e7eee66dbb45629493ece931e55532a04c6
CHARPACKET_F9364C562C19AA93FE16B8BCCFA7A2B9,CTX_EXP0017_CYCLE_GROUP_CGR_DISPLAY_D0E19C54_V1,CONTEXT,EXP0017_CYCLE_GROUP,BLOCKED_OWNER_APPROVAL,20,25,True,False,False,sha256:98563c8fdd3b3ce0d73048744d1c8fb9a2a5f7d7a8688963d3904d839e6422cb
CHARPACKET_DE629E96532EDBA998235BB504651DE0,CTX_EXP0017_CYCLE_GROUP_CGT_DISPLAY_C6A3D0A6_V1,CONTEXT,EXP0017_CYCLE_GROUP,BLOCKED_OWNER_APPROVAL,20,25,True,False,False,sha256:079d17a01d4910b6de7d479956488ac68ce3097d3a611ac034aaa790d32502dd
CHARPACKET_B1FA064253CCE8D879DD2DFCC69973BF,CTX_EXP0017_CYCLE_GROUP_CGT_TIME_2ADAB0C1_V1,CONTEXT,EXP0017_CYCLE_GROUP,BLOCKED_OWNER_APPROVAL,20,25,True,False,False,sha256:13125bdd562d5911f5dc5ec6c9c08790bfabe2423e8a74ba5a8074669f6c5262
CHARPACKET_B77C7C6499F6FD8F4A2B1043F6508369,CTX_EXP0017_CYCLE_GROUP_CGT_TYPES_C69A0553_V1,CONTEXT,EXP0017_CYCLE_GROUP,BLOCKED_OWNER_APPROVAL,20,25,True,False,False,sha256:a07e55c01ed748e2546748367114bb56978cb7f511dcddfb4f1a6c17432a61df
CHARPACKET_097904DF207F07FBB6051479FD939548,CTX_EXP0017_CYCLE_GROUP_CGV_DISPLAY_EBD004F0_V1,CONTEXT,EXP0017_CYCLE_GROUP,BLOCKED_OWNER_APPROVAL,20,25,True,False,False,sha256:68a5f13c9d8ba64e253c47bea924c07bf69011446bee5d3561a20ac7849eb1ff
CHARPACKET_B3D49BA3DCC5A4B003D4EDF3E16E0729,CTX_EXP0017_CYCLE_GROUP_CGWF_BASELINEMODEL_3D972C0D_V1,CONTEXT,EXP0017_CYCLE_GROUP,BLOCKED_OWNER_APPROVAL,20,25,True,False,False,sha256:52c98ba2b42014e16d916a65f07dc5a030c3ea72b9047136365b37a5377a0c61
CHARPACKET_B0D908A1E876FAA186C5699E687B5FBC,CTX_EXP0017_CYCLE_GROUP_CGWF_SPLITTER_B43F4394_V1,CONTEXT,EXP0017_CYCLE_GROUP,BLOCKED_OWNER_APPROVAL,20,25,True,False,False,sha256:9bb617f1d8bfe7637714b13c22d394912425dbdcdc72bf00b34d529e51715739
CHARPACKET_8DEE5A46C1D60C2380D91B0EBBFB706C,CTX_EXP0017_CYCLE_GROUP_CGWF_TYPES_19A7B8A1_V1,CONTEXT,EXP0017_CYCLE_GROUP,BLOCKED_OWNER_APPROVAL,20,25,True,False,False,sha256:a33c83219c55778bdccc1ee8769e5fb6e1400445ef7023bb180ad24c07152192
CHARPACKET_79EAE9BB5EBFA5399E3EDBFBC1376530,CTX_EXP0019_FAERIE_PROTOCOL_FP_I03_SESSIONCALENDAR_08F0FC63_V1,CONTEXT,EXP0019_FAERIE_PROTOCOL,BLOCKED_OWNER_APPROVAL,20,25,True,False,False,sha256:6948db88960819b3713ca7f9310db528517ab445f03cbd46e3930fdaa0dddc7e
CHARPACKET_ED745592D5C1230F66C586F1988BBE2B,CTX_FLAG_COUNTING_NDS_HOOK_ZONE_FP_FLAGBODYAUDIT_18A82070_V1,CONTEXT,FLAG_COUNTING_NDS_HOOK_ZONE,BLOCKED_OWNER_APPROVAL,20,25,True,False,False,sha256:00e2b687db8996ee9d47597cf9f3ae522a40e7a61698829264677f9811dfca6e
CHARPACKET_FBB57C76469DEDF400C743865B27A019,CTX_FLAG_COUNTING_NDS_HOOK_ZONE_FP_HOOKPHASE02RULES_C1B121E9_V1,CONTEXT,FLAG_COUNTING_NDS_HOOK_ZONE,BLOCKED_OWNER_APPROVAL,20,25,True,False,False,sha256:b82f187becffa817ebce1bf3380475e834440d7d6223ea608897a12efe2dfdfb
CHARPACKET_4B5C155DE174B588DE77EE21BF249C74,CTX_FLAG_COUNTING_NDS_HOOK_ZONE_FP_HOOKPHASE08RULES_44EE95E7_V1,CONTEXT,FLAG_COUNTING_NDS_HOOK_ZONE,BLOCKED_OWNER_APPROVAL,20,25,True,False,False,sha256:21e5daba666aeb925202d0b4ea90021b4f471ebb94546b2a96b3753397d65d51
CHARPACKET_AB96795DE6EDE5BB8D9D346DC0BF10D6,CTX_FLAG_COUNTING_NDS_HOOK_ZONE_FP_HOOKPHASE09RULES_8A0CD11A_V1,CONTEXT,FLAG_COUNTING_NDS_HOOK_ZONE,BLOCKED_OWNER_APPROVAL,20,25,True,False,False,sha256:c138bf84af8de4b71d34b99f82d92446ef67bf12df83f16989013e0d975f4d61
CHARPACKET_52AC5A9ED312BE93D3939D09AD1160DF,CTX_FLAG_COUNTING_NDS_HOOK_ZONE_FP_NODECANONICALIZER_5597B0D8_V1,CONTEXT,FLAG_COUNTING_NDS_HOOK_ZONE,BLOCKED_OWNER_APPROVAL,20,25,True,False,False,sha256:7d25cfc4b5c59e1c57d357572897a79acca9377d8fde35dfe1ca210bb0570d78
CHARPACKET_64547400FD302D53B484312817A527BA,CTX_FLAG_COUNTING_NDS_HOOK_ZONE_FP_NODESCALELIST_9A9368B4_V1,CONTEXT,FLAG_COUNTING_NDS_HOOK_ZONE,BLOCKED_OWNER_APPROVAL,20,25,True,False,False,sha256:b414802545e4e0b73a0f18779b9112c3958dbefc2939020bfa1e74fdd15a45d6
CHARPACKET_C9AC541FBEB87C6B487CFB1569A8B43F,CTX_FLAG_COUNTING_NDS_HOOK_ZONE_FP_SERIESCONTRACT_B47FECA9_V1,CONTEXT,FLAG_COUNTING_NDS_HOOK_ZONE,BLOCKED_OWNER_APPROVAL,20,25,True,False,False,sha256:2c77a0fcb83ecc3ac4009417657213d32d0902118788c3923d5ddf1880a9ad36
CHARPACKET_738260B533B563E193C12418DDB4C684,CTX_FLAG_COUNTING_NDS_HOOK_ZONE_NDSHOOK864CYCLER1CONTRACTSELFTEST_4C03B359_V1,CONTEXT,FLAG_COUNTING_NDS_HOOK_ZONE,BLOCKED_OWNER_APPROVAL,20,25,True,False,False,sha256:0790b9cc06c283e37e2c88d25c96814dfdf77dd692abdc21f92f674485e6cc46
CHARPACKET_1E6FA3D3235398FA83C62361C5AE1154,STP_ASTRO_RESEARCH_EXECUTION_DAL_ASTROPUREASTROLOGYSIGNALS_98A5C4FA_V1,SETUP,ASTRO_RESEARCH_EXECUTION,BLOCKED_OWNER_APPROVAL,0,25,True,False,False,sha256:fe5f00cadaa866bf5f810668bda86ec1f88f7842f55058ce39584fc18b800adb
CHARPACKET_DC4408C0B99330AF2AFD8568A6C1C390,STP_EXP0017_CYCLE_GROUP_CGX_SIGNALREGISTRY_58362E29_V1,SETUP,EXP0017_CYCLE_GROUP,BLOCKED_OWNER_APPROVAL,0,25,True,False,False,sha256:a5d0f91d831bf745cecc3991fc3a6f45d7a8f2f92ae73e859c28082615c42d76
CHARPACKET_0F596595F7831DACEED6B25F6166389D,STP_EXP0018_DAYE_TRADER_DAYE_CONFIRMATIONEVENTS_D15CF629_V1,SETUP,EXP0018_DAYE_TRADER,BLOCKED_OWNER_APPROVAL,0,25,True,False,False,sha256:8e74a7b01e7d2d43249d49216d556bfa42a9f71d7081d3776889a23a05aaa090
CHARPACKET_F3513D0D4F2EA14AF37CAA01FE7629A1,STP_EXP0018_DAYE_TRADER_DAYE_CONFIRMATIONSELFTEST_F98BC4B5_V1,SETUP,EXP0018_DAYE_TRADER,BLOCKED_OWNER_APPROVAL,0,25,True,False,False,sha256:785b3dca7b074be2497501df2f056d655decea2bddaf06f89b1e2cfe478767cd
CHARPACKET_E8E6356AC0FA47D95B90799D69455B0F,STP_EXP0018_DAYE_TRADER_DAYE_CONFIRMATIONSTORE_7FE0BBEE_V1,SETUP,EXP0018_DAYE_TRADER,BLOCKED_OWNER_APPROVAL,0,25,True,False,False,sha256:8ed79198e83727747e5ff0431c9948f229f49947bbba923846e33aebbe1bf684
CHARPACKET_D46D43BCEF0C3D34534F77E6598035A6,STP_EXP0019_FAERIE_PROTOCOL_CANONICAL_A96B9B03_V1,SETUP,EXP0019_FAERIE_PROTOCOL,BLOCKED_OWNER_APPROVAL,0,25,True,False,False,sha256:704c8a42c30b87632b40f64cec236ba134cdabd5e327e0ac261db47c8e5715bf
CHARPACKET_2375055AA8F55598C28084F4C0F980F3,STP_EXP0019_FAERIE_PROTOCOL_CHECKPOINT_8950DDA0_V1,SETUP,EXP0019_FAERIE_PROTOCOL,BLOCKED_OWNER_APPROVAL,0,25,True,False,False,sha256:a896054c7929838da9fc5c821ac3cfe77830fb791dc2ce95177d619b7b3bcb9d
CHARPACKET_77DC5B360A2A35E30487F1BF65F74FC1,STP_EXP0019_FAERIE_PROTOCOL_CLI_19E24850_V1,SETUP,EXP0019_FAERIE_PROTOCOL,BLOCKED_OWNER_APPROVAL,0,25,True,False,False,sha256:8b0c6dc2c9158abc020d61d45ba65ea73789dbe522ea8f8f66eb5bee0df4e5b3
CHARPACKET_D846A4B028F4A80B1FC8AA4E6FCC42A0,STP_EXP0019_FAERIE_PROTOCOL_CONFIRMATION_C0E2F42C_V1,SETUP,EXP0019_FAERIE_PROTOCOL,BLOCKED_OWNER_APPROVAL,0,25,True,False,False,sha256:9a32de2eb47f9d426632fbad7046c594c8ca8814682196d23c24cc4ef30d35f1
CHARPACKET_16760E76AC7835F6922C627512CEA92D,STP_EXP0019_FAERIE_PROTOCOL_CONFORMANCE_09F6EC18_V1,SETUP,EXP0019_FAERIE_PROTOCOL,BLOCKED_OWNER_APPROVAL,0,25,True,False,False,sha256:a3d05f793965059befaceaa04afcb0bc0571007b9eb4dcb5ef3afd1c8c74c5de
CHARPACKET_4BEA399B14C71F80FA668524CFF3A76D,STP_EXP0019_FAERIE_PROTOCOL_CONSTANTS_8FD39BAF_V1,SETUP,EXP0019_FAERIE_PROTOCOL,BLOCKED_OWNER_APPROVAL,0,25,True,False,False,sha256:b817681549576e5829326789c9518f54fb4ad90f37a410f28b6421e4ff531a13
CHARPACKET_D6819013DB6600ABD3A8C753C87F275A,STP_EXP0019_FAERIE_PROTOCOL_ELIGIBILITY_2F9EFD04_V1,SETUP,EXP0019_FAERIE_PROTOCOL,BLOCKED_OWNER_APPROVAL,0,25,True,False,False,sha256:53fba09b7cc93206ed741dde28eb73edd662ef7a4c0f7385a0e65d2cf32befe3
CHARPACKET_0C78D038D350FAC920A15242D1728921,STP_EXP0019_FAERIE_PROTOCOL_ENUMS_774B99BA_V1,SETUP,EXP0019_FAERIE_PROTOCOL,BLOCKED_OWNER_APPROVAL,0,25,True,False,False,sha256:542206147d439776c5feb65215a543a12c59ba83d98d4ceff402967b20463b14
CHARPACKET_0335B8C5D68AF4632F6396241498E421,STP_EXP0019_FAERIE_PROTOCOL_ERRORS_B798F3A9_V1,SETUP,EXP0019_FAERIE_PROTOCOL,BLOCKED_OWNER_APPROVAL,0,25,True,False,False,sha256:25bc2df18f3a2e3a17be33493e22686f514847c2cf6e324c026be50516a9aed3
CHARPACKET_07D20B6D08E47B183957144540E17197,STP_EXP0019_FAERIE_PROTOCOL_EXP0019_FP_I07_CONFIRMATIONSELFTEST_842ED0F7_V1,SETUP,EXP0019_FAERIE_PROTOCOL,BLOCKED_OWNER_APPROVAL,0,25,True,False,False,sha256:38d5ec067bf4d4b3162fea5e44f921491f12288332ea25339ff3e532e426e2c5
CHARPACKET_BAE9E99318394133A6603AF8B2769CE1,STP_EXP0019_FAERIE_PROTOCOL_FP_I07_CONFIRMATIONPREDICATE_69ADFDA1_V1,SETUP,EXP0019_FAERIE_PROTOCOL,BLOCKED_OWNER_APPROVAL,0,25,True,False,False,sha256:b7ef7ed8629781e129684d95f28c33fea15a84797239adff1819d97af30b67aa
CHARPACKET_B9F22C0958F1E2F3BC4DED5F504F30B1,STP_EXP0019_FAERIE_PROTOCOL_FP_I07_CONFIRMATIONSTORE_8E0B14AD_V1,SETUP,EXP0019_FAERIE_PROTOCOL,BLOCKED_OWNER_APPROVAL,0,25,True,False,False,sha256:78ebfd0d13f736621f625f24605aa52d761dee6aa8c1c59f45838cd7b9649618
CHARPACKET_272C47F892A2E107D9074CA75CF86E1F,STP_EXP0019_FAERIE_PROTOCOL_FP_I08_WWCONFIRMATION_AFAD14AD_V1,SETUP,EXP0019_FAERIE_PROTOCOL,BLOCKED_OWNER_APPROVAL,0,25,True,False,False,sha256:e842ff5afd04531a40df01d82ef6ff3d1c70a4261d7f1243a6e353c6632ad65f
CHARPACKET_C62D922A9CA14F5C392FF5C4EC91564F,STP_EXP0019_FAERIE_PROTOCOL_LIFECYCLE_C41D2AEA_V1,SETUP,EXP0019_FAERIE_PROTOCOL,BLOCKED_OWNER_APPROVAL,0,25,True,False,False,sha256:c58f29788ea41ad0331f4b5f000ca578bb12b740921e9a15a3875f21a0a9fbb1
CHARPACKET_F86CFD6B78A492248FAA81F4C56AC811,STP_EXP0019_FAERIE_PROTOCOL_OBSERVATION_6A2CDBCE_V1,SETUP,EXP0019_FAERIE_PROTOCOL,BLOCKED_OWNER_APPROVAL,0,25,True,False,False,sha256:e3ead541418541a6df9f21d1f3005482f2ae2d245b44a0eec1c317e4599f600a
CHARPACKET_E273E96FDA6131453DB7FD516667B891,STP_EXP0019_FAERIE_PROTOCOL_REVISION_46D096C7_V1,SETUP,EXP0019_FAERIE_PROTOCOL,BLOCKED_OWNER_APPROVAL,0,25,True,False,False,sha256:adcd51bc881715f29ed28d7362093ef04dbbd6d67cf5f8fdeb60f1b0a170678a
CHARPACKET_C73190D6A3D6C52827065DB1055169D6,STP_EXP0019_FAERIE_PROTOCOL_STORE_70E9E382_V1,SETUP,EXP0019_FAERIE_PROTOCOL,BLOCKED_OWNER_APPROVAL,0,25,True,False,False,sha256:99b7a031ffa2b5adf12fd55a7a81fd462ffc494b49a6cc59203ccc2f59b33bd9
CHARPACKET_3858E6145D09EFB3AB0F26EB069E3521,STP_FLAG_COUNTING_NDS_HOOK_ZONE_FP_NDSF2CANONICALPOINT2SETUPADAPTER_7147EC1B_V1,SETUP,FLAG_COUNTING_NDS_HOOK_ZONE,BLOCKED_OWNER_APPROVAL,0,25,True,False,False,sha256:986a4fe6fb6ccd180699d67c5ce2c7d9f075893dff71fe7a3ec71fab9b7274f6
CHARPACKET_6BBD9C25B560BCCF350084988B490E74,STP_LAB_OTHER_ACL13SETUPFAMILYCONTRACT_21971449_V1,SETUP,LAB_OTHER,BLOCKED_OWNER_APPROVAL,0,25,True,False,False,sha256:0b54cc84d11738ccda1c9645d1f8483c000d0f8aeb1fbc09b839661c0a1ea69b
CHARPACKET_BE7F888A1C7BD61E73599D9981B0D798,STP_LAB_OTHER_AUTHORITY_7C7C31AB_V1,SETUP,LAB_OTHER,BLOCKED_OWNER_APPROVAL,0,25,True,False,False,sha256:303f0246224f72ba3f389473a81cafa59b50c94f6f4354b66ed7fb807018328d
CHARPACKET_4788B75E6EA7918BF29C39A903348C16,STP_LAB_OTHER_CANONICAL_47B83967_V1,SETUP,LAB_OTHER,BLOCKED_OWNER_APPROVAL,0,25,True,False,False,sha256:5ad0491284b320e69ce57f43917adf2f815d0159873b09fc0c5547ae7e061313
CHARPACKET_A680A2B6B88C3C5F7DA7131580309191,STP_LAB_OTHER_CONTRACTS_0AF20C40_V1,SETUP,LAB_OTHER,BLOCKED_OWNER_APPROVAL,0,25,True,False,False,sha256:9f5cab5acebdab51eea83bb17122bbe43b6c66e4fe5962ee66bb13644428afd1
CHARPACKET_CABD57D97C6FA1C202D326DA9E4F59D7,STP_LAB_OTHER_DIFFERENTIABLE_4119B0CF_V1,SETUP,LAB_OTHER,BLOCKED_OWNER_APPROVAL,0,25,True,False,False,sha256:34123369938564e298cd22fd124555328b7b33dbae9b89eee7f67af401574586
CHARPACKET_DBAE9BDBA76E1EE8BCD81BF8AB30EA0C,STP_LAB_OTHER_ERRORS_12B45E0E_V1,SETUP,LAB_OTHER,BLOCKED_OWNER_APPROVAL,0,25,True,False,False,sha256:c56ba9f6f57240858e74b7f8df826572c2df9b612573e5ab906e7f835ad90fb1
CHARPACKET_19837F8072DCEB90B2ED91238B555940,STP_LAB_OTHER_FACTS_B3BE2EFA_V1,SETUP,LAB_OTHER,BLOCKED_OWNER_APPROVAL,0,25,True,False,False,sha256:384fd7e48a9cfdd346cfdd8f04367c99a56e203923a26eec3101aa6f9a7f5f55
CHARPACKET_193D382E10B33646538A991448D1972F,STP_LAB_OTHER_NUMERICS_2FD4F501_V1,SETUP,LAB_OTHER,BLOCKED_OWNER_APPROVAL,0,25,True,False,False,sha256:d9e3346a738e4325d09c00cdab6d8ece2b903b272b94e737e420e37b67459955
CHARPACKET_01D51256F9CE53B317DC70A396DA2A52,STP_LAB_OTHER_ONTOLOGY_DA7AA3E3_V1,SETUP,LAB_OTHER,BLOCKED_OWNER_APPROVAL,0,25,True,False,False,sha256:d812835e5125e9cfb5e68eaf1e4786e39ed5aa8e75f00695a2f4f84616eced00
CHARPACKET_9027D98D5647C7DCFF2F9EF7C744D8CD,STP_LAB_OTHER_PROOFS_D59C1A41_V1,SETUP,LAB_OTHER,BLOCKED_OWNER_APPROVAL,0,25,True,False,False,sha256:5e5c8b5a839d96e3658e11f34a64283d91916cbac474402bd4145a5590f94bc7
CHARPACKET_D548A8688F3BA14B49C0DE44AF37D9CC,STP_LAB_OTHER_REASONER_251DCEE1_V1,SETUP,LAB_OTHER,BLOCKED_OWNER_APPROVAL,0,25,True,False,False,sha256:53e9482c4012ccc701198f478e2ef731f8b1d7ba109ba650983cf6a184e0cb3f
CHARPACKET_1785724876069BC9A1FDDD95FB5F764C,STP_LAB_OTHER_RULES_EA2F9780_V1,SETUP,LAB_OTHER,BLOCKED_OWNER_APPROVAL,0,25,True,False,False,sha256:4529e3ebfcd1a5e82ef7068e9c05517450e880c1afeb1bd654a8f4136d4cdc29
CHARPACKET_40E092BAC18427A6A55AA124AB41152F,STP_LAB_OTHER_VERSION_560A6C13_V1,SETUP,LAB_OTHER,BLOCKED_OWNER_APPROVAL,0,25,True,False,False,sha256:1895f6edcaec399f8074ea7aa82b554912f925dedf5a6290e00100d4c1332efe
CHARPACKET_D609F2EB4A896485F08C56864D161A9C,CTX_EXP0019_FAERIE_PROTOCOL_FP_I06_HUNTADAPTER_55745888_V1,CONTEXT,EXP0019_FAERIE_PROTOCOL,BLOCKED_OWNER_APPROVAL,30,27,True,False,False,sha256:569b7dfd915554cd858e361193865ae9ff6b597e5ea0d03c3899bd30b4a63612
CHARPACKET_93D243AB6E0A66D9ECACC6781FCB949D,CTX_FLAG_COUNTING_NDS_HOOK_ZONE_FP_BROKERDRYRUNENGINE_10FC86C7_V1,CONTEXT,FLAG_COUNTING_NDS_HOOK_ZONE,BLOCKED_OWNER_APPROVAL,30,27,True,False,False,sha256:9ec30d22e0ac39b9e1382793a502448dc6f89f069fb9405ad704c31cb13dadf1
CHARPACKET_110DF94B68618AA75DBD64D596CFD54B,CTX_FLAG_COUNTING_NDS_HOOK_ZONE_FP_BROKERDRYRUNRULES_92C21B3A_V1,CONTEXT,FLAG_COUNTING_NDS_HOOK_ZONE,BLOCKED_OWNER_APPROVAL,30,27,True,False,False,sha256:3afda9d88fcaf0529215dc42aa5b08cde17642624cb38c8f043355cdcf86533c
CHARPACKET_58C3BEE45E8BDE418B20B414DBF60C34,CTX_FLAG_COUNTING_NDS_HOOK_ZONE_FP_BROKERREQUESTAUDITENGINE_37A5EE92_V1,CONTEXT,FLAG_COUNTING_NDS_HOOK_ZONE,BLOCKED_OWNER_APPROVAL,30,27,True,False,False,sha256:9964aadface6e624556ae3a952136410e174274bedcda0ab75a1dcb5839ffc2f
CHARPACKET_ED82E00BE76FBAE6137921E61E670C92,CTX_FLAG_COUNTING_NDS_HOOK_ZONE_FP_BROKERREQUESTAUDITRULES_82E2AFE4_V1,CONTEXT,FLAG_COUNTING_NDS_HOOK_ZONE,BLOCKED_OWNER_APPROVAL,30,27,True,False,False,sha256:8e737dbff90469cf81a91140bfc89840a4429669752f7aa3901597f62b666c1f
CHARPACKET_3E4B11499C5AE8FF9ADA707F1EBA5D2E,CTX_FLAG_COUNTING_NDS_HOOK_ZONE_FP_BROKERREQUESTLEDGERENGINE_EE339062_V1,CONTEXT,FLAG_COUNTING_NDS_HOOK_ZONE,BLOCKED_OWNER_APPROVAL,30,27,True,False,False,sha256:302de0ac67819034fcd2f1fe9d93b014f5546715fc2f46e110d1909c37b257f4
CHARPACKET_56DF80C421A8CEC7CA54C2F8883A1C33,CTX_FLAG_COUNTING_NDS_HOOK_ZONE_FP_BROKERREQUESTLEDGERRULES_92DB7324_V1,CONTEXT,FLAG_COUNTING_NDS_HOOK_ZONE,BLOCKED_OWNER_APPROVAL,30,27,True,False,False,sha256:e958254dbd0c46516ba0766e5de57c11fab8917fd7307f8bd3e2f2fbfe242f87
CHARPACKET_2C9B34A4EEBB5DEC5DCB9614F994F448,CTX_FLAG_COUNTING_NDS_HOOK_ZONE_FP_BROKERVALIDATORENGINE_7B453EDB_V1,CONTEXT,FLAG_COUNTING_NDS_HOOK_ZONE,BLOCKED_OWNER_APPROVAL,30,27,True,False,False,sha256:b5dc9d9a0e1b1643f6feec4d10d247527a04460c9c6002c127d083d2243b7f8b
CHARPACKET_04700ABCD2AE7B223D99FEC28785D09C,CTX_FLAG_COUNTING_NDS_HOOK_ZONE_FP_BROKERVALIDATORRULES_DA7724CC_V1,CONTEXT,FLAG_COUNTING_NDS_HOOK_ZONE,BLOCKED_OWNER_APPROVAL,30,27,True,False,False,sha256:938b3e125b0132a25d36c0de146fdb6fd5a76a9b84efcfbfc43f98d00f60c0ab
CHARPACKET_C87456AE073B3008174C09D6F6813059,CTX_FLAG_COUNTING_NDS_HOOK_ZONE_FP_EXPORTROWS_8C86C20D_V1,CONTEXT,FLAG_COUNTING_NDS_HOOK_ZONE,BLOCKED_OWNER_APPROVAL,30,27,True,False,False,sha256:a62c5e24b0780a1096edcae8c71ccf4d225276a71a69de428dd0607dfd939d38
CHARPACKET_D73870581B658F73939FCC91EE86883A,CTX_FLAG_COUNTING_NDS_HOOK_ZONE_FP_FINALCSVNORMALIZATIONRULES_FD4C2243_V1,CONTEXT,FLAG_COUNTING_NDS_HOOK_ZONE,BLOCKED_OWNER_APPROVAL,30,27,True,False,False,sha256:e1153c69d2b531d4b5d1676d5fa88d0ba8dcfacd77759db74c81ab6583f82ad1
CHARPACKET_BCFD6065721EBBDDAF084D65ABF7A2C4,CTX_FLAG_COUNTING_NDS_HOOK_ZONE_FP_FINALDECISIONSTATERULES_E896757F_V1,CONTEXT,FLAG_COUNTING_NDS_HOOK_ZONE,BLOCKED_OWNER_APPROVAL,30,27,True,False,False,sha256:4c982fba3fc448179fb2027d6162b04f67f3de17866c073941e86928c51f3d1e
CHARPACKET_B9E6E4C748CE20A94C39E77148D90499,CTX_FLAG_COUNTING_NDS_HOOK_ZONE_FP_HOOKPHASE06RULES_43DB1561_V1,CONTEXT,FLAG_COUNTING_NDS_HOOK_ZONE,BLOCKED_OWNER_APPROVAL,30,27,True,False,False,sha256:62c596bed4a6c5ad7fd379b34b8481fad229ae1010b088b52e96190f9eb9ec10
CHARPACKET_BFAAEADE5E02C9EE0BE17B4DC8C0DC7E,CTX_FLAG_COUNTING_NDS_HOOK_ZONE_FP_NDSBACKTESTENGINE_B7A6BB08_V1,CONTEXT,FLAG_COUNTING_NDS_HOOK_ZONE,BLOCKED_OWNER_APPROVAL,30,27,True,False,False,sha256:654d995da1933fce80675ccf9b36e92bdd27726db789bc25592f32a7b803e52b
CHARPACKET_E13F976F101A957CB98A27E5F8A1B1E9,CTX_FLAG_COUNTING_NDS_HOOK_ZONE_FP_NDSBACKTESTTYPES_BA580D7B_V1,CONTEXT,FLAG_COUNTING_NDS_HOOK_ZONE,BLOCKED_OWNER_APPROVAL,30,27,True,False,False,sha256:1247e047025279285ef4017e34d33edec41b9ef83ec97fa2d0440083d5edd71e
CHARPACKET_463A15656013762FAC4A0824215FA85D,CTX_FLAG_COUNTING_NDS_HOOK_ZONE_FP_NDSF2HIGHERTIMEFRAMEPHASEFILTER_A010F9F7_V1,CONTEXT,FLAG_COUNTING_NDS_HOOK_ZONE,BLOCKED_OWNER_APPROVAL,30,27,True,False,False,sha256:17931265dd15f76e838992672e99f1900e796c5f9b5357e4cc4da2130e6a5d48
CHARPACKET_58F6AA733E476C55FD62DEA0F9BD876A,CTX_FLAG_COUNTING_NDS_HOOK_ZONE_FP_NDSHOOK864CYCLER1EVIDENCE_D12EA315_V1,CONTEXT,FLAG_COUNTING_NDS_HOOK_ZONE,BLOCKED_OWNER_APPROVAL,30,27,True,False,False,sha256:ab64c25c51564340d7a8c2bd7f6c7b232be06ae883351e7cceed44c54ffda653
CHARPACKET_4A0BBAC40C90E1A89E35C5D223212DC3,CTX_FLAG_COUNTING_NDS_HOOK_ZONE_FP_NDSHOOKTRADETYPES_B524589F_V1,CONTEXT,FLAG_COUNTING_NDS_HOOK_ZONE,BLOCKED_OWNER_APPROVAL,30,27,True,False,False,sha256:3deea7ea9f0812a5deb57a9d5f0aa1395d9ddf6fbd1842e99c0949b651e3ee2e
CHARPACKET_008F69237580D999E16C9BB953D49BBA,CTX_FLAG_COUNTING_NDS_HOOK_ZONE_FP_NOSENDCONTEXTRULES_32237E91_V1,CONTEXT,FLAG_COUNTING_NDS_HOOK_ZONE,BLOCKED_OWNER_APPROVAL,30,27,True,False,False,sha256:d0f36e1ac8fa6a88294b3f57289e862a9d90e4b99f9a3df3bcfc864160e10456
CHARPACKET_9DE15BE6EB84791C1F5E38A16B6D06C5,CTX_FLAG_COUNTING_NDS_HOOK_ZONE_FP_PAPERBROKERADAPTERENGINE_1A8CE7BD_V1,CONTEXT,FLAG_COUNTING_NDS_HOOK_ZONE,BLOCKED_OWNER_APPROVAL,30,27,True,False,False,sha256:b84d11c890c4cd48f1b026b35d3a655a55fa045b0a689a6420ffb0e1eb000e92
CHARPACKET_A499B9D4771EF5A8230D36230CBD440A,CTX_FLAG_COUNTING_NDS_HOOK_ZONE_FP_PAPERBROKERADAPTERRULES_BF835F57_V1,CONTEXT,FLAG_COUNTING_NDS_HOOK_ZONE,BLOCKED_OWNER_APPROVAL,30,27,True,False,False,sha256:b74a30eecc0a9c858aaa3d751e690f79e5371b5104d944a999b68872dd0f4f00
CHARPACKET_F3025CA5A7C251ACC4977A255E2100CF,CTX_FLAG_COUNTING_NDS_HOOK_ZONE_FP_PAPERBROKERLIFECYCLEENGINE_BA645145_V1,CONTEXT,FLAG_COUNTING_NDS_HOOK_ZONE,BLOCKED_OWNER_APPROVAL,30,27,True,False,False,sha256:4d09a4b65173bb33cd436ee3e9e226d77c66b1614f9bbc9f0abdc329734d6946
CHARPACKET_2B801BE9FC434E025306601BF66BDD2E,CTX_FLAG_COUNTING_NDS_HOOK_ZONE_FP_PAPERBROKERLIFECYCLERULES_7B62E906_V1,CONTEXT,FLAG_COUNTING_NDS_HOOK_ZONE,BLOCKED_OWNER_APPROVAL,30,27,True,False,False,sha256:94a827662429216c915096c550e745d5040c9d7864ea3f9f40cb4b4543f097ba
CHARPACKET_76D12ADF12927B7575E8DBA7EA2F5977,CTX_FLAG_COUNTING_NDS_HOOK_ZONE_FP_PAPERINTENTRULES_E8312CFB_V1,CONTEXT,FLAG_COUNTING_NDS_HOOK_ZONE,BLOCKED_OWNER_APPROVAL,30,27,True,False,False,sha256:392672b251bec08193d36209414f99c52ad23fb8db190719881974f64dab9e11
CHARPACKET_36A27D1C3E774D73EA1EF60D7AD383E6,CTX_FLAG_COUNTING_NDS_HOOK_ZONE_FP_PAPERLIFECYCLERULES_B32D3587_V1,CONTEXT,FLAG_COUNTING_NDS_HOOK_ZONE,BLOCKED_OWNER_APPROVAL,30,27,True,False,False,sha256:fb06b4dacf12e3b4a143db56247415130af247aa559739908df20d31cf29e318
CHARPACKET_96FE8D73D41F5EBB243F4AF277D146FC,CTX_FLAG_COUNTING_NDS_HOOK_ZONE_FP_RUNTIMEHEALTHSUMMARYRULES_E2E4106A_V1,CONTEXT,FLAG_COUNTING_NDS_HOOK_ZONE,BLOCKED_OWNER_APPROVAL,30,27,True,False,False,sha256:fcb80b9ca48ef30c15104d24fc0865e2810755c299e9799949ad3b3e1cbe84a6
CHARPACKET_8CCB9C4E7AF1AB95004D6D44069DEC7D,CTX_FLAG_COUNTING_NDS_HOOK_ZONE_FP_SAFETYGATERULES_B468B054_V1,CONTEXT,FLAG_COUNTING_NDS_HOOK_ZONE,BLOCKED_OWNER_APPROVAL,30,27,True,False,False,sha256:25da78c160a06bf7d5e6a0775adde12d3a938c252c324fe6ad19e929402b128d
CHARPACKET_14D617A6F4618C63BE25FC27672C9114,CTX_FLAG_COUNTING_NDS_HOOK_ZONE_FP_STATEGATERULES_4DA70898_V1,CONTEXT,FLAG_COUNTING_NDS_HOOK_ZONE,BLOCKED_OWNER_APPROVAL,30,27,True,False,False,sha256:13da5512f2ff1784957b87b0d4265956acbd51cf91a4aa33e21a7bf8a906e3f9
CHARPACKET_21C847AC126D58FEDB0F957347608A88,CTX_FLAG_COUNTING_NDS_HOOK_ZONE_FP_STATICQAAUDIT_C12FB952_V1,CONTEXT,FLAG_COUNTING_NDS_HOOK_ZONE,BLOCKED_OWNER_APPROVAL,30,27,True,False,False,sha256:b0159bd85facc17cb88cdb9931e78130ceed1d2ff05db9303cf5088e6ca8b795
CHARPACKET_A7F5A2FC6D33370EEA91A38BD57B6264,CTX_FLAG_COUNTING_NDS_HOOK_ZONE_FP_STATICQARULES_37BFD5F7_V1,CONTEXT,FLAG_COUNTING_NDS_HOOK_ZONE,BLOCKED_OWNER_APPROVAL,30,27,True,False,False,sha256:990cb043be4aa41b5977ff00bb591d1e6bd0b6a225f017f69da079d6f538124a
CHARPACKET_80E860BEB569A9C9BC687519E4109898,CTX_FLAG_COUNTING_NDS_HOOK_ZONE_FP_STATICQATYPES_5985E046_V1,CONTEXT,FLAG_COUNTING_NDS_HOOK_ZONE,BLOCKED_OWNER_APPROVAL,30,27,True,False,False,sha256:0998a3c391ba2634c12b4f7b86967b73c5282d23d6163967f4359f021ff92b78
CHARPACKET_6BF1814F520BD7C41D5A232C2E0CE68C,CTX_EXP0015_INTERMARKET_TIME_DAL_IMDJOURNAL_264AAC22_V1,CONTEXT,EXP0015_INTERMARKET_TIME,BLOCKED_OWNER_APPROVAL,35,28,True,False,False,sha256:e9d5646f5a069fd3af9c19585452457ff90383bf3ee18b63ea9fbeede47240f1
CHARPACKET_E9B4B17A43E86DC46E50D497E10A9635,CTX_EXP0017_CYCLE_GROUP_CGM_CSVREADER_4BE18322_V1,CONTEXT,EXP0017_CYCLE_GROUP,BLOCKED_OWNER_APPROVAL,35,28,True,False,False,sha256:77d169719a70b4a34c3f4a7c8e65c1be9ee23889e26e264a15e877d2668f60db
CHARPACKET_95FB6A07B2E07A44FC3B9E9717EFE380,CTX_EXP0017_CYCLE_GROUP_CGO_LEDGER_B8F75E3C_V1,CONTEXT,EXP0017_CYCLE_GROUP,BLOCKED_OWNER_APPROVAL,35,28,True,False,False,sha256:c12126d7bace04c34291012c2b270ad9fca2e97f05ec735f6f8bedcfa88ea100
CHARPACKET_89A99BF6319F66A167955E5A010F1FA7,CTX_EXP0017_CYCLE_GROUP_CGP12_FILEINVENTORY_922C29A0_V1,CONTEXT,EXP0017_CYCLE_GROUP,BLOCKED_OWNER_APPROVAL,35,28,True,False,False,sha256:e251074ea30cd2493040209f790adc17fb6b5a08a34ddc54d5cae08c3d134b24
CHARPACKET_434DB7E1390A87D0A64585978186A846,CTX_EXP0017_CYCLE_GROUP_CGP13_FILEINVENTORY_1478C696_V1,CONTEXT,EXP0017_CYCLE_GROUP,BLOCKED_OWNER_APPROVAL,35,28,True,False,False,sha256:01700bda992d00637cf036f4400ab82a85478f4f164c43b03ae92022ede562bc
CHARPACKET_58D1D01A6992D4483578B36E8885B63D,CTX_EXP0017_CYCLE_GROUP_CGP13_WRITERS_67EFAF93_V1,CONTEXT,EXP0017_CYCLE_GROUP,BLOCKED_OWNER_APPROVAL,35,28,True,False,False,sha256:e2b43e7b6acb597721df40a531f314dbfec217c0e9c473326303fa8d84ddd7eb
CHARPACKET_D231A0EB47397120CB5040CC38F744A8,CTX_EXP0017_CYCLE_GROUP_CGPI_CSVINSPECTOR_08E098F4_V1,CONTEXT,EXP0017_CYCLE_GROUP,BLOCKED_OWNER_APPROVAL,35,28,True,False,False,sha256:6e94097cb9a7c9c9ff63d40b12f012d16fcb2a0cbf0b5f03c92a5ead2a4690a5
CHARPACKET_2B8EA16EA27FA9AF0CDB8BA41F169328,CTX_EXP0017_CYCLE_GROUP_CGPI_LEDGER_A7E30CCA_V1,CONTEXT,EXP0017_CYCLE_GROUP,BLOCKED_OWNER_APPROVAL,35,28,True,False,False,sha256:3b649afc0a1f15552949ea8e3803ee03a556ab3abacba800859b08c8d30d5a4f
CHARPACKET_2791673120938BB1727E526DC4B38504,CTX_EXP0017_CYCLE_GROUP_CGRK_CSVREADER_019893E9_V1,CONTEXT,EXP0017_CYCLE_GROUP,BLOCKED_OWNER_APPROVAL,35,28,True,False,False,sha256:21c96761d2413052557e228417f865c77a896b9658fac19447edf65c2dd6d058
CHARPACKET_9BB73C4A82E820FEA9821DF142DD0DE0,CTX_EXP0017_CYCLE_GROUP_CGRK_LEDGER_09D02516_V1,CONTEXT,EXP0017_CYCLE_GROUP,BLOCKED_OWNER_APPROVAL,35,28,True,False,False,sha256:71dc8e0306b88c0ee110a4ceb7685be40ac5b8c76efbf4ff3f65313d9af1a21d
CHARPACKET_F861D609415A0C9AAB529F6DC744BDF6,CTX_EXP0017_CYCLE_GROUP_CGS_CSVREADER_E78DECDF_V1,CONTEXT,EXP0017_CYCLE_GROUP,BLOCKED_OWNER_APPROVAL,35,28,True,False,False,sha256:d8204cbd0ff7ae6e04acf41128041cfd2f1799bc7a0cb258dbf07ea8c1fb8eeb
CHARPACKET_2500AA6F15A271C0F2054F6B24B6E8F6,CTX_EXP0017_CYCLE_GROUP_CGS_LEDGER_49FE7F86_V1,CONTEXT,EXP0017_CYCLE_GROUP,BLOCKED_OWNER_APPROVAL,35,28,True,False,False,sha256:62fdfffc4d6c16d953185f5dae1539eacb849f4e70631d16ccbe9f8e03d2ec4f
CHARPACKET_07C93BBD29959FA0D2351C3B0188265B,CTX_EXP0017_CYCLE_GROUP_CGWF_LEDGER_138B1A66_V1,CONTEXT,EXP0017_CYCLE_GROUP,BLOCKED_OWNER_APPROVAL,35,28,True,False,False,sha256:a1e0bfac767bf2e0e74252b98357cd2d5964bec08c7931e4abb7d4bdf5725b6a
CHARPACKET_A6A238C0F3BB79546A0981040388C2B4,CTX_EXP0017_CYCLE_GROUP_CGX_CLOSEDCANDLE_4444B0CD_V1,CONTEXT,EXP0017_CYCLE_GROUP,BLOCKED_OWNER_APPROVAL,35,28,True,False,False,sha256:3c3b1cd51b2ee2c643d2c68caeb8b4961ef7a602bbd1e7ea31e24fffb9fb6a54
CHARPACKET_01B6E5DB3BA7C155219066D7D07FD0E2,CTX_EXP0018_DAYE_TRADER_DAYE_HUNTAUDIT_00D0DAED_V1,CONTEXT,EXP0018_DAYE_TRADER,BLOCKED_OWNER_APPROVAL,35,28,True,False,False,sha256:1bc4c6a4a3773311780ee6aaf3048e22febcc90dab87d3ad06caa84bbc5e8d66
CHARPACKET_B276215DD00E68692F01A21602B8343D,CTX_EXP0018_DAYE_TRADER_DAYE_SESSIONBOXCHARTRESOLVER_1DD90E47_V1,CONTEXT,EXP0018_DAYE_TRADER,BLOCKED_OWNER_APPROVAL,35,28,True,False,False,sha256:5232dad9ad4ec883b49a2b4af16f9437e32c7d30e05471b81057fa15ce69f4e6
CHARPACKET_B478001FDA852DFCD5CE158EABA6DA76,CTX_EXP0018_DAYE_TRADER_DAYE_SESSIONBOXEVENTS_CC0BDAE1_V1,CONTEXT,EXP0018_DAYE_TRADER,BLOCKED_OWNER_APPROVAL,35,28,True,False,False,sha256:36cd049f159a40fc5e2a5a95f129678a1394c443a3abe3f0d57d535430f21db4
CHARPACKET_EF6BB36989F80F5320150EB3B027AD25,CTX_EXP0018_DAYE_TRADER_DAYE_SESSIONBOXPOLICY_8AF29486_V1,CONTEXT,EXP0018_DAYE_TRADER,BLOCKED_OWNER_APPROVAL,35,28,True,False,False,sha256:671dfbb5e4e48303de2d1b778bb253feb818dd6d2888e223152651d323285122
CHARPACKET_5FFF5469D6F58F016DC1579780B3B503,CTX_EXP0018_DAYE_TRADER_DAYE_SESSIONBOXTYPES_C5C9CA40_V1,CONTEXT,EXP0018_DAYE_TRADER,BLOCKED_OWNER_APPROVAL,35,28,True,False,False,sha256:63ffb5c8e3f8f2480391e4e4eef1866398f8415fb9a8b8e4b402686bf103e81b
CHARPACKET_101B976B2F8B11B561A6E43D8CFB0A13,CTX_EXP0018_DAYE_TRADER_VALIDATE_EXP0018_PHASE05_HUNT_OBSERVATIO_F70B4D51_V1,CONTEXT,EXP0018_DAYE_TRADER,BLOCKED_OWNER_APPROVAL,35,28,True,False,False,sha256:62cb47a4b434562efd39939610994b8fa7e5ee8382068968721c19ac00c1be68
CHARPACKET_105136EDB8572FBA2649D3242928A729,CTX_FLAG_COUNTING_NDS_HOOK_ZONE_FP_HOOKPHASE01EXPORT_AE51A089_V1,CONTEXT,FLAG_COUNTING_NDS_HOOK_ZONE,BLOCKED_OWNER_APPROVAL,35,28,True,False,False,sha256:80b5ca652242c69db6cf95dbe2213422227bddee6e7b6727aa8754e2e7e0bdff
CHARPACKET_BDF485A86C820741062D0B8ED2881A2A,CTX_FLAG_COUNTING_NDS_HOOK_ZONE_FP_HOOKPHASE02EXPORT_A584EA52_V1,CONTEXT,FLAG_COUNTING_NDS_HOOK_ZONE,BLOCKED_OWNER_APPROVAL,35,28,True,False,False,sha256:6571151ce3975053bb1d1d1e17954d538818a285714e732951d820d8858e4f03
CHARPACKET_816527DFDDDD7C0CA05C33D8B9CC12CE,CTX_FLAG_COUNTING_NDS_HOOK_ZONE_FP_HOOKPHASE03EXPORT_9FB3FC79_V1,CONTEXT,FLAG_COUNTING_NDS_HOOK_ZONE,BLOCKED_OWNER_APPROVAL,35,28,True,False,False,sha256:d26d4207e0923e61ea50c8c1a215a0516571723f13e4c5a2197bb01538c505c1
CHARPACKET_612E6339BD1FE7CEB71F0EFF9EE58D75,CTX_FLAG_COUNTING_NDS_HOOK_ZONE_FP_HOOKPHASE04EXPORT_4AFF0D44_V1,CONTEXT,FLAG_COUNTING_NDS_HOOK_ZONE,BLOCKED_OWNER_APPROVAL,35,28,True,False,False,sha256:c499ba9e2666fe0ae4e7a55c4f4253186aafcea46da0a7b1828b444ca7803b32
CHARPACKET_C20E406A1B4816ACC9497130A6332F99,CTX_FLAG_COUNTING_NDS_HOOK_ZONE_FP_HOOKPHASE05EXPORT_1C97F8F7_V1,CONTEXT,FLAG_COUNTING_NDS_HOOK_ZONE,BLOCKED_OWNER_APPROVAL,35,28,True,False,False,sha256:78f8acf942ea1ba6b4583af09b76faa79af4ff3dfe55774ffe5442c665515cc8
CHARPACKET_33A8AF857A870EC80B918E916F64AF1A,CTX_FLAG_COUNTING_NDS_HOOK_ZONE_FP_HOOKPHASE06EXPORT_CC5767CB_V1,CONTEXT,FLAG_COUNTING_NDS_HOOK_ZONE,BLOCKED_OWNER_APPROVAL,35,28,True,False,False,sha256:c3683b0f7febc494db4077ac5da92fc7f935ad3a424f7e43fef6bc4e1f07a93c
CHARPACKET_A99E1002E4ABEA76DB3CCD25D2FBE843,CTX_FLAG_COUNTING_NDS_HOOK_ZONE_FP_HOOKPHASE07EXPORT_2EFA32F5_V1,CONTEXT,FLAG_COUNTING_NDS_HOOK_ZONE,BLOCKED_OWNER_APPROVAL,35,28,True,False,False,sha256:dfb4f2f4c24e32ce500f102192e8b911c6c0ab1eddfe0f571eac25d3c91ba8e6
CHARPACKET_05426F46F803D9D49A38E00A6E104FED,CTX_FLAG_COUNTING_NDS_HOOK_ZONE_FP_HOOKPHASE08EXPORT_9C3E0F11_V1,CONTEXT,FLAG_COUNTING_NDS_HOOK_ZONE,BLOCKED_OWNER_APPROVAL,35,28,True,False,False,sha256:ae7c7d2a05eccb0429fafd89cf07d69261cdcc6b10912e8464ad5b1f1fd1914b
CHARPACKET_059A34BF5D74E949380E4A8CCDEB6B48,CTX_FLAG_COUNTING_NDS_HOOK_ZONE_FP_HOOKPHASE09EXPORT_4B2808AC_V1,CONTEXT,FLAG_COUNTING_NDS_HOOK_ZONE,BLOCKED_OWNER_APPROVAL,35,28,True,False,False,sha256:5c2a6f4d1de1e7ff742744f75d17e51d09f673237558e813b3b4be9be8500313
CHARPACKET_2D85D44B5F9D0B041A95CCAA1AAA0254,CTX_FLAG_COUNTING_NDS_HOOK_ZONE_FP_HOOKPHASE10EXPORT_6E63F743_V1,CONTEXT,FLAG_COUNTING_NDS_HOOK_ZONE,BLOCKED_OWNER_APPROVAL,35,28,True,False,False,sha256:60cbaf5f68914fed2b81b369bdf2a46f9d53134716a46b67d6b7327e8379fcb7
CHARPACKET_3588835D169FFFE63C262D0C7E1AF2B9,CTX_FLAG_COUNTING_NDS_HOOK_ZONE_FP_NDSHOOKTRADEEXPORT_11E7CE44_V1,CONTEXT,FLAG_COUNTING_NDS_HOOK_ZONE,BLOCKED_OWNER_APPROVAL,35,28,True,False,False,sha256:20d1115f6e87d7ce65dedd3094ab18843f8c41366aaefa8b1f8f238fc2d1624a
CHARPACKET_D46FC5B2A9224B660541AC319AAD79D4,CTX_FLAG_COUNTING_NDS_HOOK_ZONE_FP_PAPERPERFORMANCETYPES_B43C34FC_V1,CONTEXT,FLAG_COUNTING_NDS_HOOK_ZONE,BLOCKED_OWNER_APPROVAL,35,28,True,False,False,sha256:d1127c258c69c2268a2591d5a7ff1bfb298f87d576c94b9b36902c2ccc61b220
CHARPACKET_F7DC0664E78F006A4029FE0BF653D0C5,CTX_FLAG_COUNTING_NDS_HOOK_ZONE_FP_TIMEBASE_62A7E441_V1,CONTEXT,FLAG_COUNTING_NDS_HOOK_ZONE,BLOCKED_OWNER_APPROVAL,35,28,True,False,False,sha256:9f0f092ca5ee53d5e6ff657555255b34a1ac77e579bc7799ec2eb0a3f57f3cf9
CHARPACKET_CC3FA7CD98AA76C19019F1A7871E454F,CTX_FLAG_COUNTING_NDS_HOOK_ZONE_M0007_FLAGCOUNTINGF1_B932EB66_V1,CONTEXT,FLAG_COUNTING_NDS_HOOK_ZONE,BLOCKED_OWNER_APPROVAL,35,28,True,False,False,sha256:52df1028144e346c496fbe45fe71aa8f4e5ea68cb01095cd92a8a0ea6a19e7d7
CHARPACKET_DB713F2D8ABA74FE65F6023403A8E56A,CTX_FLAG_COUNTING_NDS_HOOK_ZONE_NDS_F2_CANONICAL_FREQUENCY_RECOVERY_CONT_697A9B27_V1,CONTEXT,FLAG_COUNTING_NDS_HOOK_ZONE,BLOCKED_OWNER_APPROVAL,35,28,True,False,False,sha256:3f6753a10ea2182e40c2b50c0b6da45250346092b59779ade8e4647dc9e1058b
CHARPACKET_9EE3D2DA37E681401D54EF43DF6B940E,STP_EXP0018_DAYE_TRADER_DAYE_CONFIRMATIONSTATEMACHINE_0F51BA14_V1,SETUP,EXP0018_DAYE_TRADER,BLOCKED_OWNER_APPROVAL,15,28,True,False,False,sha256:0a75511446b801fba33d240afeb7467d4463b0f3f1680508ebaabad59900a45b
CHARPACKET_74A0F8C4651806EA8B3DE0AD5A9EB45D,STP_EXP0018_DAYE_TRADER_DAYE_CONFIRMATIONTYPES_A5A2F2C3_V1,SETUP,EXP0018_DAYE_TRADER,BLOCKED_OWNER_APPROVAL,15,28,True,False,False,sha256:37f4cdaead6399dda069e940a7e8d0f72caaf450e50ac14cef921747e451244a
CHARPACKET_62C88A805D021B033B71F91BC7FE026C,STP_EXP0019_FAERIE_PROTOCOL_CONTRACTS_4B6571CE_V1,SETUP,EXP0019_FAERIE_PROTOCOL,BLOCKED_OWNER_APPROVAL,15,28,True,False,False,sha256:911bd00cfa8f260eace153f9fcc4d9e6c0f2a23b393cef15f7f8e2ca6775928b
CHARPACKET_1F34AD8A4EF740A02855B877E84833A8,STP_EXP0019_FAERIE_PROTOCOL_FP_I07_SIGNALIDENTITY_64EA8DA6_V1,SETUP,EXP0019_FAERIE_PROTOCOL,BLOCKED_OWNER_APPROVAL,15,28,True,False,False,sha256:6a988e05ddc62d22e0e77222b49fda06fc05ae7e7abe51e7c1fe7d9b821e98ee
CHARPACKET_4F0E40324D222117DBA3ADCAF707B03B,STP_EXP0019_FAERIE_PROTOCOL_GOLDEN_39FB017A_V1,SETUP,EXP0019_FAERIE_PROTOCOL,BLOCKED_OWNER_APPROVAL,15,28,True,False,False,sha256:e785531dfac7cb195e53ae89693f2bf98c41a38d4dd40c37f9d29b51c2738749
CHARPACKET_ECF2279220309108846D6829317B8547,STP_EXP0019_FAERIE_PROTOCOL_TIMEFRAME_BA9CF994_V1,SETUP,EXP0019_FAERIE_PROTOCOL,BLOCKED_OWNER_APPROVAL,15,28,True,False,False,sha256:0c1957ee191eaceda0aafc46eb0daa278a3cf8f6552bb5fcdd8eefdda7aff31a
CHARPACKET_FAD848662755A5DFBBD0BC535E8C5A3C,STP_EXP0019_FAERIE_PROTOCOL_ENGINE_B177D269_V1,SETUP,EXP0019_FAERIE_PROTOCOL,BLOCKED_OWNER_APPROVAL,20,30,True,False,False,sha256:f5d66eafc5588c1782aa7099f1915dfa609b2bd13168285dd2facfc96027f1de
CHARPACKET_D928B0F4FBBB65FAD4020C4D5552818D,STP_EXP0019_FAERIE_PROTOCOL_REGISTRY_CC466DCD_V1,SETUP,EXP0019_FAERIE_PROTOCOL,BLOCKED_OWNER_APPROVAL,20,30,True,False,False,sha256:5793ee55122c3e4643bfeae8e300601f032f5d4317f0ca72adef9d0ff895f482
CHARPACKET_298B83AFE96637932BFCB31F74123153,STP_FLAG_COUNTING_NDS_HOOK_ZONE_FP_NDSF2WAISTBREAKSETUPRULES_F39D5351_V1,SETUP,FLAG_COUNTING_NDS_HOOK_ZONE,BLOCKED_OWNER_APPROVAL,20,30,True,False,False,sha256:1f6365d6c1f465699deca6a501b9c7007352fbbce1e3c471a52bd15f6dc196a4
CHARPACKET_2B9F6134CCE26ABE8E6F05B347104DAE,STP_LAB_OTHER_CONTRADICTIONS_D9CB0AB3_V1,SETUP,LAB_OTHER,BLOCKED_OWNER_APPROVAL,20,30,True,False,False,sha256:f93c8fbf799cb78951dd6e28bbe1a311d08d23c9d23737f53f97efd3c11fe5c1
CHARPACKET_4FC34008E94E2959319CE7EBCB0AB643,STP_LAB_OTHER_PREDICATES_32A91599_V1,SETUP,LAB_OTHER,BLOCKED_OWNER_APPROVAL,20,30,True,False,False,sha256:1216c69d806a52946c6262b837ac3b54cad6295e9134102e128cfeca46d68996
CHARPACKET_D745ABA3A427C6061FD3D3C544082CE8,STP_LAB_OTHER_PROJECTION_65DF69F8_V1,SETUP,LAB_OTHER,BLOCKED_OWNER_APPROVAL,20,30,True,False,False,sha256:6050087c826503759bd64b19c12cb950e2eef2aceda1fc0f32e78ac76e9b6148
CHARPACKET_C9145B9B1D24553CD433E817D9A695C3,STP_LAB_OTHER_SERVICE_7A2E5EE6_V1,SETUP,LAB_OTHER,BLOCKED_OWNER_APPROVAL,20,30,True,False,False,sha256:e90591a96c3cb831d8debe0bde7316ea3f000f4b93623a1cddfb80900638571a
CHARPACKET_052CEC6C63BCD74381E8CB12AF16EE6A,STP_LAB_OTHER_TEMPORAL_1AD7645C_V1,SETUP,LAB_OTHER,BLOCKED_OWNER_APPROVAL,20,30,True,False,False,sha256:2b29322fc7434b48ee5a3caacbeb059e8f8fb0a0c7b2fdcb3f99d68570a65c1c
CHARPACKET_19BECC48FFC4DC604DA16BD61CA81232,VIS_EXP0018_DAYE_TRADER_DAYE_VISUALSELFTEST_1A4422FC_V1,VISUALIZER,EXP0018_DAYE_TRADER,BLOCKED_OWNER_APPROVAL,0,30,True,False,False,sha256:ffbc0a694065c8efef18131583c3305a33fcb28bf7d7425b41753130d279520d
CHARPACKET_81C5BFA12FE27762784ABB679BFCEF19,VIS_EXP0019_FAERIE_PROTOCOL_EXP0019_FP_I13_RELEASESELFTEST_BE47805D_V1,VISUALIZER,EXP0019_FAERIE_PROTOCOL,BLOCKED_OWNER_APPROVAL,0,30,True,False,False,sha256:bf8cfd417e0800a4e0f793cf52425cf0e9b87bab17b133dd68b2becd9bd42802
CHARPACKET_B994043CA4790708B1492F05FA7754CD,VIS_EXP0019_FAERIE_PROTOCOL_FP_I11_VISUALENGINE_0E89A304_V1,VISUALIZER,EXP0019_FAERIE_PROTOCOL,BLOCKED_OWNER_APPROVAL,0,30,True,False,False,sha256:19431f087aa3633a74186f7ee8b41c4d3a8aa08828ad92f9f00193aa9e94e16b
CHARPACKET_1B9160C23D17DFB16BA4EAC098D868AE,VIS_FLAG_COUNTING_NDS_HOOK_ZONE_FP_HOOKPHASE08VISUAL_02283E58_V1,VISUALIZER,FLAG_COUNTING_NDS_HOOK_ZONE,BLOCKED_OWNER_APPROVAL,0,30,True,False,False,sha256:61cfd3c5322c6335d8f8c2063ff2272af270c5b70b11b1b88ec9e64cae1b956e
CHARPACKET_E3D571A0272E597C89297C26135DF516,CTX_EXP0018_DAYE_TRADER_DAYE_SESSIONBOXOBJECTMANAGER_FE491CC0_V1,CONTEXT,EXP0018_DAYE_TRADER,BLOCKED_OWNER_APPROVAL,45,31,True,False,False,sha256:78f63f28d46140519e81d467b2592fbebb7613603db3d30cc1dc9135e4dff77d
CHARPACKET_EF73249710897B769DC6BFE22E6DCBCC,CTX_FLAG_COUNTING_NDS_HOOK_ZONE_FP_NDSF2WAISTBACKTESTENGINE_2B91604A_V1,CONTEXT,FLAG_COUNTING_NDS_HOOK_ZONE,BLOCKED_OWNER_APPROVAL,45,31,True,False,False,sha256:1580a5ebc4d4bef5295605fb3ec6b944d373f97f64a503c625fce9f058e76155
CHARPACKET_64B840B1E3D6B2B7520238C2CFE6CB12,CTX_FLAG_COUNTING_NDS_HOOK_ZONE_NDSHOOKLIMITF123BACKTEST_060FD667_V1,CONTEXT,FLAG_COUNTING_NDS_HOOK_ZONE,BLOCKED_OWNER_APPROVAL,45,31,True,False,False,sha256:22680e5f5241669779a03983e651c7d4240d899d501d51fe9f38604e2b8ca6aa
CHARPACKET_9588F896016ED90A663FD9627D7A335C,CTX_FLAG_COUNTING_NDS_HOOK_ZONE_NDS_F2_OVERLAP_WIDER_RR_REPRICE_CONTRACT_72665DB0_V1,CONTEXT,FLAG_COUNTING_NDS_HOOK_ZONE,BLOCKED_OWNER_APPROVAL,45,31,True,False,False,sha256:e8c8511930cbff3303ac64c7cc85dd5d05ce153a71ce59f7aa50fa16acca3241
CHARPACKET_5BBC8B2CD39226080B14E0F7CDBA4091,CTX_FLAG_COUNTING_NDS_HOOK_ZONE_NDS_F2_RR_PARALLEL_CONTEXT_CONTRACT_QA_F9F2943E_V1,CONTEXT,FLAG_COUNTING_NDS_HOOK_ZONE,BLOCKED_OWNER_APPROVAL,45,31,True,False,False,sha256:accffe4283ca7ca019531f6af0ee3adff3841a3de3fc7829f1359c0494b9442c
CHARPACKET_573E1F7D1F1E3BBB609D5CF40A7A8CA4,CTX_EXP0015_INTERMARKET_TIME_DAL_IMDSERIES_37742F2E_V1,CONTEXT,EXP0015_INTERMARKET_TIME,BLOCKED_OWNER_APPROVAL,50,32,True,False,False,sha256:805e423433f8100eb0ba11a42b5ca04259a1bbb21bad5d3fba16cf86f6a77feb
CHARPACKET_0F4FCBDC85EF0D67E702069D43EE226A,CTX_EXP0015_INTERMARKET_TIME_IMD001_SPX_NDX_TIMEDIVERGENCE_CB31FEAE_V1,CONTEXT,EXP0015_INTERMARKET_TIME,BLOCKED_OWNER_APPROVAL,50,32,True,False,False,sha256:e5b16acc7cc80668ae5cd0a44ca46279764f5fd5c9a944feb13222d75c18a665
CHARPACKET_E3B70542BA7043BBB45D0379913CB6E5,CTX_EXP0017_CYCLE_GROUP_CGO_OUTCOMEFIELD_90DCB505_V1,CONTEXT,EXP0017_CYCLE_GROUP,BLOCKED_OWNER_APPROVAL,50,32,True,False,False,sha256:dc40f253ad6cc1db7ec15a241a03e0fb61f27a34c6f77aa0ea41374cfae31ce3
CHARPACKET_08E594A7F98704CBF2820653D3A67CA6,CTX_EXP0017_CYCLE_GROUP_CGP12_WRITERS_D6A6EAC9_V1,CONTEXT,EXP0017_CYCLE_GROUP,BLOCKED_OWNER_APPROVAL,50,32,True,False,False,sha256:97d8b176d4040ab66fe9a508a33ddf4f622c454c03315b1f64c5af186fcecc5a
CHARPACKET_CF88A5DE7F760B41852034F563E3BA28,CTX_EXP0017_CYCLE_GROUP_CGV_LEDGER_877FF49B_V1,CONTEXT,EXP0017_CYCLE_GROUP,BLOCKED_OWNER_APPROVAL,50,32,True,False,False,sha256:d4445c23df7c03e9320297bf7c2ac5eed7dec3e452fbf3282bc49dbc35a9f1b3
CHARPACKET_5577F0E7C9D0BE40DEC330CD4BC5CB9E,CTX_EXP0017_CYCLE_GROUP_CGX_AUDIT_9012DA94_V1,CONTEXT,EXP0017_CYCLE_GROUP,BLOCKED_OWNER_APPROVAL,50,32,True,False,False,sha256:5f2a0563e0536be64c5221a33028c42acc5e1fe59df4f4bf6e3b25a1b2407186
CHARPACKET_2E27E5C235FF9C40D07DF43DF5D434CF,CTX_EXP0018_DAYE_TRADER_DAYE_LIFECYCLECHECKPOINT_1EFBF0A3_V1,CONTEXT,EXP0018_DAYE_TRADER,BLOCKED_OWNER_APPROVAL,50,32,True,False,False,sha256:4f663b296ba2932b39dfe8291b5ddd069ce4aeb4c23f616cca2e828793c222ab
CHARPACKET_BA5D3EFBA9C5711F38857664B3EDD906,CTX_FLAG_COUNTING_NDS_HOOK_ZONE_FP_BROKERDRYRUNEXPORT_7B391A83_V1,CONTEXT,FLAG_COUNTING_NDS_HOOK_ZONE,BLOCKED_OWNER_APPROVAL,50,32,True,False,False,sha256:7e9e6502a1fcbc34990bcb6828bbbc46faa856f17bebbfb1a8340b023718ca01
CHARPACKET_641F5389DFB4FEB3C2C6D7E1D69EAE1F,CTX_FLAG_COUNTING_NDS_HOOK_ZONE_FP_BROKERREQUESTAUDITEXPORT_074D97C9_V1,CONTEXT,FLAG_COUNTING_NDS_HOOK_ZONE,BLOCKED_OWNER_APPROVAL,50,32,True,False,False,sha256:4348468b363392592f8dfc5771b5473b6df40cd8c1eb1f30d1e2c655aa945713
CHARPACKET_2531B70AFB68192D62543CB7F5B8B9C4,CTX_FLAG_COUNTING_NDS_HOOK_ZONE_FP_BROKERREQUESTLEDGEREXPORT_EFEB26CA_V1,CONTEXT,FLAG_COUNTING_NDS_HOOK_ZONE,BLOCKED_OWNER_APPROVAL,50,32,True,False,False,sha256:614351ca4a8835f16f755aaad747217a8c74c4090d425d0134ae880a000d325b
CHARPACKET_299AD4E169D9BA22448F668C909234E8,CTX_FLAG_COUNTING_NDS_HOOK_ZONE_FP_BROKERVALIDATOREXPORT_3B0F7F5B_V1,CONTEXT,FLAG_COUNTING_NDS_HOOK_ZONE,BLOCKED_OWNER_APPROVAL,50,32,True,False,False,sha256:24ee0a8612e7159b53e257e69ab532029ee29dab9b990f3a7d74330d55e07016
CHARPACKET_B9F3B3D589832CFF938140C2125F4E3B,CTX_FLAG_COUNTING_NDS_HOOK_ZONE_FP_FINALCSVNORMALIZATIONEXPORT_E0F50558_V1,CONTEXT,FLAG_COUNTING_NDS_HOOK_ZONE,BLOCKED_OWNER_APPROVAL,50,32,True,False,False,sha256:cdc148cefe7c4d327336e2f504013d38420dfea899e4f278419b2d79b4336b41
CHARPACKET_0AB458F0E5037998360DEABB44CA6516,CTX_FLAG_COUNTING_NDS_HOOK_ZONE_FP_FINALDECISIONSTATEEXPORT_FB05E0E5_V1,CONTEXT,FLAG_COUNTING_NDS_HOOK_ZONE,BLOCKED_OWNER_APPROVAL,50,32,True,False,False,sha256:b0f993b83237d742022b2b3a383b0b104060a77933a02a021a2f28fed6d7cae1
CHARPACKET_31CAE8BA426DFED6C5F43930195456E3,CTX_FLAG_COUNTING_NDS_HOOK_ZONE_FP_HOOKENGINE_6BFD25FB_V1,CONTEXT,FLAG_COUNTING_NDS_HOOK_ZONE,BLOCKED_OWNER_APPROVAL,50,32,True,False,False,sha256:cd019a957e644496e8b002e17cf2a074bdcddb039a56bbc68dba60f34a710ccc
CHARPACKET_A723AC721CD6F000F5F475D2E8AF06E4,CTX_FLAG_COUNTING_NDS_HOOK_ZONE_FP_NOSENDCONTEXTEXPORT_CAA3B098_V1,CONTEXT,FLAG_COUNTING_NDS_HOOK_ZONE,BLOCKED_OWNER_APPROVAL,50,32,True,False,False,sha256:0686a7fdbfd4a6a0941fca774d8e1646359aca73f7293b55dc4949ae331cab99
CHARPACKET_A46E79630678A2E482F652AFA6B3ADF0,CTX_FLAG_COUNTING_NDS_HOOK_ZONE_FP_PAPERBROKERADAPTEREXPORT_9B0E0BEE_V1,CONTEXT,FLAG_COUNTING_NDS_HOOK_ZONE,BLOCKED_OWNER_APPROVAL,50,32,True,False,False,sha256:a82454b7fdc985b56e4e3b46f3ece1a9aff4103b1615b054e4e356520bc488f8
CHARPACKET_3C830D2250599DF391BA802DA163F7C2,CTX_FLAG_COUNTING_NDS_HOOK_ZONE_FP_PAPERBROKERLIFECYCLEEXPORT_AC88B78D_V1,CONTEXT,FLAG_COUNTING_NDS_HOOK_ZONE,BLOCKED_OWNER_APPROVAL,50,32,True,False,False,sha256:2e8a54b4cb30a94ae22af9128b855083c85660ed92962af9a18e637d23303af6
CHARPACKET_3C3DB39BEA0187A40A1CE24AFDD0A4F2,CTX_FLAG_COUNTING_NDS_HOOK_ZONE_FP_PAPERINTENTEXPORT_DB4D04AD_V1,CONTEXT,FLAG_COUNTING_NDS_HOOK_ZONE,BLOCKED_OWNER_APPROVAL,50,32,True,False,False,sha256:68ea25e58aca2253ac4faea6c44dc715bdd471fde6dd812feab52d4b893356da
CHARPACKET_92ED2AB4D0835D071904DB5F5ED50748,CTX_FLAG_COUNTING_NDS_HOOK_ZONE_FP_PAPERLIFECYCLEEXPORT_293A2948_V1,CONTEXT,FLAG_COUNTING_NDS_HOOK_ZONE,BLOCKED_OWNER_APPROVAL,50,32,True,False,False,sha256:c6ef883df40e40dd8f83f8e64943ad6f7238b278e289508c3abd1898e54ea35e
CHARPACKET_FB426B2E965C72205DB79E30B19DE749,CTX_FLAG_COUNTING_NDS_HOOK_ZONE_FP_PAPERPERFORMANCEENGINE_2854497B_V1,CONTEXT,FLAG_COUNTING_NDS_HOOK_ZONE,BLOCKED_OWNER_APPROVAL,50,32,True,False,False,sha256:00be6f335b68f877c22e155002640054fce0b0ea39d6dec392bb24e5ace0934a
CHARPACKET_78A58E1EAF75DD8D6CBDA1B7224210E0,CTX_FLAG_COUNTING_NDS_HOOK_ZONE_FP_RUNTIMEHEALTHSUMMARYEXPORT_340BF4B3_V1,CONTEXT,FLAG_COUNTING_NDS_HOOK_ZONE,BLOCKED_OWNER_APPROVAL,50,32,True,False,False,sha256:433ab2482f6d8fe013c7d1fa3b0461153d8354dfc75180c77db624ca78f574fa
CHARPACKET_C631CC9C1C357E8CECB4F9F27125BD22,CTX_FLAG_COUNTING_NDS_HOOK_ZONE_FP_SAFETYGATEEXPORT_D74D4F04_V1,CONTEXT,FLAG_COUNTING_NDS_HOOK_ZONE,BLOCKED_OWNER_APPROVAL,50,32,True,False,False,sha256:104f5fb1795f9fa337ad8c1a1f8217103ca7b6372b38c85e4713c201f21f3387
CHARPACKET_BFEE322D3466E4D984344146EF4CE26F,CTX_FLAG_COUNTING_NDS_HOOK_ZONE_FP_STATEGATEEXPORT_847C6DF9_V1,CONTEXT,FLAG_COUNTING_NDS_HOOK_ZONE,BLOCKED_OWNER_APPROVAL,50,32,True,False,False,sha256:25c55a75ed803c6af20d0c3a80ac438cea283c2049e7649b56633e2ac6075aaf
CHARPACKET_13C85AB99F86E8D8DDB6B047F425B8B4,VIS_ASTRO_RESEARCH_EXECUTION_EXP0013_ASTROFRACTALOSCILLATOR_28CFA2C5_V1,VISUALIZER,ASTRO_RESEARCH_EXECUTION,BLOCKED_OWNER_APPROVAL,10,32,True,False,False,sha256:c3a040ecdd665df3fe97da772c9d04068fafd8cdfc077b089c7df5c196935389
CHARPACKET_FF35096A11029FEA37E2222659DB2254,VIS_ASTRO_RESEARCH_EXECUTION_EXP0013_ASTROFRACTALOSCILLATOR_D70B7EBF_V1,VISUALIZER,ASTRO_RESEARCH_EXECUTION,BLOCKED_OWNER_APPROVAL,10,32,True,False,False,sha256:fdd264a924fa4fac334072d488a670d86ffafc708dd29668987b00eeb9573e0a
CHARPACKET_EAE2868E82A908F986E89046D47EABD9,VIS_ASTRO_RESEARCH_EXECUTION_EXP0013_ASTRORAWAXESOSCILLATOR_3FFBC919_V1,VISUALIZER,ASTRO_RESEARCH_EXECUTION,BLOCKED_OWNER_APPROVAL,10,32,True,False,False,sha256:38f6846d1c0e3c2e486d3846cf71241fee6bfe814558912162162ff7d944e733
CHARPACKET_363C1E881A8214198FB3D790B94F177E,VIS_EXP0018_DAYE_TRADER_DAYE_VISUALOBJECTMANAGER_4CE49F33_V1,VISUALIZER,EXP0018_DAYE_TRADER,BLOCKED_OWNER_APPROVAL,10,32,True,False,False,sha256:93ee86ca5e1de095a94124adb5a1b51b1d2b9e479a673976c037bcb5b71ea4f0
CHARPACKET_AA16798699B2EFC12BABF45A2E95CB00,VIS_EXP0019_FAERIE_PROTOCOL_FP_INDICATORPANEL_F4F4A801_V1,VISUALIZER,EXP0019_FAERIE_PROTOCOL,BLOCKED_OWNER_APPROVAL,10,32,True,False,False,sha256:fee32139b0381a215e1b0bbb9cd80ad20b3f06eaa9b309f96e8a9b64db4623c5
CHARPACKET_CFF990B1EAB8C43F14139E5575B97000,VIS_FLAG_COUNTING_NDS_HOOK_ZONE_FP_HOOKPHASE01VISUAL_3B5232BF_V1,VISUALIZER,FLAG_COUNTING_NDS_HOOK_ZONE,BLOCKED_OWNER_APPROVAL,10,32,True,False,False,sha256:2e29ca64596682b195d10c2ec272e26fd4765637e8f1207214847fa11fd6c4af
CHARPACKET_87E1DC33DD7AEED4EA861A4E00972AFE,VIS_FLAG_COUNTING_NDS_HOOK_ZONE_FP_HOOKPHASE03VISUAL_504A2036_V1,VISUALIZER,FLAG_COUNTING_NDS_HOOK_ZONE,BLOCKED_OWNER_APPROVAL,10,32,True,False,False,sha256:dee29e9d6194923480f6d3548e3c0ed5c89e23e9a96dae3a6e80e43e08f056ef
CHARPACKET_3C8AE92D354FE5E9075B95E7D61029FB,VIS_FLAG_COUNTING_NDS_HOOK_ZONE_FP_HOOKPHASE04VISUAL_BB639DBE_V1,VISUALIZER,FLAG_COUNTING_NDS_HOOK_ZONE,BLOCKED_OWNER_APPROVAL,10,32,True,False,False,sha256:8d30174cf94b29792da771768358f9d4cb0717b8939d447683901d8847c8b71e
CHARPACKET_61E7375ABF1D74D5D74CB1E7916BC16D,VIS_FLAG_COUNTING_NDS_HOOK_ZONE_FP_HOOKPHASE05VISUAL_E4F6F64E_V1,VISUALIZER,FLAG_COUNTING_NDS_HOOK_ZONE,BLOCKED_OWNER_APPROVAL,10,32,True,False,False,sha256:fd070c6e798cf9ab03959dfd14aaaed440f7fb2b56f7324d3c94119c211b537b
CHARPACKET_00B1F333387ABE17982392A61A86A408,VIS_FLAG_COUNTING_NDS_HOOK_ZONE_FP_HOOKPHASE06VISUAL_55C2E269_V1,VISUALIZER,FLAG_COUNTING_NDS_HOOK_ZONE,BLOCKED_OWNER_APPROVAL,10,32,True,False,False,sha256:dc89a504ca0847924909941ed521cb794bcded3d3e15bce3b8dbc9c0c10e94e6
CHARPACKET_40CD968B55C08558EC01B18D82677551,VIS_FLAG_COUNTING_NDS_HOOK_ZONE_FP_HOOKPHASE07VISUAL_B2F6CFD7_V1,VISUALIZER,FLAG_COUNTING_NDS_HOOK_ZONE,BLOCKED_OWNER_APPROVAL,10,32,True,False,False,sha256:dc1b29c45f429a02ed718b20d9e45861367d5ceee6ede6b2f42ea5817e8069de
CHARPACKET_5B237CED7711D653114E78F5A19AA615,VIS_FLAG_COUNTING_NDS_HOOK_ZONE_FP_HOOKPHASE09VISUAL_15D79022_V1,VISUALIZER,FLAG_COUNTING_NDS_HOOK_ZONE,BLOCKED_OWNER_APPROVAL,10,32,True,False,False,sha256:14c82b1de5a2bde411cf7ead94d17dbcc7ea45f32ae2c2e20f48b1ca59a47191
CHARPACKET_24ABCDF015AD8EDDDB926BB424B91C90,VIS_FLAG_COUNTING_NDS_HOOK_ZONE_FP_HOOKPHASE10VISUAL_FB67C11D_V1,VISUALIZER,FLAG_COUNTING_NDS_HOOK_ZONE,BLOCKED_OWNER_APPROVAL,10,32,True,False,False,sha256:627d2977f76aa4e3b193f7ea081aef464fe78c035699f0b57aa5a4cf5f490a46
CHARPACKET_FBD550C23CED612B57F525513DA32292,VIS_M_SERIES_CONTEXTS_DAL_M0007F1RENDERER_47769A7B_V1,VISUALIZER,M_SERIES_CONTEXTS,BLOCKED_OWNER_APPROVAL,10,32,True,False,False,sha256:6f2fdc44a11251b5f865b9b10b03517b343092036ce80b7bade482182131e8ed
CHARPACKET_FB52FAB9D883E8530515CACEC9647E64,CTX_EXP0015_INTERMARKET_TIME_EXPERIMENT_3CD87586_V1,CONTEXT,EXP0015_INTERMARKET_TIME,BLOCKED_OWNER_APPROVAL,55,33,True,False,False,sha256:e378cb921d1fb2c2adac6607f9eb4baf5a99bfe0a667d410c2d2b6ea42771cef
CHARPACKET_CC2F138D383CCA853CA2736910C255C2,CTX_EXP0017_CYCLE_GROUP_CGH_HUNTFIELD_D8A7DD22_V1,CONTEXT,EXP0017_CYCLE_GROUP,BLOCKED_OWNER_APPROVAL,55,33,True,False,False,sha256:74608a4b4991aaf8529fb9accfe4a7a0c6a70e0d1593bede8b887eba0ba7bebc
CHARPACKET_3C16D50E6DD1B7F933C9B404B75F3C9B,CTX_EXP0017_CYCLE_GROUP_CGM_LEDGER_46D6FE5E_V1,CONTEXT,EXP0017_CYCLE_GROUP,BLOCKED_OWNER_APPROVAL,55,33,True,False,False,sha256:8c6f0ee1483174d1c061ca232c4ee8f41a3ce4f0299e59650af2fd87909865c4
CHARPACKET_3050E656B1D70C575BCEE9B353AB2B97,CTX_EXP0017_CYCLE_GROUP_CGR_REFERENCEFIELD_C72586A2_V1,CONTEXT,EXP0017_CYCLE_GROUP,BLOCKED_OWNER_APPROVAL,55,33,True,False,False,sha256:4793e0b2f1b1da23939dac9efe9cc710d5189b82459dc13725e8cfc14868d32e
CHARPACKET_4FE1469E0E54F71A670E509DAB00CE13,CTX_EXP0017_CYCLE_GROUP_CGWF_CSVREADER_C05B3040_V1,CONTEXT,EXP0017_CYCLE_GROUP,BLOCKED_OWNER_APPROVAL,55,33,True,False,False,sha256:03abab991a1faf9a8f2b3c3bec83bb5e1b115ef8068240527c04ddcf93d47e61
CHARPACKET_DD6731198E928D32E4655CE355C5161C,CTX_EXP0018_DAYE_TRADER_DAYE_HUNTENGINE_53905708_V1,CONTEXT,EXP0018_DAYE_TRADER,BLOCKED_OWNER_APPROVAL,55,33,True,False,False,sha256:8d645fa8e02faea758c01c38836719bd4fa9da4280292fccaa97e9aad8057e4d
CHARPACKET_01312253AB11C7C89E27674F2148C046,CTX_EXP0018_DAYE_TRADER_DAYE_LIFECYCLEAUDIT_04833489_V1,CONTEXT,EXP0018_DAYE_TRADER,BLOCKED_OWNER_APPROVAL,55,33,True,False,False,sha256:a4eecbeaee96e9444084632ceef4709d50479c3014ca20966ee421803a6652d6
CHARPACKET_CD689655536A54F1DD60768DC0FB89A2,STP_EXP0018_DAYE_TRADER_DAYE_CONFIRMATIONAUDIT_93D28245_V1,SETUP,EXP0018_DAYE_TRADER,BLOCKED_OWNER_APPROVAL,35,33,True,False,False,sha256:73505613fd6f0083a8f9cf02990e1b380e4d2c345c72c3c37a18d6d14b86efdb
CHARPACKET_3D785D7B1175568F9EEEC5F952A73278,STP_EXP0019_FAERIE_PROTOCOL_PROJECTION_DBEBB11C_V1,SETUP,EXP0019_FAERIE_PROTOCOL,BLOCKED_OWNER_APPROVAL,35,33,True,False,False,sha256:2e94f6d38c07be51a79a2bf09c6844608459dd806b4097025110f860d48913d1
CHARPACKET_C8AC759A81B28904F90782C63932DB49,STP_LAB_OTHER_CLI_FD3FCAD8_V1,SETUP,LAB_OTHER,BLOCKED_OWNER_APPROVAL,35,33,True,False,False,sha256:2b07f8883d2985c734f4646ec7c2981a3f043faafacf04b4cb6f42e3b94564cb
CHARPACKET_FABE967C1260EE53F02B98A1D5F00858,VIS_EXP0019_FAERIE_PROTOCOL_EXP0019_FP_I11_VISUALSELFTEST_B45EE034_V1,VISUALIZER,EXP0019_FAERIE_PROTOCOL,BLOCKED_OWNER_APPROVAL,15,33,True,False,False,sha256:004c6bac4570e466b04913d27645b3b5fe30d4e4a9476177ab3a5ed05f1b8b85
CHARPACKET_9B25FBFBCB8A811C6B74EEA6B44293EC,VIS_EXP0019_FAERIE_PROTOCOL_EXP0019_FP_I12_OPERATORUXSELFTEST_CC49A1F0_V1,VISUALIZER,EXP0019_FAERIE_PROTOCOL,BLOCKED_OWNER_APPROVAL,15,33,True,False,False,sha256:0a75e3aa1318be7c15d92d1ccfe2e011228ebf55ce3addb2066857178dd4ba11
CHARPACKET_6917DBBD946A5D6E1197A90AB800E240,VIS_PRODUCT_LAB_GARTALNEWSCHARTGEOMETRY_30C8EA66_V1,VISUALIZER,PRODUCT_LAB,BLOCKED_OWNER_APPROVAL,15,33,True,False,False,sha256:4afbded2df93f15982992b7eb20efff7f2f6b42d1f3d5f0bbe272b42e724e999
CHARPACKET_DF450F7B0CCF89290B8630D134D5FFB6,VIS_PRODUCT_LAB_GARTALNEWSFILTERS_B332D6BB_V1,VISUALIZER,PRODUCT_LAB,BLOCKED_OWNER_APPROVAL,15,33,True,False,False,sha256:61d0fa6e9da17d2db277290885cc6ddf11686d5f12ed167a1e95edfcd327834d
CHARPACKET_054075CCE74F1C8D06E628D698602B97,VIS_PRODUCT_LAB_GARTALNEWSPRODUCT_DD287CD1_V1,VISUALIZER,PRODUCT_LAB,BLOCKED_OWNER_APPROVAL,15,33,True,False,False,sha256:7cddc44fac2049c76ea8423eaa89d87ab2c1d12332a1ff4ecfba06b2c87c006c
CHARPACKET_30F533AE283A97D33AAFC23571083ACD,VIS_PRODUCT_LAB_GARTALNEWSSAMPLEDATA_8C8FD088_V1,VISUALIZER,PRODUCT_LAB,BLOCKED_OWNER_APPROVAL,15,33,True,False,False,sha256:7ff4ad540d076900c226fb2a564597980ac686416abbfa6f9ab79e5a280db3a4
CHARPACKET_0114337A1314C8862B38DC6052C54242,VIS_PRODUCT_LAB_GARTALNEWSSTORE_54AF756A_V1,VISUALIZER,PRODUCT_LAB,BLOCKED_OWNER_APPROVAL,15,33,True,False,False,sha256:5db8954cbb03cc8fd1dba9142ef5328fee75ff0c5502b6ff41e87fe92b9ef9c0
CHARPACKET_D469C194691DEAF002CC35DCCE28D9AA,CTX_FLAG_COUNTING_NDS_HOOK_ZONE_FP_NDSSTRUCTURESNAPSHOT_42C101F0_V1,CONTEXT,FLAG_COUNTING_NDS_HOOK_ZONE,BLOCKED_OWNER_APPROVAL,60,35,True,False,False,sha256:71f93d4a64ebba7aced3749e7b6b538a86b3a8f3a2eabc5be0db79cb1d5b8e30
CHARPACKET_925A5E76DD9EBFD8C6427B1F69DC1F06,VIS_EXP0018_DAYE_TRADER_DAYE_VISUALIDENTITY_03FD6825_V1,VISUALIZER,EXP0018_DAYE_TRADER,BLOCKED_OWNER_APPROVAL,20,35,True,False,False,sha256:edea7b056b166cb301b749e76f1421a416ee0bb70138be53f3cba029ac04e0f4
CHARPACKET_D5A36F530D154B5DE6111F2BD66648CA,VIS_EXP0018_DAYE_TRADER_DAYE_VISUALTYPES_C82B8CDC_V1,VISUALIZER,EXP0018_DAYE_TRADER,BLOCKED_OWNER_APPROVAL,20,35,True,False,False,sha256:cb4be2205db43da7115e30824b2d227dcb409d2351a11a5e48c0ff0909c1477f
CHARPACKET_F05C90A947FE00104E3ED332951B1C2B,CTX_FLAG_COUNTING_NDS_HOOK_ZONE_FP_EXPORTENGINE_A2B850F1_V1,CONTEXT,FLAG_COUNTING_NDS_HOOK_ZONE,BLOCKED_OWNER_APPROVAL,65,36,True,False,False,sha256:bd3c09a25176aa7f89ed51f89c31c95771ea1369f00edd072e5cd1f84ee17204
CHARPACKET_7712BA0D40E13401E021E7F46882CDB0,CTX_FLAG_COUNTING_NDS_HOOK_ZONE_NDS_TESTER_ONINIT_CONTRACT_QA_A42756E1_V1,CONTEXT,FLAG_COUNTING_NDS_HOOK_ZONE,BLOCKED_OWNER_APPROVAL,65,36,True,False,False,sha256:a1a5a6e9c6aebceaf1bde75c26ddf83b693a1c5fabb1de32f73927b0a3645b93
CHARPACKET_AE67959F834A53F1166511F9E72AE868,VIS_EXP0017_CYCLE_GROUP_CGV_DRAWING_D32395FE_V1,VISUALIZER,EXP0017_CYCLE_GROUP,BLOCKED_OWNER_APPROVAL,25,36,True,False,False,sha256:e3ca14dfaf9c28d8089f7b31d4e72e23830cfd1b998bdba7a1ebb0f197176c9a
CHARPACKET_97CA4F3578C5177ED537EF64A257ED70,VIS_EXP0017_CYCLE_GROUP_CGX_EXECUTIONVISUALS_9CD0099C_V1,VISUALIZER,EXP0017_CYCLE_GROUP,BLOCKED_OWNER_APPROVAL,25,36,True,False,False,sha256:45ba5c01b6537185ba08d2ca6a43746f09cae0758c170f544b0fe0e8fbbaa7ea
CHARPACKET_C56EB41B767F7150CD5E43DD49885945,VIS_FLAG_COUNTING_NDS_HOOK_ZONE_FP_STATEGATEPANEL_934E3E59_V1,VISUALIZER,FLAG_COUNTING_NDS_HOOK_ZONE,BLOCKED_OWNER_APPROVAL,25,36,True,False,False,sha256:0fe40c0165cfdbfaf0220d9d265f80e62e6f49fd082e397b1a5cc01309ca6232
CHARPACKET_1404EB97341F7EFA5C104858E64FD4C2,VIS_M_SERIES_CONTEXTS_DAL_M0001VISUAL_CB1D93EC_V1,VISUALIZER,M_SERIES_CONTEXTS,BLOCKED_OWNER_APPROVAL,25,36,True,False,False,sha256:e9c49c35250e94916cc07402da957ddb389177f997c6887c62ed05c4a8ae2ec6
CHARPACKET_D543E292689EF32BF6883303203D0C77,VIS_PRODUCT_LAB_GARTALNEWSTIMELINE_6D151707_V1,VISUALIZER,PRODUCT_LAB,BLOCKED_OWNER_APPROVAL,25,36,True,False,False,sha256:c3dfd74f0ccf445d10a252adbd3a5a971e50124ba1ba45061f571edf1c6b305e
CHARPACKET_8538B7028E293AEE57E6977066DFDA86,CTX_EXP0018_DAYE_TRADER_DAYE_LIFECYCLEENGINE_E4B9BF3B_V1,CONTEXT,EXP0018_DAYE_TRADER,BLOCKED_OWNER_APPROVAL,70,37,True,False,False,sha256:f1665a77d2dbca5b484dde4b92781cffb433cfd986c2457df5661c188d0dfa34
CHARPACKET_66D7D15244CFA4735C09C2DEC0853C6A,CTX_EXP0018_DAYE_TRADER_DAYE_SESSIONBOXAUDIT_C0F8E160_V1,CONTEXT,EXP0018_DAYE_TRADER,BLOCKED_OWNER_APPROVAL,70,37,True,False,False,sha256:4e29d74a36fc46f38a239bb19ebc020651842f32a486c7eb5cf63a92acfa9e6d
CHARPACKET_DEFFBB4F8F9D6F69C4EE3265D049223C,CTX_EXP0018_DAYE_TRADER_DAYE_SESSIONBOXENGINE_0348DEDA_V1,CONTEXT,EXP0018_DAYE_TRADER,BLOCKED_OWNER_APPROVAL,70,37,True,False,False,sha256:fa78da557a4df1fd06ba11afc1f6222272fbbde8a557d96d78f7c8b4a8ffd202
CHARPACKET_925A6C4960042E902ECA4EFA0FBB590E,CTX_FLAG_COUNTING_NDS_HOOK_ZONE_FP_PAPERPERFORMANCEEXPORT_A86D54E4_V1,CONTEXT,FLAG_COUNTING_NDS_HOOK_ZONE,BLOCKED_OWNER_APPROVAL,70,37,True,False,False,sha256:cc061fc27b37e0c6115a3b9d61eaa08a3f4fa505e6250715f168b59547910339
CHARPACKET_730A4E1B85B44A8DBE649B0496DFC46B,CTX_FLAG_COUNTING_NDS_HOOK_ZONE_NDSF2WAISTLIMITBACKTEST_6A1AF0EE_V1,CONTEXT,FLAG_COUNTING_NDS_HOOK_ZONE,BLOCKED_OWNER_APPROVAL,70,37,True,False,False,sha256:f64cfde2ce8b088cf8f40c2e60e1abe4e6e017d7666d13d1d4460b5cb6ebf61d
CHARPACKET_42EC3A85A20134AF4187030FF5518C73,CTX_FLAG_COUNTING_NDS_HOOK_ZONE_NDS_F2_CANONICAL_POINT2_PROJECTION_ROOT__E0D0C570_V1,CONTEXT,FLAG_COUNTING_NDS_HOOK_ZONE,BLOCKED_OWNER_APPROVAL,70,37,True,False,False,sha256:e99b9ca848aebc03fe2b897f2f407883b815cc5de987d33e8f35b4d9923cfe7d
CHARPACKET_BF0B594E69CA771B96126C46F1A68B8C,STP_EXP0018_DAYE_TRADER_DAYE_CONFIRMATIONCHECKPOINT_2F6645D9_V1,SETUP,EXP0018_DAYE_TRADER,BLOCKED_OWNER_APPROVAL,50,37,True,False,False,sha256:d597231c2df40376b7b3f3711f1957f010f40e5c75884edcbe497b63a23841ea
CHARPACKET_E1C4664B268826F8305BBF656B6EE89D,VIS_FLAG_COUNTING_NDS_HOOK_ZONE_FP_RENDERER_D866E2AB_V1,VISUALIZER,FLAG_COUNTING_NDS_HOOK_ZONE,BLOCKED_OWNER_APPROVAL,30,37,True,False,False,sha256:51911c737c1bd42a99a313d5c907efb39277425a884256fb83579f4ff2bbe077
CHARPACKET_0766A70D41563B7A3FA30A99C9CED3BE,VIS_PRODUCT_LAB_GARTALNEWSUTILS_704681FF_V1,VISUALIZER,PRODUCT_LAB,BLOCKED_OWNER_APPROVAL,30,37,True,False,False,sha256:d94b0b53591e3a1a795cad6c292577c2ff07fd1f97c39d9f2f93d559425632bf
CHARPACKET_174FADA070DCAE85839CBA9D9A3B214F,CTX_EXP0015_INTERMARKET_TIME_IMD001_CANDLESESSIONDIVERGENCE_1A976C20_V1,CONTEXT,EXP0015_INTERMARKET_TIME,BLOCKED_OWNER_APPROVAL,75,38,True,False,False,sha256:a23619fb1c4d7c111090f891b03ce1f06d535e7feb76ea27d8167c2fed3e17e9
CHARPACKET_EFFBD6395FB34A8D6D19EDD3F412BE39,STP_EXP0017_CYCLE_GROUP_CGC_CONFIRMATIONFIELD_82532776_V1,SETUP,EXP0017_CYCLE_GROUP,BLOCKED_OWNER_APPROVAL,55,38,True,False,False,sha256:c3a0e9e52d1ca0db656caa7cc5ddac465d109cce98653353bff44a43a87a9813
CHARPACKET_AA7D57BBFFB60EA9DE752EF562031226,VIS_PRODUCT_LAB_GARTALNEWSPARSER_4DB6E315_V1,VISUALIZER,PRODUCT_LAB,BLOCKED_OWNER_APPROVAL,35,38,True,False,False,sha256:e1eec0c66205554b493d8ab3fda541af585d226cf845c0d07db63c3f1fcef9f8
CHARPACKET_7200F3292F8BAC1C5C3381111CDA3109,VIS_PRODUCT_LAB_GARTALNEWSTIME_EEF6BB8A_V1,VISUALIZER,PRODUCT_LAB,BLOCKED_OWNER_APPROVAL,35,38,True,False,False,sha256:909ed2fa6018965c0648689f3196fc7f432fec3c37eb8bdce8dffefa5844598a
CHARPACKET_22B537B1E8C6CC27B719A76A23F112CA,STP_ASTRO_RESEARCH_EXECUTION_ASTRO_SIGNAL_VALIDATOR_744209CF_V1,SETUP,ASTRO_RESEARCH_EXECUTION,BLOCKED_OWNER_APPROVAL,60,40,True,False,False,sha256:d7163005e027efcc93674f1341c6793ec80aca2a474e715ac639938b5d6c48ae
CHARPACKET_F0917600997E21B68228655F7EC7E9C5,TRT_ASTRO_RESEARCH_EXECUTION_ASTRO_FAMILY_ENTRY_EXIT_EXCEL_SUITE_044EF823_V1,TREATMENT,ASTRO_RESEARCH_EXECUTION,BLOCKED_OWNER_APPROVAL,0,40,True,False,False,sha256:6cafcce27babdc2765f8909ef638ffcc0221300713c2c5b59133c12039bcb0e6
CHARPACKET_18F6867EC136F428897442D5D710337E,TRT_EXP0017_CYCLE_GROUP_CGX_STOPMODEL_E954CD26_V1,TREATMENT,EXP0017_CYCLE_GROUP,BLOCKED_OWNER_APPROVAL,0,40,True,False,False,sha256:c4155bd5433663166f869752f8b81b5560d5c3b2fc70340e99e97ee166720456
CHARPACKET_FF1FE3397B11B0FA2C7ABB90EF1F747E,TRT_EXP0017_CYCLE_GROUP_CGX_TARGETMODELRISKMULTIPLE_46BCFAB9_V1,TREATMENT,EXP0017_CYCLE_GROUP,BLOCKED_OWNER_APPROVAL,0,40,True,False,False,sha256:1c48d652c71097871be3b1bc5bd33b0d191725604f7b9a2e233630b0b1b79184
CHARPACKET_35CE11DB5F448A99C5170767F251D3FB,TRT_EXP0019_FAERIE_PROTOCOL_FP_RISKADAPTER_60AF1AB7_V1,TREATMENT,EXP0019_FAERIE_PROTOCOL,BLOCKED_OWNER_APPROVAL,0,40,True,False,False,sha256:ffb1a3f9ed3bac359325fb0923dae29603fa77a3716841c0c5234c636f091551
CHARPACKET_E3E4CF6728A448DFDDD8AA6F2A5EEB23,TRT_FLAG_COUNTING_NDS_HOOK_ZONE_FP_NDSENTRYENGINE_5419241F_V1,TREATMENT,FLAG_COUNTING_NDS_HOOK_ZONE,BLOCKED_OWNER_APPROVAL,0,40,True,False,False,sha256:8ab9168e732263d2c6e0e1542c2db5dacdd655b30d9370b37a436f78cd61bb7f
CHARPACKET_7307327F2052E00D8444975F74EDED3B,TRT_LAB_OTHER_ACL09MEMORYENTRYCONTRACT_DBA4DC67_V1,TREATMENT,LAB_OTHER,BLOCKED_OWNER_APPROVAL,0,40,True,False,False,sha256:d13fec9f0ffec4a3551f3ef56c43d75b53575b80932489ca22d3f018b54fb635
CHARPACKET_700F7DA418605C6990CA22257FFBABA3,TRT_LAB_OTHER_ATOM_BASE_F61DCC01_V1,TREATMENT,LAB_OTHER,BLOCKED_OWNER_APPROVAL,0,40,True,False,False,sha256:53a6ee0c9ddd10d89306d4884dc63a1909e4c1419dffa8dfddf4fbf02a94f112
CHARPACKET_61E8D5895EC7D1C4940D7C8E0BF3C611,TRT_LAB_OTHER_AUDITS_119E1098_V1,TREATMENT,LAB_OTHER,BLOCKED_OWNER_APPROVAL,0,40,True,False,False,sha256:d12819b0c32f5302b46314413c2e5835ede89d59d9ba6e65358092a1489c9247
CHARPACKET_CB29AFC63E8C8F3F0A4580E386F05753,TRT_LAB_OTHER_AUTHORITY_6FFC061E_V1,TREATMENT,LAB_OTHER,BLOCKED_OWNER_APPROVAL,0,40,True,False,False,sha256:92a4910c1d859020f75324ef1ba3bcc289ad05c1fd5c4d6d3f206b66f43879f6
CHARPACKET_9755046ADE413A22992F6E52708A5190,TRT_LAB_OTHER_AUTHORITY_845BA120_V1,TREATMENT,LAB_OTHER,BLOCKED_OWNER_APPROVAL,0,40,True,False,False,sha256:92e3377c0afd8cc76138231413e21714d5bc751a12fe2bf84da7cd8ff5e9f789
CHARPACKET_B695D30C2C618FC91998E787EF58F924,TRT_LAB_OTHER_AUTHORITY_87809F6A_V1,TREATMENT,LAB_OTHER,BLOCKED_OWNER_APPROVAL,0,40,True,False,False,sha256:cbd69d9e3267bac065a85c5715cde57539937867ea74aa7ac1070d3874f8d192
CHARPACKET_077668B07F1A2BFCDB10F6B13C9C515A,TRT_LAB_OTHER_BENCHMARKS_CD1507C2_V1,TREATMENT,LAB_OTHER,BLOCKED_OWNER_APPROVAL,0,40,True,False,False,sha256:6ba1a39848d9549a276d84544d0a06baf2cb18666aa95598919b1af3eb009be9
CHARPACKET_AF833CEF0EDB4C4A817F9F51CE33C545,TRT_LAB_OTHER_BUDGET_94D53026_V1,TREATMENT,LAB_OTHER,BLOCKED_OWNER_APPROVAL,0,40,True,False,False,sha256:16d6e5d3cced4605cb83503e351b698ad13af66218fb5f052ec7f9ca911550bc
CHARPACKET_C83CCF3D0925626D53E66C4D18D60D47,TRT_LAB_OTHER_BUDGET_F9AF504B_V1,TREATMENT,LAB_OTHER,BLOCKED_OWNER_APPROVAL,0,40,True,False,False,sha256:ce6a8505904288cd47f5843a59dab690be600bda8ada78a89d161e460e9cdb12
CHARPACKET_2EF041CA49599E5951F41A9BDAC4A0E3,TRT_LAB_OTHER_CALIBRATION_3DF29AB9_V1,TREATMENT,LAB_OTHER,BLOCKED_OWNER_APPROVAL,0,40,True,False,False,sha256:764d062e03921464038e6eb9b34c21c130284edc56857b378582004270d596d7
CHARPACKET_D7CCA0A093BBB748B4B63E7EE8153B59,TRT_LAB_OTHER_CANONICALIZER_FBF266FE_V1,TREATMENT,LAB_OTHER,BLOCKED_OWNER_APPROVAL,0,40,True,False,False,sha256:f885766c94828bba44862d83749e27331a29b85ff2221be6420f854278423031
CHARPACKET_FFC0F12BDAEEF9BBF8F58E7BD1E1828A,TRT_LAB_OTHER_CANONICAL_100E4475_V1,TREATMENT,LAB_OTHER,BLOCKED_OWNER_APPROVAL,0,40,True,False,False,sha256:66389f43690c29b84e3c9118134817c686428ec27ca5e3a691be6c9e18141c71
CHARPACKET_D8F78B9801D66CF26309D8236AAAF221,TRT_LAB_OTHER_CANONICAL_571352FF_V1,TREATMENT,LAB_OTHER,BLOCKED_OWNER_APPROVAL,0,40,True,False,False,sha256:2ec639670692cdd03023c643878dd1c7a7d32f7ceae1fefee9b4f53d08d5cf6e
CHARPACKET_B78F1E65360746BAABC42F70374473CA,TRT_LAB_OTHER_CANONICAL_B5DBB841_V1,TREATMENT,LAB_OTHER,BLOCKED_OWNER_APPROVAL,0,40,True,False,False,sha256:012b037fbf14a7ff9db5e0331addac2ae73f4b44f58e48c830b52eee8ca5b6de
CHARPACKET_02C15E97D286A092D65A8F0F68BC451D,TRT_LAB_OTHER_CARDS_A77B0F97_V1,TREATMENT,LAB_OTHER,BLOCKED_OWNER_APPROVAL,0,40,True,False,False,sha256:98c50640a467139e9b91cdb5217e231cfa04c6ecdfea68e165e2e6f1c99e1153
CHARPACKET_155A62E40035C72ABBAEA2A5FAACA507,TRT_LAB_OTHER_CATALOG_0C5D9026_V1,TREATMENT,LAB_OTHER,BLOCKED_OWNER_APPROVAL,0,40,True,False,False,sha256:6306e08b00b1e4fed5e0d46cd0a13e1904e7d43b5543e6c819ea60be13c1380c
CHARPACKET_DA239E9634916E6B839163E27AFAAE45,TRT_LAB_OTHER_CATALOG_F82BB596_V1,TREATMENT,LAB_OTHER,BLOCKED_OWNER_APPROVAL,0,40,True,False,False,sha256:5718bb584097dc6883896d521b5766d45ac9c9b0076d8ebbc01eb295b209806e
CHARPACKET_9EB0114EF9EE46746A3D27B0938AA761,TRT_LAB_OTHER_CERTIFICATES_ED745CFF_V1,TREATMENT,LAB_OTHER,BLOCKED_OWNER_APPROVAL,0,40,True,False,False,sha256:f7a955245157556e5d053e7c569fce33d4f2f54ac1282058e9290ca5c9acd621
CHARPACKET_F4F8F21EEFA6A952A1B7C25FBA00E654,TRT_LAB_OTHER_CERTIFICATE_D56D1EBC_V1,TREATMENT,LAB_OTHER,BLOCKED_OWNER_APPROVAL,0,40,True,False,False,sha256:318a9da8296298627ea86a460549480719ea549d401ca06b5b9589ae84012e14
CHARPACKET_FF1535D3873CA4E03565BBCFC172CF3C,TRT_LAB_OTHER_CHECKPOINT_8A08152F_V1,TREATMENT,LAB_OTHER,BLOCKED_OWNER_APPROVAL,0,40,True,False,False,sha256:644328da8a47de750e085923382249e978e2ab32af1c93bb628695e6b50c97a6
CHARPACKET_E7CDE2B8C13A3F1E753AEC3CDD32194A,TRT_LAB_OTHER_CLAIMS_96A81B88_V1,TREATMENT,LAB_OTHER,BLOCKED_OWNER_APPROVAL,0,40,True,False,False,sha256:a700aa9adbf50b0a5bc11f3084a7d2fdea3ee34886941792bf32d1b804543954
CHARPACKET_2E8AE7A47EC0DF6347EFCD211EE38BAA,TRT_LAB_OTHER_CLI_8521D98A_V1,TREATMENT,LAB_OTHER,BLOCKED_OWNER_APPROVAL,0,40,True,False,False,sha256:92fdc7c9378eff12ac7afc8e665b80dc4719cdcbe88e680f5b5847eafb2dfc67
CHARPACKET_4B34E4D674911380CBF6F3C5509DA7D5,TRT_LAB_OTHER_CLI_C1FD9530_V1,TREATMENT,LAB_OTHER,BLOCKED_OWNER_APPROVAL,0,40,True,False,False,sha256:9e683ef0caaefca24c8e1967d13e0e1b7486f424d3465c6b9e85df19768a314b
CHARPACKET_CABE4739EF133DA787943BE90645BC8E,TRT_LAB_OTHER_CLI_D75548E8_V1,TREATMENT,LAB_OTHER,BLOCKED_OWNER_APPROVAL,0,40,True,False,False,sha256:8dd6bb513bb5b5deb6c5c3076fc14ca87cb10ca871901d2fac91608a91ded7b0
CHARPACKET_9F8B04C65D42990142481C02BD2108CC,TRT_LAB_OTHER_COMPATIBILITY_6BBDA5F1_V1,TREATMENT,LAB_OTHER,BLOCKED_OWNER_APPROVAL,0,40,True,False,False,sha256:1a6a3017e6cd99aabc9d1a2a0d7e301ab290c564491745959f1cabc1701064a5
CHARPACKET_EFD1206E89DCF26B2906ECDD20D3967E,TRT_LAB_OTHER_CONFORMANCE_3F18841F_V1,TREATMENT,LAB_OTHER,BLOCKED_OWNER_APPROVAL,0,40,True,False,False,sha256:58c50f62dc094b1f7c81eb9beac5d5766917e25a971af80ad362e6e7eb57fd42
CHARPACKET_C6E9BF2C1248D027C65D8740C1B61DAF,TRT_LAB_OTHER_CONFORMANCE_46CD3A63_V1,TREATMENT,LAB_OTHER,BLOCKED_OWNER_APPROVAL,0,40,True,False,False,sha256:492837bbeb2dcac4bfd4b32e4aa51950d571dd8bef1e970754b9bf19481db68a
CHARPACKET_500D6F3145F677A21812800375400E7F,TRT_LAB_OTHER_CONSTITUTION_085B2255_V1,TREATMENT,LAB_OTHER,BLOCKED_OWNER_APPROVAL,0,40,True,False,False,sha256:955cc9629c51261dcc564b156d6394dd97152e7d00d8a9ea6fd7f1703025d1e1
CHARPACKET_298BF1498AD1204F3140E425E5FC4517,TRT_LAB_OTHER_CONTRACTS_2DAC45CF_V1,TREATMENT,LAB_OTHER,BLOCKED_OWNER_APPROVAL,0,40,True,False,False,sha256:1b7068a5fb949dbd919b00142ffb6a00fa719a5a464b178195fbef8b85a28fd7
CHARPACKET_BDA8659F9E33EC42DC30DC429EAC7E05,TRT_LAB_OTHER_CONTRACTS_8CF5710A_V1,TREATMENT,LAB_OTHER,BLOCKED_OWNER_APPROVAL,0,40,True,False,False,sha256:248343e2c6103ab6ee4575b2def0ba7b938fca9a5d7fbb65637a153e615312b4
CHARPACKET_B71F8EC96E941A717100A35FD8393838,TRT_LAB_OTHER_CONTRACTS_C5772E13_V1,TREATMENT,LAB_OTHER,BLOCKED_OWNER_APPROVAL,0,40,True,False,False,sha256:522ff188c4b2c446ece12f647770b64acced6bffe4d32c2b274f74f625e8fa10
CHARPACKET_AD63F2F6BA17241884D54C4FE5C8D979,TRT_LAB_OTHER_CONTRACTS_E57873AE_V1,TREATMENT,LAB_OTHER,BLOCKED_OWNER_APPROVAL,0,40,True,False,False,sha256:e6a3d721c96727bdfa5be8e7f6fbe3b546f7191bde8d22ca9c9c5427a87a3dbc
CHARPACKET_BA4F513E37C05ABC0878F61847F19069,TRT_LAB_OTHER_CONTRACTS_F9BA5E70_V1,TREATMENT,LAB_OTHER,BLOCKED_OWNER_APPROVAL,0,40,True,False,False,sha256:30bcd32e8374b451f666bb6ed4ed8f4403981600043e194d36be4cf6d6740b34
CHARPACKET_CAABABB7F86200E3DB54085C1FE78B36,TRT_LAB_OTHER_CONTROLS_EC67222F_V1,TREATMENT,LAB_OTHER,BLOCKED_OWNER_APPROVAL,0,40,True,False,False,sha256:3fcf8c179a38fc8c72be83c5a75546008767ce43e57d1cb552ddf1a5b733c777
CHARPACKET_2464B8D2BBEACA2CCB9DB53A422B042C,TRT_LAB_OTHER_DESCRIPTOR_FACTORY_1020A7F2_V1,TREATMENT,LAB_OTHER,BLOCKED_OWNER_APPROVAL,0,40,True,False,False,sha256:fda1d0759b1f2ba8711930e1849f9b69fb97b7a71719c2868bc555e09c2ff9e3
CHARPACKET_7535B6AE41D5D7CB88CAD67FD67BA042,TRT_LAB_OTHER_DIFF_BB6E2074_V1,TREATMENT,LAB_OTHER,BLOCKED_OWNER_APPROVAL,0,40,True,False,False,sha256:9d2bd896cc928ea11da84a3129fc2f57dc2da8cb3e4fe8328f80b927c0c87858
CHARPACKET_C69202A545DB7EA9EE803CAF5B6B8C42,TRT_LAB_OTHER_EFFECTS_9B9DF4FB_V1,TREATMENT,LAB_OTHER,BLOCKED_OWNER_APPROVAL,0,40,True,False,False,sha256:7d042ded8613503c119e55a8e6ffa872287c1037ff28c41f982cc96ada637236
CHARPACKET_FCF03D83367BAAAE1E1AD55F9BD91389,TRT_LAB_OTHER_ENTRY_3E3C7B8E_V1,TREATMENT,LAB_OTHER,BLOCKED_OWNER_APPROVAL,0,40,True,False,False,sha256:89d633318f4f932a71e790bc3350280dad7f3100d2b2e0feb881409e2a84f433
CHARPACKET_40D65A4B64729CA20FBA6AD8FB0B2ED0,TRT_LAB_OTHER_ENUMS_2EB72DCF_V1,TREATMENT,LAB_OTHER,BLOCKED_OWNER_APPROVAL,0,40,True,False,False,sha256:dc7a619e7e19db8c137809917a57c075358dfe379c4f2aca6abb3e31a6ed288f
CHARPACKET_0676F8AAF68E93A025F4CD2F88B60594,TRT_LAB_OTHER_ENUMS_513D683D_V1,TREATMENT,LAB_OTHER,BLOCKED_OWNER_APPROVAL,0,40,True,False,False,sha256:009a5c55e36343c3062f9d5f905a53caf4cbb8cde1b94aa7b01fdbd0306705a5
CHARPACKET_8B3AA176E6B1D1620E8B10BA8D8F4546,TRT_LAB_OTHER_ENUMS_8B6F5E6B_V1,TREATMENT,LAB_OTHER,BLOCKED_OWNER_APPROVAL,0,40,True,False,False,sha256:b7d18e5153adf39a5fef8d37294aae249bb98b7d637d095b4040628786de3a8e
CHARPACKET_28410A4126BBEFF9F8592FC7607239B5,TRT_LAB_OTHER_ERRORS_4C169AB3_V1,TREATMENT,LAB_OTHER,BLOCKED_OWNER_APPROVAL,0,40,True,False,False,sha256:6b2e286d470f8464735086c1c4f5fd4d5115a66eceeed2683f924f60561dad2a
CHARPACKET_0879229004A6441C611F981D0BC19108,TRT_LAB_OTHER_ERRORS_5E57676D_V1,TREATMENT,LAB_OTHER,BLOCKED_OWNER_APPROVAL,0,40,True,False,False,sha256:3651e3afb60630fbf8f018f18a64984c77241541c01a5da5cdc91908271cccb2
CHARPACKET_57E0E11E3238CD4CAA0A105D1B6EA652,TRT_LAB_OTHER_ERRORS_9E3FD7B5_V1,TREATMENT,LAB_OTHER,BLOCKED_OWNER_APPROVAL,0,40,True,False,False,sha256:6d94c5bc88479ee7b0358d87de922179e0e75f5525dde9035bdf068f50ddaeae
CHARPACKET_A51656DF5105CDBEA682F6D4393D7F71,TRT_LAB_OTHER_ERRORS_AF3B94EE_V1,TREATMENT,LAB_OTHER,BLOCKED_OWNER_APPROVAL,0,40,True,False,False,sha256:144231c853f74ce0470a610bfc78776c0ff5a76427d0f436b046f80ee4378e38
CHARPACKET_CE83D71136BBADE3E093578FDE8F5F26,TRT_LAB_OTHER_ERRORS_B7B83182_V1,TREATMENT,LAB_OTHER,BLOCKED_OWNER_APPROVAL,0,40,True,False,False,sha256:5df00893d96cd70027a26bf74bcf05db9ce730c5c871a720fdc4db56ffbdc6e0
CHARPACKET_78099E692924D04E6FE6495B1579EF9F,TRT_LAB_OTHER_ERRORS_FA5E772E_V1,TREATMENT,LAB_OTHER,BLOCKED_OWNER_APPROVAL,0,40,True,False,False,sha256:dc77eb420784803ad3715b58d0305f660395c0b9b257b5b851d377e6f5acf374
CHARPACKET_B33D7D2D4F9B7B82482B8DCB56DF223D,TRT_LAB_OTHER_GOVERNANCE_8A5113EB_V1,TREATMENT,LAB_OTHER,BLOCKED_OWNER_APPROVAL,0,40,True,False,False,sha256:e0360e33051bb306c4ac73ef14c43f5ebfef84a022d3eb539fddb8d96608e1a6
CHARPACKET_971270236B29E4FD94C1513130E91FDA,TRT_LAB_OTHER_HANDOFF_996138DC_V1,TREATMENT,LAB_OTHER,BLOCKED_OWNER_APPROVAL,0,40,True,False,False,sha256:d584782f0b00447ae6e9015a335a86e98f08e10132b1663354b30c6920d06bc6
CHARPACKET_8A2684FA57D6DE2EA4D7F6E89504A861,TRT_LAB_OTHER_HANDOFF_CDFF133F_V1,TREATMENT,LAB_OTHER,BLOCKED_OWNER_APPROVAL,0,40,True,False,False,sha256:1a178759613966ee117b38fbabc32a3af54bacc0593fa21d3de98207faf49733
CHARPACKET_C8B87FCD2005653EFB88F61F43F13211,TRT_LAB_OTHER_INIT_038B2A52_V1,TREATMENT,LAB_OTHER,BLOCKED_OWNER_APPROVAL,0,40,True,False,False,sha256:bf601b99873037d0f6d335824d28d6b371b0bdc8acdf4ef8fef46d8aa68021c8
CHARPACKET_17F9B11D41B2F5E27FAA7A52740FFC6B,TRT_LAB_OTHER_INTEGRITY_518AC0D9_V1,TREATMENT,LAB_OTHER,BLOCKED_OWNER_APPROVAL,0,40,True,False,False,sha256:298b8514875a3e041b852c2e0f8959709d6d51975687556975435e968e664117
CHARPACKET_B5A22ADD47605C55CD116DCD92617EBE,TRT_LAB_OTHER_INTEGRITY_6F40C0A2_V1,TREATMENT,LAB_OTHER,BLOCKED_OWNER_APPROVAL,0,40,True,False,False,sha256:751cce43f6911138bc12da8a7a73d7125e2938519db95e788fdc2cd9b72723f3
CHARPACKET_32403D12E4E2F68EC0408B91C382140E,TRT_LAB_OTHER_INTRABAR_9BDB6FA7_V1,TREATMENT,LAB_OTHER,BLOCKED_OWNER_APPROVAL,0,40,True,False,False,sha256:dae810d956b2c3306f794684e044762a116b48b3a69f71a7d7fb20c0590581d3
CHARPACKET_DEE8D1AFE630B44C631A1C60C641E8BD,TRT_LAB_OTHER_LICENSES_786C0BA4_V1,TREATMENT,LAB_OTHER,BLOCKED_OWNER_APPROVAL,0,40,True,False,False,sha256:91c8c33ea2c791ecd2f4cf41fe351f70a25176a85bf2a7081b9ba9b1faa81aa4
CHARPACKET_15EABBC6DA188CFA5FCBADA28359DD25,TRT_LAB_OTHER_MASKS_7283952E_V1,TREATMENT,LAB_OTHER,BLOCKED_OWNER_APPROVAL,0,40,True,False,False,sha256:3fea945e3dbbaff23e3f4221792889011744cc2a0f791ba205e7abc2c063f73b
CHARPACKET_047444E6AED8B55AB2CC7670FE1D12F9,TRT_LAB_OTHER_NUMERICS_84FC089D_V1,TREATMENT,LAB_OTHER,BLOCKED_OWNER_APPROVAL,0,40,True,False,False,sha256:3161d4151c0decbaba93956dc30342f37fcd3fd1ff196d7319b70f4b8fd5490e
CHARPACKET_FF18748575314053D3172685565D7768,TRT_LAB_OTHER_OBJECTIVES_2F68F238_V1,TREATMENT,LAB_OTHER,BLOCKED_OWNER_APPROVAL,0,40,True,False,False,sha256:5eb9bf4b3541f133225827d65784603255c6b91c3045bd311a2cf7abefa48e88
CHARPACKET_709CC80224CFBD2C6D67E6D903C470EE,TRT_LAB_OTHER_OUTCOME_E1ECCDEC_V1,TREATMENT,LAB_OTHER,BLOCKED_OWNER_APPROVAL,0,40,True,False,False,sha256:3f6f2d1b934cb00f4e30e301502648e87c24be247dce2dd2f6ad6c096f0eced4
CHARPACKET_54FCD0CCBDEFC40F75DABA7BDEB25EB7,TRT_LAB_OTHER_OVERLAP_7CA259C7_V1,TREATMENT,LAB_OTHER,BLOCKED_OWNER_APPROVAL,0,40,True,False,False,sha256:ee03435b0454714c79477d9630354f6fbbda06cc6f2e5c515313256a77942f1e
CHARPACKET_98A9DB2455256B0050A3407AA840736A,TRT_LAB_OTHER_PARAMETERS_4B5F1F4B_V1,TREATMENT,LAB_OTHER,BLOCKED_OWNER_APPROVAL,0,40,True,False,False,sha256:c4cbeba554cf632dfab514ec87a93b85eb733eaffe9c29cf530bbd61e79200a9
CHARPACKET_3BC28F319B6B0768790612A9A8C35ACA,TRT_LAB_OTHER_PARETO_9583BD31_V1,TREATMENT,LAB_OTHER,BLOCKED_OWNER_APPROVAL,0,40,True,False,False,sha256:96a6b0f04bf0874bb8fb47197982e7856a0bf46396a7bfcf2ec7ff696f01d760
CHARPACKET_83700E4F1BC34AC712766DBCB7046F83,TRT_LAB_OTHER_PARSER_9DEBA661_V1,TREATMENT,LAB_OTHER,BLOCKED_OWNER_APPROVAL,0,40,True,False,False,sha256:ac7c7f22d693a50b0c66026c549fb948e84056088c05a226cd2e613221e2b9ff
CHARPACKET_567B4519C8AC2112A65AF35E6EC3D16D,TRT_LAB_OTHER_PARTITION_72B44E97_V1,TREATMENT,LAB_OTHER,BLOCKED_OWNER_APPROVAL,0,40,True,False,False,sha256:7c7185e5072f1fe3d81ed2a3f8197603c55c1d5c865eb2f40ad10bf8e434c96f
CHARPACKET_1B36523E5071AB53F50D9C74DD2F53B5,TRT_LAB_OTHER_PLANS_B81273B9_V1,TREATMENT,LAB_OTHER,BLOCKED_OWNER_APPROVAL,0,40,True,False,False,sha256:4cba2c9994312a11354b69a50c32569dd073d736f88d1625d730dce7e45ed59b
CHARPACKET_ED39B01FBB42B4D8C9DB408E107F115C,TRT_LAB_OTHER_POLICY_VALUE_701564AA_V1,TREATMENT,LAB_OTHER,BLOCKED_OWNER_APPROVAL,0,40,True,False,False,sha256:6b614062aebff26cf56cdcf22e7fd7ec5d1a37463f762c35e06d7d3eb38a3a68
CHARPACKET_D7E170E505D137B5B788CD0932E3E7EA,TRT_LAB_OTHER_PRICE_4D4FC599_V1,TREATMENT,LAB_OTHER,BLOCKED_OWNER_APPROVAL,0,40,True,False,False,sha256:c6041f92fd0bdb3c3658a066da9b52f86fb4ce610542a9c74bf8cc6529621a10
CHARPACKET_E753F374773A25DE1A81ADB2FF093911,TRT_LAB_OTHER_PROPENSITY_D5CE69B5_V1,TREATMENT,LAB_OTHER,BLOCKED_OWNER_APPROVAL,0,40,True,False,False,sha256:aea7e955a648bc9a69e1fe361ba2a7b44ee79ed44db8e405277fc6351844c2c9
CHARPACKET_7DE40E8889C1C5A9344234F6A370DBB3,TRT_LAB_OTHER_PROVENANCE_42A399EE_V1,TREATMENT,LAB_OTHER,BLOCKED_OWNER_APPROVAL,0,40,True,False,False,sha256:ed179c21aa5d4b6b921040280fdd267c07a4ec1d0e4c3b1cfa13318cb948307c
CHARPACKET_13F5AB328BE2F2708E1B27BFD660ABBE,TRT_LAB_OTHER_RANKING_DE66F8FD_V1,TREATMENT,LAB_OTHER,BLOCKED_OWNER_APPROVAL,0,40,True,False,False,sha256:d9dcb9bc3393ea6db78666945d86cd688ea29fea1710b7297ce81ab382841225
CHARPACKET_5D9BB432CC59D15B0CD52F892EC6C5DC,TRT_LAB_OTHER_RANKING_E519585A_V1,TREATMENT,LAB_OTHER,BLOCKED_OWNER_APPROVAL,0,40,True,False,False,sha256:488148fd2f7433071c9f9bb3f1580553abf9842997e19c7fd4271850bb2501ed
CHARPACKET_3E97E9D55D30730861A3EA5C940820E7,TRT_LAB_OTHER_REGISTRY_ED277262_V1,TREATMENT,LAB_OTHER,BLOCKED_OWNER_APPROVAL,0,40,True,False,False,sha256:5c19b5f297bb217706cb7342691190a77e3afb0e6be02ac5aee9fe31c149c8cf
CHARPACKET_9F3B6AE0B0514A5DECB179FF050D69F3,TRT_LAB_OTHER_REGRET_09D3C27D_V1,TREATMENT,LAB_OTHER,BLOCKED_OWNER_APPROVAL,0,40,True,False,False,sha256:f2276bf91f8c7e44b327f4adb413862117bc9a01d8aef634cbb911c66a8f835b
CHARPACKET_5F229192F5F0B1E6B3A52357349BA962,TRT_LAB_OTHER_RELEASE_25CBE3C4_V1,TREATMENT,LAB_OTHER,BLOCKED_OWNER_APPROVAL,0,40,True,False,False,sha256:68a03214eb45b381b4595d058f189116eeb0556b5f325683a94918ea7b1d1be0
CHARPACKET_3DA06C7BE3769A8E0D5CE5DB581F9E4E,TRT_LAB_OTHER_REPLAY_884458FC_V1,TREATMENT,LAB_OTHER,BLOCKED_OWNER_APPROVAL,0,40,True,False,False,sha256:05d36a130384c0f2bd5fa5a82389ee38d9dd8f83458567fbf17fa4d9518cc825
CHARPACKET_A4CB5FAA0D31A128D59D875AFAC2FE5F,TRT_LAB_OTHER_REPLAY_959AE5FC_V1,TREATMENT,LAB_OTHER,BLOCKED_OWNER_APPROVAL,0,40,True,False,False,sha256:60a8e027d0eaaf92990e3558d16e55b5b51d01243ba389536d91d7c3f355bd87
CHARPACKET_3C1BA7557818BCBA4E9235234E0A7498,TRT_LAB_OTHER_RISKSETS_5876FFB2_V1,TREATMENT,LAB_OTHER,BLOCKED_OWNER_APPROVAL,0,40,True,False,False,sha256:2d4637564397216a6ba639bbb8ba6ca878473b36b2e43b690639047bd27d38fd
CHARPACKET_C4076B22D8840170A00B97A7D21E8213,TRT_LAB_OTHER_RISK_1AE8A260_V1,TREATMENT,LAB_OTHER,BLOCKED_OWNER_APPROVAL,0,40,True,False,False,sha256:d92946917187d22a28724036fba56c8555b8b925e0276cc67764e1f60e95efd2
CHARPACKET_85483EFB90D010C7A8E07FC3C6066FDC,TRT_LAB_OTHER_RISK_61B89FEB_V1,TREATMENT,LAB_OTHER,BLOCKED_OWNER_APPROVAL,0,40,True,False,False,sha256:eb90f31b630b69b11ffb5022829608279854c05c8b542fa193f3033b3bd596f1
CHARPACKET_91E03131048EC2051C3F8C958BF454F3,TRT_LAB_OTHER_RISK_78B9E022_V1,TREATMENT,LAB_OTHER,BLOCKED_OWNER_APPROVAL,0,40,True,False,False,sha256:b24a2a8acc30156f0e95e312f6cc1e1d5f7e87c02d9fe174d65de970f98a5a9d
CHARPACKET_B83E62B478A2C18C074490F89CA9FA15,TRT_LAB_OTHER_RISK_AD668142_V1,TREATMENT,LAB_OTHER,BLOCKED_OWNER_APPROVAL,0,40,True,False,False,sha256:58e04cea12afd09c86632e4fa46d78799e1d1a5af0298fcd183aa01680863eee
CHARPACKET_4590639D4047E517EFF7B31D7809C092,TRT_LAB_OTHER_SBOM_56C9A7AA_V1,TREATMENT,LAB_OTHER,BLOCKED_OWNER_APPROVAL,0,40,True,False,False,sha256:706b5810caf2048cbf191905083fd0f87248cedf607edc2619a4a760c1b33177
CHARPACKET_E39461BD7D2C17D7AA44A024683D08A9,TRT_LAB_OTHER_SECURITY_1BC70703_V1,TREATMENT,LAB_OTHER,BLOCKED_OWNER_APPROVAL,0,40,True,False,False,sha256:53abb36a3d8443dfa8322d9197009dc74b8fef58e06f14aee8db5fb6bb554f82
CHARPACKET_B351B2B82177AC92389409EC2B683022,TRT_LAB_OTHER_SECURITY_74A61E9C_V1,TREATMENT,LAB_OTHER,BLOCKED_OWNER_APPROVAL,0,40,True,False,False,sha256:d7b9903fb7ffa1c39bdde37d119ed621a022ff3368072faa915de1d5a57422a9
CHARPACKET_C714908AAA6E8D75A2BDBB5680C80E16,TRT_LAB_OTHER_SERVICE_30BD89FB_V1,TREATMENT,LAB_OTHER,BLOCKED_OWNER_APPROVAL,0,40,True,False,False,sha256:686c2113c7bbc6f27fc4bd44f5ad5b7e472fe4e76efcd3576dd0e1ad053a7f05
CHARPACKET_834EFE362A4755D31219FB2C9F83D861,TRT_LAB_OTHER_SERVICE_4BC79C78_V1,TREATMENT,LAB_OTHER,BLOCKED_OWNER_APPROVAL,0,40,True,False,False,sha256:baa19c8daffabe43040b0977066532df65002163a24548b7c7f9e3992dc66cd0
CHARPACKET_23A73B7F13F9954CB99E84F84F025D00,TRT_LAB_OTHER_SERVICE_585C4761_V1,TREATMENT,LAB_OTHER,BLOCKED_OWNER_APPROVAL,0,40,True,False,False,sha256:b1be80281a37aa471eef9c4756c1fa2237e4b81cdb305e8e9d1cfb2c24d15523
CHARPACKET_85CFEE375CCD1FEAC48C455F5BF53165,TRT_LAB_OTHER_SIZING_C2310D68_V1,TREATMENT,LAB_OTHER,BLOCKED_OWNER_APPROVAL,0,40,True,False,False,sha256:db15fb5ed0fdd47dd35f8206a62a710dc88bd8538ff284e3208e1f822c050804
CHARPACKET_49A2714CBD45F316CC38E1FBF29F2C6D,TRT_LAB_OTHER_SPLITS_06C8445B_V1,TREATMENT,LAB_OTHER,BLOCKED_OWNER_APPROVAL,0,40,True,False,False,sha256:4fbb4915ec72117678374a060786bae976aa6eac0d5357cc03c79454d17eb360
CHARPACKET_D988959C58FFC634E4B0DE7143D97C09,TRT_LAB_OTHER_STATE_MACHINE_73B91C48_V1,TREATMENT,LAB_OTHER,BLOCKED_OWNER_APPROVAL,0,40,True,False,False,sha256:b339246dbf3183be7d2ae453a9a27b39035f8f28fc3516487a668366e5f9cc3e
CHARPACKET_9B87B63408EAFDB14C48382EA4F888CF,TRT_LAB_OTHER_STOPPING_4164CA47_V1,TREATMENT,LAB_OTHER,BLOCKED_OWNER_APPROVAL,0,40,True,False,False,sha256:0388a6a7932793d2eb90d68bb13e32094102fac09f512659e1aab31bbf8b210c
CHARPACKET_34047B612B06189B8817F50F2DBFC0C0,TRT_LAB_OTHER_STOP_A6454FCD_V1,TREATMENT,LAB_OTHER,BLOCKED_OWNER_APPROVAL,0,40,True,False,False,sha256:41336e859bfcb8592d3af78ecd6e020a303f5a1065dabf1f0ea2064cb484414c
CHARPACKET_B672409CF6FF73C7B7BCE3B4C858357A,TRT_LAB_OTHER_TARGET_B773560A_V1,TREATMENT,LAB_OTHER,BLOCKED_OWNER_APPROVAL,0,40,True,False,False,sha256:dc69a6d15820167091c28f67568d9f5cdd97af76562ef93def8effc0c179b8b0
CHARPACKET_515395593637324E021C1990B08ACC9F,TRT_LAB_OTHER_TELEMETRY_52A19C38_V1,TREATMENT,LAB_OTHER,BLOCKED_OWNER_APPROVAL,0,40,True,False,False,sha256:3d4f2e6bac899eb666aae663b3b61f50894c6566c0cab2ba2305577fa4852a0b
CHARPACKET_F8CD8C941D96FFF8AA4823008E58AD5B,TRT_LAB_OTHER_TOURNAMENT_FEED7113_V1,TREATMENT,LAB_OTHER,BLOCKED_OWNER_APPROVAL,0,40,True,False,False,sha256:c4a68440bacb9d0be8ac68b00332b052ad051453c56e9045adc02438b61b0b6a
CHARPACKET_F58C989637225DDF28D64CEE00D9863C,TRT_LAB_OTHER_TRAILING_A4277300_V1,TREATMENT,LAB_OTHER,BLOCKED_OWNER_APPROVAL,0,40,True,False,False,sha256:c803d4eca8e02436c8f888360ee9dbb6af47fd937620e7493ab728ef615007e0
CHARPACKET_C371AAD251995ABF87C3E3D5712059DD,TRT_LAB_OTHER_TREATMENTS_A9B8512E_V1,TREATMENT,LAB_OTHER,BLOCKED_OWNER_APPROVAL,0,40,True,False,False,sha256:49f464644ef12e4a6b07d1d0033ea3a61727a514fbaf73cc232d5c0500fd9464
CHARPACKET_88DB516D28592C90A15A2FBC60484D87,TRT_LAB_OTHER_TREATMENT_UNIVERSE_9472C930_V1,TREATMENT,LAB_OTHER,BLOCKED_OWNER_APPROVAL,0,40,True,False,False,sha256:54d6db3247e0a1b766254e783138dd33334f10b5e5439b591c13fe2889dc5404
CHARPACKET_784A4FAD117A18636E30A5B14922B7E6,TRT_LAB_OTHER_UPSTREAM_6B6FFE6D_V1,TREATMENT,LAB_OTHER,BLOCKED_OWNER_APPROVAL,0,40,True,False,False,sha256:cba02ddb011c991e34d85d7b948c6fab4a49777173fed6c1ef1a0715a029e797
CHARPACKET_B50858944EA03F95F8EC689D060E5FA6,TRT_LAB_OTHER_UTILITIES_1FFF35FB_V1,TREATMENT,LAB_OTHER,BLOCKED_OWNER_APPROVAL,0,40,True,False,False,sha256:bd77affbddab92c215506123d9a4aee217fc8d4a7d0c04f76dfbc5a2a0abda92
CHARPACKET_8A130AF5DF32CDBE789513B7EEA0B4D0,TRT_LAB_OTHER_VALIDATION_367696B7_V1,TREATMENT,LAB_OTHER,BLOCKED_OWNER_APPROVAL,0,40,True,False,False,sha256:ea0cdf008682a55f181bd1a33e11286012d104788ba565cd743fdba5b91ab35f
CHARPACKET_7DEFB4400A3B11E02EE712B4EF8F0C63,TRT_LAB_OTHER_VALIDATION_7A488CEF_V1,TREATMENT,LAB_OTHER,BLOCKED_OWNER_APPROVAL,0,40,True,False,False,sha256:03af39f987c562629957e0c51287e570c61bc80bfb00e6be11fb88b352abd264
CHARPACKET_E6290DFEA0B416A5BA60A2FDA94413C9,TRT_LAB_OTHER_VALIDATION_A43C18F9_V1,TREATMENT,LAB_OTHER,BLOCKED_OWNER_APPROVAL,0,40,True,False,False,sha256:e5bff14d42ba5b5d4e2b5fc59a0cac714b17622f27b70710a020ab201ced7686
CHARPACKET_20B8D68FB27DF8181F43994BB9DC87DF,TRT_LAB_OTHER_VALIDATION_E7216CA0_V1,TREATMENT,LAB_OTHER,BLOCKED_OWNER_APPROVAL,0,40,True,False,False,sha256:4af6f14be9a3c061728aa5cf09955efbd9e3146597c15f2bd27162bfd38598a0
CHARPACKET_AB3C5F4687B9F3A9082F74F776F7232B,TRT_LAB_OTHER_VERSION_416C8BFC_V1,TREATMENT,LAB_OTHER,BLOCKED_OWNER_APPROVAL,0,40,True,False,False,sha256:e7e49666ef119b88dab3be7506d771db9a23b520c3fa85fb414e6481ec84a353
CHARPACKET_B145ECA5F638D107C9E40EA649C6E6CE,TRT_LAB_OTHER_VERSION_5DEBE663_V1,TREATMENT,LAB_OTHER,BLOCKED_OWNER_APPROVAL,0,40,True,False,False,sha256:448190cf6c254cf0d33d84f40f8e629d0af79a717cdfa59960dcbe8d636195c7
CHARPACKET_A9C55967345217E94C2F9BE076F1A101,TRT_LAB_OTHER_VERSION_6BDFC102_V1,TREATMENT,LAB_OTHER,BLOCKED_OWNER_APPROVAL,0,40,True,False,False,sha256:0cc737a5c5e001141fa796de8b122a6837bf70190ef865348e110fe4222f30e1
CHARPACKET_26386B3A7B43FDE35951153E39C64830,TRT_LAB_OTHER_VERSION_9E7D257D_V1,TREATMENT,LAB_OTHER,BLOCKED_OWNER_APPROVAL,0,40,True,False,False,sha256:6d296c79dfa3f2dafd577c644dfad3d1de0dc803228167e0358ae500ece88612
CHARPACKET_AFCC8B9318CCD4B93CB01D7424D17494,TRT_LAB_OTHER_VULNERABILITIES_DC47D50D_V1,TREATMENT,LAB_OTHER,BLOCKED_OWNER_APPROVAL,0,40,True,False,False,sha256:1679e202809a3250f259048ff19a2fad1181a185846c5399f81046098bca2d2c
CHARPACKET_FF76EF0C254A091EC06986F80540FF40,VIS_PRODUCT_LAB_GARTALNEWSALERTS_049A0FB2_V1,VISUALIZER,PRODUCT_LAB,BLOCKED_OWNER_APPROVAL,40,40,True,False,False,sha256:b9f12bc19bbd8f133be1c3ea3574791b481c5d4e724ba566f631d637e4ae3afb
CHARPACKET_5E8A9DA178456AA1C185CEA6828D2267,VIS_PRODUCT_LAB_GARTALNEWSDASHBOARDTHEME_11EA3C0A_V1,VISUALIZER,PRODUCT_LAB,BLOCKED_OWNER_APPROVAL,45,41,True,False,False,sha256:f95b0b5eb4725bd71ce9d5823e3c18b3cb31ba9c7a8a94628eab8715bd3582c6
CHARPACKET_BF0378B0E8A7DF06D4D9CE5B7D1DA23B,VIS_PRODUCT_LAB_GARTALNEWSRESILIENCE_A21BC233_V1,VISUALIZER,PRODUCT_LAB,BLOCKED_OWNER_APPROVAL,45,41,True,False,False,sha256:5e72ab0ad6a970deded3a028af2712f879580cb37191758a49947b878085e4ad
CHARPACKET_078063C81A1302FB1756C17E6A619D45,CTX_FLAG_COUNTING_NDS_HOOK_ZONE_NDS_F2_HTF_F1_TO_F2_WINDOW_CONTRACT_QA_B248989F_V1,CONTEXT,FLAG_COUNTING_NDS_HOOK_ZONE,BLOCKED_OWNER_APPROVAL,90,42,True,False,False,sha256:5675d9b78951de53e789aec91fb86bfb053a6b447b76d88d6a66d742d2f946e8
CHARPACKET_496362D55B45005D7A3073A8DFF3ED59,CTX_FLAG_COUNTING_NDS_HOOK_ZONE_NDS_F2_HTF_F_PHASE_FILTER_CONTRACT_QA_BCC88952_V1,CONTEXT,FLAG_COUNTING_NDS_HOOK_ZONE,BLOCKED_OWNER_APPROVAL,90,42,True,False,False,sha256:0a02d4e4654af575960a4cefc44e2ebe48abffdc5c9ca0ba24892c5156eaa6dd
CHARPACKET_D4C359032FE27B812F5B430C07246193,STP_ASTRO_RESEARCH_EXECUTION_DAL_ASTROSIGNALWINDOWS_50DFCBAC_V1,SETUP,ASTRO_RESEARCH_EXECUTION,BLOCKED_OWNER_APPROVAL,70,42,True,False,False,sha256:68e4f00a807a29271409c9d68e982069dd074fe6f345689538b01774700647db
CHARPACKET_08633ED78B969503AAFAE7248879C8F1,STP_EXP0017_CYCLE_GROUP_CGX_SIGNALSOURCE_BDCFD97A_V1,SETUP,EXP0017_CYCLE_GROUP,BLOCKED_OWNER_APPROVAL,70,42,True,False,False,sha256:318c4fe0c46f9285564e2cf72c7a82ecf8bf451da1f7e738349afb8ef643cd37
CHARPACKET_97452BEE82C3402D6570B12AD2B13A80,STP_EXP0018_DAYE_TRADER_DAYE_CONFIRMATIONENGINE_22F70BAA_V1,SETUP,EXP0018_DAYE_TRADER,BLOCKED_OWNER_APPROVAL,70,42,True,False,False,sha256:c74ec0238ba7e4dd3d1ca2c6ba2206846ff2b04441f41cb72a136c7d6bbcaded
CHARPACKET_D8B4752204CBD7846D79772CCCDB6F7B,CTX_EXP0017_CYCLE_GROUP_CGV_ENGINE_4B0166EE_V1,CONTEXT,EXP0017_CYCLE_GROUP,BLOCKED_OWNER_APPROVAL,95,43,True,False,False,sha256:2d2ecfa46ff854b91591bc2f05d5a9a48657be29ba716dd70cc2428a49bba3f0
CHARPACKET_B7AFF4142C969FB2F65F44BA436591E4,TRT_EXP0017_CYCLE_GROUP_CGX_ENTRYMODEL_805FD969_V1,TREATMENT,EXP0017_CYCLE_GROUP,BLOCKED_OWNER_APPROVAL,15,43,True,False,False,sha256:a368c8add56f28a8a56cce029c7e185be9987b9632057913ebcbd5a5e571946b
CHARPACKET_CF384C1800DD1A65CE6D688915F7D29F,TRT_EXP0017_CYCLE_GROUP_CGX_TARGETMODELATR_AA60AE94_V1,TREATMENT,EXP0017_CYCLE_GROUP,BLOCKED_OWNER_APPROVAL,15,43,True,False,False,sha256:c2264f801579f4c0d0c2cebfa3fd0ea1d10f644858445c35fd3e9d9fb93f1fb1
CHARPACKET_520D3429E300833B41D0977A97FF5A3F,TRT_EXP0017_CYCLE_GROUP_CGX_TARGETMODEL_74A31552_V1,TREATMENT,EXP0017_CYCLE_GROUP,BLOCKED_OWNER_APPROVAL,15,43,True,False,False,sha256:f0b456fe2f7c239c575e9617de72c8bd1e6bc1432ef71c5501538bfe73a104b7
CHARPACKET_EC0B2E5B1B89DCD71569D24707D236F0,TRT_FLAG_COUNTING_NDS_HOOK_ZONE_FP_ENTRYBRIDGETYPES_072AFAEE_V1,TREATMENT,FLAG_COUNTING_NDS_HOOK_ZONE,BLOCKED_OWNER_APPROVAL,15,43,True,False,False,sha256:6e23689ec17358715332a1de6408e6b6583e51698ef7c377ebb59baafd40dcc0
CHARPACKET_5919891D7C97DFCEC53D749223E54441,TRT_FLAG_COUNTING_NDS_HOOK_ZONE_FP_NDSENTRYTYPES_7EA9D5FC_V1,TREATMENT,FLAG_COUNTING_NDS_HOOK_ZONE,BLOCKED_OWNER_APPROVAL,15,43,True,False,False,sha256:0bd163b9d5e8d525eb7948710d0c336e05953bd2aa9cfcf491f7124479fbeaf2
CHARPACKET_B37FDA91E3AEF75C074D17C0C74EB787,VIS_EXP0018_DAYE_TRADER_DAYE_VISUALENGINE_4711C4C0_V1,VISUALIZER,EXP0018_DAYE_TRADER,BLOCKED_OWNER_APPROVAL,55,43,True,False,False,sha256:5db2d32ca05821b0b757899333b01f566fd33dc6b18ad3e081130dfce0bef8f8
CHARPACKET_5911E33088210B76C4173CC401139FF3,VIS_EXP0019_FAERIE_PROTOCOL_EXP0019_FP_I10_INDICATORSELFTEST_A9303203_V1,VISUALIZER,EXP0019_FAERIE_PROTOCOL,BLOCKED_OWNER_APPROVAL,55,43,True,False,False,sha256:356d068cd32d9c98d1c1dc16a9554270ffd8e03d6f6acc60f27bd41979a6fd15
CHARPACKET_BC90BA4CB09717C79169155624CA8CC0,VIS_FLAG_COUNTING_NDS_HOOK_ZONE_FP_HOOKPHASE02VISUAL_E3A1102A_V1,VISUALIZER,FLAG_COUNTING_NDS_HOOK_ZONE,BLOCKED_OWNER_APPROVAL,55,43,True,False,False,sha256:b9cdff038ae53b66487e937030eb0e73812def4d778fd76be51ae9dcd9ddac1d
CHARPACKET_128D1491C3EAFA98DE987165D77B5414,CTX_EXP0018_DAYE_TRADER_VALIDATE_EXP0018_PHASE07_REFERENCE_LIFEC_8AAFFDEC_V1,CONTEXT,EXP0018_DAYE_TRADER,BLOCKED_OWNER_APPROVAL,100,45,True,False,False,sha256:50a076f72865fc596b457cecdf7ce8544b42c8cadd8a8aaf8cec5f476d6d8977
CHARPACKET_16D2F0F9FA93220CF014C2C2306693E6,CTX_EXP0018_DAYE_TRADER_VALIDATE_EXP0018_PHASE08_DIVERGENCE_DRAW_CD61590F_V1,CONTEXT,EXP0018_DAYE_TRADER,BLOCKED_OWNER_APPROVAL,100,45,True,False,False,sha256:be743e3dc5ba97ee5af8f7ffb94f2e405b8ae6da5ce01164199fa3150b239cef
CHARPACKET_881E1A6FCC6EADC201B21D4101BE033D,CTX_EXP0018_DAYE_TRADER_VALIDATE_EXP0018_PHASE09_SESSION_BOXES_V_6C399DC1_V1,CONTEXT,EXP0018_DAYE_TRADER,BLOCKED_OWNER_APPROVAL,100,45,True,False,False,sha256:896467d16b2d7ae30c4df79816cc59626ab52c1515a1ebdd7154adc05cc99140
CHARPACKET_B65CDF14A48CA2A61F42E6C83AD70FEB,CTX_FLAG_COUNTING_NDS_HOOK_ZONE_NDS_F2_WAIST_BACKTEST_CONTRACT_QA_46EF7F25_V1,CONTEXT,FLAG_COUNTING_NDS_HOOK_ZONE,BLOCKED_OWNER_APPROVAL,100,45,True,False,False,sha256:18b3a4a386637bb1e0c322bff66a83f6b4d2b0bd01ff1f5418e57e89cf0dee3e
CHARPACKET_30F6779D47667623D4785D898F153613,CTX_FLAG_COUNTING_NDS_HOOK_ZONE_NDS_F2_WAIST_BREAK_POINT2_CONTRACT_QA_40E621BF_V1,CONTEXT,FLAG_COUNTING_NDS_HOOK_ZONE,BLOCKED_OWNER_APPROVAL,100,45,True,False,False,sha256:1aac9b62370ffbdd834ba19806066c218b11c2e70461422392903ae84669e8b7
CHARPACKET_68EA156F5804B06CA112C6E12B5CB9A4,CTX_FLAG_COUNTING_NDS_HOOK_ZONE_NDS_HOOK_CONTRACT_QA_D6ABBEED_V1,CONTEXT,FLAG_COUNTING_NDS_HOOK_ZONE,BLOCKED_OWNER_APPROVAL,100,45,True,False,False,sha256:967fcf3fff981fc29b44d471016c27e99b3a827479cf00358dc03ffa3c23161f
CHARPACKET_74B55287F93A0FD3DDA9335AA9AD6DC6,CTX_FLAG_COUNTING_NDS_HOOK_ZONE_NDS_HOOK_TRADE_CONTRACT_QA_1B20B4BF_V1,CONTEXT,FLAG_COUNTING_NDS_HOOK_ZONE,BLOCKED_OWNER_APPROVAL,100,45,True,False,False,sha256:0d71f5f5d6f91fbb4178009a9d0e28fe13916563fe9ed7176fa01ebe71f7c00f
CHARPACKET_EBE202399002E96B2CAE84081BBF8E1C,CTX_FLAG_COUNTING_NDS_HOOK_ZONE_NDS_LIGHTWEIGHT_BACKTEST_CONTRACT_QA_A4FCDAA7_V1,CONTEXT,FLAG_COUNTING_NDS_HOOK_ZONE,BLOCKED_OWNER_APPROVAL,100,45,True,False,False,sha256:077df7c56218fc8e16b72ca11a77d7ecd1725f3a9ac40e741328f072230f21c6
CHARPACKET_0E367F531383C999502393B4F0A93998,TRT_ASTRO_RESEARCH_EXECUTION_ASTRO_FINAL_ENTRY_REPORT_FB56A612_V1,TREATMENT,ASTRO_RESEARCH_EXECUTION,BLOCKED_OWNER_APPROVAL,20,45,True,False,False,sha256:0c6ccda3689abf2310976c4c9ea0f63558bfea02a4100706ad6c6f64c1afc159
CHARPACKET_5138B9713593FBA2175A8A6E2791019C,TRT_LAB_OTHER_ABSTENTION_B2110C30_V1,TREATMENT,LAB_OTHER,BLOCKED_OWNER_APPROVAL,20,45,True,False,False,sha256:bbf81dbc3b5b17b9470e75414f26ea1dfcbb7aad1bb9f3db5c9b90a13b256af1
CHARPACKET_686A1F0CC2F5B1305BDBCB779598994D,TRT_LAB_OTHER_BASELINES_B309DF91_V1,TREATMENT,LAB_OTHER,BLOCKED_OWNER_APPROVAL,20,45,True,False,False,sha256:6a51a36723003d4d8c423f494b7941646b7528f52aa3d2a1dbc51f4a2d3d6a29
CHARPACKET_B0514596351AF9049860C3CEBE74A095,TRT_LAB_OTHER_CANONICAL_76F2431B_V1,TREATMENT,LAB_OTHER,BLOCKED_OWNER_APPROVAL,20,45,True,False,False,sha256:8014794b4aed4aa22b0c3bca078f2f00237964a873eee3947878d075ebab0871
CHARPACKET_27E2860CDCDAA555E048A6BE86E0E0CF,TRT_LAB_OTHER_COMPILER_9B80732B_V1,TREATMENT,LAB_OTHER,BLOCKED_OWNER_APPROVAL,20,45,True,False,False,sha256:ec6934b6c8f57084e7128f7bfc6d3d138efcbb8a11906f9be1c5d2b283e06bf7
CHARPACKET_C27455FAEB1E8B66A303DE0D2BB267AC,TRT_LAB_OTHER_CONTEXT_E2E5728D_V1,TREATMENT,LAB_OTHER,BLOCKED_OWNER_APPROVAL,20,45,True,False,False,sha256:438e54abfd8cf16dade2c5e81fb0d57ca520f5fcc39c4c0c2e8df84f97effdd6
CHARPACKET_4A9C1F97E7E16968B458E5A5315E13B0,TRT_LAB_OTHER_DATASET_49AA85DF_V1,TREATMENT,LAB_OTHER,BLOCKED_OWNER_APPROVAL,20,45,True,False,False,sha256:21c86fb3dee2af3cda9ba072e90c56f86559d8c7c9f9696e61d6c799f750796d
CHARPACKET_8EDE99747D36FBAE27B4B7A03762F07B,TRT_LAB_OTHER_FIXTURES_EBE92A91_V1,TREATMENT,LAB_OTHER,BLOCKED_OWNER_APPROVAL,20,45,True,False,False,sha256:73e952ddd461a81c9fd60af38b34372d2e2b38a4fc0c523d2ae6c896b7e5e0f5
CHARPACKET_FAEA9F7BD17185FB3D57449D27734162,TRT_LAB_OTHER_GRAPH_BINDING_6E43176D_V1,TREATMENT,LAB_OTHER,BLOCKED_OWNER_APPROVAL,20,45,True,False,False,sha256:4eda8f5576f913b58c4818f6c8a592ccad8a7e3db8a423411b073cacad54b9d7
CHARPACKET_406EA1A09EC7A5BC576E22652F4E9D44,TRT_LAB_OTHER_MANAGEMENT_83631208_V1,TREATMENT,LAB_OTHER,BLOCKED_OWNER_APPROVAL,20,45,True,False,False,sha256:d2c530236485e8cf4bb9b8e0672ff1ff54808fa226206fcd53378bbf2021476c
CHARPACKET_8517D90E06B12F7C39B000467C34A41D,TRT_LAB_OTHER_NUMERICS_694A37D0_V1,TREATMENT,LAB_OTHER,BLOCKED_OWNER_APPROVAL,20,45,True,False,False,sha256:6d0337c053581b8dd6ec2a7ba8c23eb95ff5fb400202722f08945767fc9fd71d
CHARPACKET_19145B7E8ED4757A90D3CDD8506819DC,TRT_LAB_OTHER_POLICIES_71F3F5B8_V1,TREATMENT,LAB_OTHER,BLOCKED_OWNER_APPROVAL,20,45,True,False,False,sha256:ba9313376b5f148f90e317cf728dbe1bb1498895c7ecfc775863d5ad0f1d9fb0
CHARPACKET_2E93278F591707B72BCC20B448F6DFC6,TRT_LAB_OTHER_PROVENANCE_748C8B4D_V1,TREATMENT,LAB_OTHER,BLOCKED_OWNER_APPROVAL,20,45,True,False,False,sha256:4b1f07d030918d3ba8c42df9cd613db650286c649943c736db4234d4f22711ff
CHARPACKET_92C8A8B6F0AD253F396783064F52A6B2,TRT_LAB_OTHER_SENSITIVITY_082FE4C1_V1,TREATMENT,LAB_OTHER,BLOCKED_OWNER_APPROVAL,20,45,True,False,False,sha256:eb6d0ae491525d3f4296c50857fb8042ba67ce1d722227654c597ed9bceb6d4b
CHARPACKET_1DE216D872874A90E2EC47EF43502421,TRT_LAB_OTHER_SERVICE_AD329ABD_V1,TREATMENT,LAB_OTHER,BLOCKED_OWNER_APPROVAL,20,45,True,False,False,sha256:620e1e79f55b1befb5312e392d28d981b9b4ee92268da76264130e542e366391
CHARPACKET_0375E62E44C22C4F952FC78C4EC753F7,TRT_LAB_OTHER_SET_VALUED_131D1C5B_V1,TREATMENT,LAB_OTHER,BLOCKED_OWNER_APPROVAL,20,45,True,False,False,sha256:9ee46891bd3aac4b376875d6fa4f5be5ef457bbd123dfbbcc19ed17fd9deab86
CHARPACKET_7D899DAA3C73B933CCD0E95571AE067E,TRT_LAB_OTHER_TREATMENT_DD043DDA_V1,TREATMENT,LAB_OTHER,BLOCKED_OWNER_APPROVAL,20,45,True,False,False,sha256:fa07296bd067fbf7ff51690ff3555c2dbba44e8c146057ae9ac355e711d17f7f
CHARPACKET_292C1DF918CE32E9EABC3D96530C79FC,VIS_EXP0019_FAERIE_PROTOCOL_EXP0019_FAERIEPROTOCOL_CONTEXT_23B7854B_V1,VISUALIZER,EXP0019_FAERIE_PROTOCOL,BLOCKED_OWNER_APPROVAL,65,46,True,False,False,sha256:f89dbd90568cb004a4a3bc07caa916b8b65e595297275186c170eaf954038685
CHARPACKET_C33D62107A60FB1A63DE5277E52ACBB7,TRT_FLAG_COUNTING_NDS_HOOK_ZONE_FP_ENTRYBRIDGERULES_9E72B2B9_V1,TREATMENT,FLAG_COUNTING_NDS_HOOK_ZONE,BLOCKED_OWNER_APPROVAL,30,47,True,False,False,sha256:8500ff3fc9e8ec86a9996ad627ae3e34272d19bb889259db7f0daf4e8b826192
CHARPACKET_F0F281AA009AEB54F29D1706252EEC4E,TRT_LAB_OTHER_MODELS_578A13D1_V1,TREATMENT,LAB_OTHER,BLOCKED_OWNER_APPROVAL,30,47,True,False,False,sha256:7a3f11db65d51b789fc89b461e6d3a59d78354777caa9cd125a47bc50b61e3ac
CHARPACKET_315C6AC52168BC62EC49AE893609BDF6,TRT_LAB_OTHER_STATIC_ANALYSIS_619EFF3C_V1,TREATMENT,LAB_OTHER,BLOCKED_OWNER_APPROVAL,30,47,True,False,False,sha256:d1df1fe04aa929660c0f1a43e636d3945cf22ed8927a9211a9eb4474affa191b
CHARPACKET_C513F88DD58CD4B9E21509F5AB6D0CB1,VIS_EXP0019_FAERIE_PROTOCOL_FP_I14_INDICATORPROBE_EFF0B425_V1,VISUALIZER,EXP0019_FAERIE_PROTOCOL,BLOCKED_OWNER_APPROVAL,70,47,True,False,False,sha256:d10e308479abad984c823c913715a4259f2b5fff2c9f33ea4026f16e617c2ad7
CHARPACKET_09439554B700A9BE73980321BB9E6155,VIS_PRODUCT_LAB_GARTALTERMINAL_1D881A3B_V1,VISUALIZER,PRODUCT_LAB,BLOCKED_OWNER_APPROVAL,70,47,True,False,False,sha256:63b68d1d0629dc389dcd9324ede4f58a389bd229023712bf1ced0ae433e76426
CHARPACKET_145465E929AB07C28ED348E669C6D27F,TRT_LAB_OTHER_CLI_48839832_V1,TREATMENT,LAB_OTHER,BLOCKED_OWNER_APPROVAL,35,48,True,False,False,sha256:00158aefaa1ace3e496009231a5c7f7f7b939816e87f8c3b167517103269b452
CHARPACKET_7BA0567CFF94F975F1DFA87677AC86AC,TRT_LAB_OTHER_CLI_C03C0ED4_V1,TREATMENT,LAB_OTHER,BLOCKED_OWNER_APPROVAL,35,48,True,False,False,sha256:4ba31099ae1cefc6b9cdd9db151985db4b424eac76613715a7fd4b6898f660cb
CHARPACKET_718A8C9E06DE869A3761C03CF0DC614C,TRT_LAB_OTHER_CLI_F7CE1BB7_V1,TREATMENT,LAB_OTHER,BLOCKED_OWNER_APPROVAL,35,48,True,False,False,sha256:51dd4c7fc212cec1e5123f0634cabedef34f63b126c39938f1815324913c1e51
CHARPACKET_A2BB2B95FA29FF2D753ED6D5C71C5DC3,TRT_LAB_OTHER_CONTRACTS_E2466A89_V1,TREATMENT,LAB_OTHER,BLOCKED_OWNER_APPROVAL,35,48,True,False,False,sha256:391a72fbc6a36e7e9b68b641551afa700cf75a17233d9af03c9a1daf98fbb95a
CHARPACKET_6E04E0B86AF31F53C2B5B9208F9352F1,TRT_LAB_OTHER_SERIALIZATION_F21094A7_V1,TREATMENT,LAB_OTHER,BLOCKED_OWNER_APPROVAL,35,48,True,False,False,sha256:1c23f71fdc749d2555666189966b2b867ea5d6a4ab8ebe3d5b3e8056fc4a24b9
CHARPACKET_8590BEF9EF849BA5C9E955D9D26AF45A,ADP_ASTRO_RESEARCH_EXECUTION_DAL_ASTRODISTRIBUTIONADAPTER_DB92ADA6_V1,ADAPTER,ASTRO_RESEARCH_EXECUTION,BLOCKED_OWNER_APPROVAL,0,50,True,False,False,sha256:20835a86326c097ec925a887a0176e393a449a2196e7d3f6d04a6f94c0991fe3
CHARPACKET_47748F5B3B674D23B4C788C5DE7306A3,ADP_EXECUTION_E_SERIES_DAL_E0006EXITTARGETS_45D5DB64_V1,ADAPTER,EXECUTION_E_SERIES,BLOCKED_OWNER_APPROVAL,0,50,True,False,False,sha256:2da7fdcb062496e1845b9fb8e61f98c8ab819a8828da751ceea4f1ba7a3823c2
CHARPACKET_35848AEA0CA5475749B7ED3636CFA73F,ADP_EXECUTION_E_SERIES_DAL_E0006INTERNALHUNTS_829C976F_V1,ADAPTER,EXECUTION_E_SERIES,BLOCKED_OWNER_APPROVAL,0,50,True,False,False,sha256:bebd0114f102e38f1fd521f7ef5e0a2f08a9687796c55b5c0ec032e104d350b1
CHARPACKET_A2EFA61FFC70DFF2D50D8D5DD9CF7198,ADP_EXECUTION_E_SERIES_DAL_E0006TYPES_8200C30F_V1,ADAPTER,EXECUTION_E_SERIES,BLOCKED_OWNER_APPROVAL,0,50,True,False,False,sha256:a326d2a7dfb46f6fdcb3fd5655e84c35ee85edf0e3e2a99bc05c5562ace91627
CHARPACKET_A95C165BA9938CC221DEAFBE18ECF3D3,ADP_EXECUTION_E_SERIES_DAL_E0006ZONEPRICING_D18BE801_V1,ADAPTER,EXECUTION_E_SERIES,BLOCKED_OWNER_APPROVAL,0,50,True,False,False,sha256:76ef307980991e76f31ee8ca6672f48ede86a97a7b153509917fbee1febe729e
CHARPACKET_577BB07BD99CAE5195523E48F181D5B9,ADP_EXECUTION_E_SERIES_DAL_E0007MODULES_80F06219_V1,ADAPTER,EXECUTION_E_SERIES,BLOCKED_OWNER_APPROVAL,0,50,True,False,False,sha256:a9326e6f2b4eaf96f58eb25513756ae90f0348c2a1e399104882ce74f63f3478
CHARPACKET_5A8CB9E76154375F2775F0C5C79D598E,ADP_EXECUTION_E_SERIES_DAL_E0008MICROTRIGGER_2ACBFDF0_V1,ADAPTER,EXECUTION_E_SERIES,BLOCKED_OWNER_APPROVAL,0,50,True,False,False,sha256:92f261def8c90652a6881bbe549448a369eaa2f7740c8bd0a55b2fbcba39c810
CHARPACKET_357C86A8C14E1E0DE1C4B6E8F5B394EA,ADP_EXECUTION_E_SERIES_DAL_E0008MODULES_135D18D7_V1,ADAPTER,EXECUTION_E_SERIES,BLOCKED_OWNER_APPROVAL,0,50,True,False,False,sha256:f809656aaa012fdc05ee1d701a738ccb5055ee53dbc225d1cfff6590b6ba557e
CHARPACKET_2BBD83EFBC9BD6D360F0DDA06490DCE4,ADP_EXECUTION_E_SERIES_DAL_E0008MTFCONTEXT_DBB86B1D_V1,ADAPTER,EXECUTION_E_SERIES,BLOCKED_OWNER_APPROVAL,0,50,True,False,False,sha256:29409ee97ba1b012b617a882175bdfe3c71020e71652e7756170cb921562edde
CHARPACKET_EB466F5A274ECA59E24E8277F2F1D0E1,ADP_EXECUTION_E_SERIES_DAL_E0009MODULES_BD498EC6_V1,ADAPTER,EXECUTION_E_SERIES,BLOCKED_OWNER_APPROVAL,0,50,True,False,False,sha256:ceaa068def15b1de733092daaca30745e29ac6f24c8e36dd99c19def5d18cbf6
CHARPACKET_E3279DD9C2631ADD5B71C888B3C674DC,ADP_EXECUTION_E_SERIES_DAL_EXECRISK_BFBE92E8_V1,ADAPTER,EXECUTION_E_SERIES,BLOCKED_OWNER_APPROVAL,0,50,True,False,False,sha256:74a49085d8cb2f6813631a33081aa17b9d2d8449527c1a337895e8db5499644c
CHARPACKET_B842898CCBA841358EFA46F3E5EFBC70,ADP_EXP0016_INTERMARKET_EXECUTION_DAL_STC_ENUMS_3B5624B5_V1,ADAPTER,EXP0016_INTERMARKET_EXECUTION,BLOCKED_OWNER_APPROVAL,0,50,True,False,False,sha256:217878e233e7811cfa12a96d9160a61bfbfb4c9ebff6619ad5d9472808e0185f
CHARPACKET_ED96BC6B65D9E7733AEC3B73B7B019AC,ADP_EXP0016_INTERMARKET_EXECUTION_DAL_STC_HARDCLOSE_EE1A3CC4_V1,ADAPTER,EXP0016_INTERMARKET_EXECUTION,BLOCKED_OWNER_APPROVAL,0,50,True,False,False,sha256:7c91dc164c9577a7d4b75bb195c61b88d080205acf125e8016766ac8a4f2b0d8
CHARPACKET_FC76C014D8E506F125EB6BAC5C1A3267,ADP_EXP0016_INTERMARKET_EXECUTION_DAL_STC_HUNTS_662CC4D4_V1,ADAPTER,EXP0016_INTERMARKET_EXECUTION,BLOCKED_OWNER_APPROVAL,0,50,True,False,False,sha256:3496e5a028e82472fe6a067e0db662baa4583e2fea6ee00e59d720b1c7acfae7
CHARPACKET_2EC16F256B9E5E4DEC7D7FC5FC0123E6,ADP_EXP0016_INTERMARKET_EXECUTION_DAL_STC_LICENSEAUDIT_02897F3F_V1,ADAPTER,EXP0016_INTERMARKET_EXECUTION,BLOCKED_OWNER_APPROVAL,0,50,True,False,False,sha256:065aa32aafe9ed9a03b38a8e40ca90192d46b9196aac79c3c1f3b6eeb85218af
CHARPACKET_31CDF4663DE25FA81D6E76CB3AFE8047,ADP_EXP0016_INTERMARKET_EXECUTION_DAL_STC_LICENSECRYPTO_62AAB787_V1,ADAPTER,EXP0016_INTERMARKET_EXECUTION,BLOCKED_OWNER_APPROVAL,0,50,True,False,False,sha256:29cceb048f1365aa6e89d7cd105c0c1aba7e243afb719c570852d3a4d701c859
CHARPACKET_29128ED7AB82794A37AFE248A44146E4,ADP_EXP0016_INTERMARKET_EXECUTION_DAL_STC_LICENSETYPES_6E84FCD7_V1,ADAPTER,EXP0016_INTERMARKET_EXECUTION,BLOCKED_OWNER_APPROVAL,0,50,True,False,False,sha256:842ca056f32ea446404da75948de819d32d82415cbd8a07f5d0fc05c895b94d7
CHARPACKET_4BEB824E004A34B5CA2BABE339F29D34,ADP_EXP0016_INTERMARKET_EXECUTION_DAL_STC_PAPER_CC92AAE0_V1,ADAPTER,EXP0016_INTERMARKET_EXECUTION,BLOCKED_OWNER_APPROVAL,0,50,True,False,False,sha256:ac0732ff40272e24701dea1465a350ad28f5225c3cb43f23448883483fa19a73
CHARPACKET_9AF92D2B14F95266489B7C0298BE2BA3,ADP_EXP0016_INTERMARKET_EXECUTION_DAL_STC_SIGNALS_29998129_V1,ADAPTER,EXP0016_INTERMARKET_EXECUTION,BLOCKED_OWNER_APPROVAL,0,50,True,False,False,sha256:a6ad21b7fe519eef1f8c79c958c658145382bf8bfbf0610c8b96437857e5f8d4
CHARPACKET_AA08BE77AFE68ABCFF0EA3B7CE6A327C,ADP_EXP0016_INTERMARKET_EXECUTION_DAL_STC_WLEVELS_D8B98E3F_V1,ADAPTER,EXP0016_INTERMARKET_EXECUTION,BLOCKED_OWNER_APPROVAL,0,50,True,False,False,sha256:925fc72a2961d890a6570cfc5c116115568479aa8d792f14687ebd8c91ed9e05
CHARPACKET_3C7297C530D51CE704812F1FAE06ECAE,ADP_EXP0019_FAERIE_PROTOCOL_CLI_DE61B011_V1,ADAPTER,EXP0019_FAERIE_PROTOCOL,BLOCKED_OWNER_APPROVAL,0,50,True,False,False,sha256:a28f42738f4eb05ae078a467c3f5a6fa08fe18fe8dde880bac9a2e75b833df4f
CHARPACKET_11638F2F8559A0D33A06820AEF8E79D5,ADP_EXP0019_FAERIE_PROTOCOL_DIFFERENTIAL_B9BC24E6_V1,ADAPTER,EXP0019_FAERIE_PROTOCOL,BLOCKED_OWNER_APPROVAL,0,50,True,False,False,sha256:ade37a7afea0c14f7d4c008a3e79a2d9c9d12a76d78e634642ec2e6317dbbb41
CHARPACKET_DD962B116F1E66D03E9D961CEB0EBB67,ADP_EXP0019_FAERIE_PROTOCOL_ENUMS_171FFF2C_V1,ADAPTER,EXP0019_FAERIE_PROTOCOL,BLOCKED_OWNER_APPROVAL,0,50,True,False,False,sha256:b16d5b3ea03c967e14d8abb2a47b402e8a00d8b815b17fe8898466c54dbd13c2
CHARPACKET_7D2FE58A9D47CD03F342C9D91D579022,ADP_EXP0019_FAERIE_PROTOCOL_ERRORS_13A96A0C_V1,ADAPTER,EXP0019_FAERIE_PROTOCOL,BLOCKED_OWNER_APPROVAL,0,50,True,False,False,sha256:3310bca5c2396681656ccc469ecfcf421ee50a4079a0f0ef4fd530efd2c8546f
CHARPACKET_328A9C2F8DF0F1BA658840EE71FCDE5C,ADP_EXP0019_FAERIE_PROTOCOL_EXP0019_FP_I01_COMPATIBILITYSELFTEST_FA074300_V1,ADAPTER,EXP0019_FAERIE_PROTOCOL,BLOCKED_OWNER_APPROVAL,0,50,True,False,False,sha256:7260561d6d77863d826e3c94a722f33c7096eee0006043cea9bdd4499addd1e5
CHARPACKET_62B499D2571A03BDF9CE915AD7FFACD2,ADP_EXP0019_FAERIE_PROTOCOL_FP_I01_ALL_E6861FCF_V1,ADAPTER,EXP0019_FAERIE_PROTOCOL,BLOCKED_OWNER_APPROVAL,0,50,True,False,False,sha256:dcbf1ccd334cf812e27491f5dff69fcfdfcfbad87d48490c3f39c6612b066acd
CHARPACKET_70B215A270EB717EF1C36963D4119984,ADP_EXP0019_FAERIE_PROTOCOL_FP_I01_DAYEADAPTERS_7EBEE7FF_V1,ADAPTER,EXP0019_FAERIE_PROTOCOL,BLOCKED_OWNER_APPROVAL,0,50,True,False,False,sha256:dcc46caea3514e620b739814b2fcd00e35bf898d87668ea82cbc0a387ced64f2
CHARPACKET_B91140CBE9DEAAA8E94A29683A3DE625,ADP_EXP0019_FAERIE_PROTOCOL_FP_I01_DEPENDENCYPINS_634ECB60_V1,ADAPTER,EXP0019_FAERIE_PROTOCOL,BLOCKED_OWNER_APPROVAL,0,50,True,False,False,sha256:7e665a8c16445147863a69b6fda8f65fcfba0a759c8fabd53b56388ecc56d063
CHARPACKET_EAD85EC422C0B4285EA39B547739C046,ADP_EXP0019_FAERIE_PROTOCOL_FP_I01_ENUMS_6BABBDCB_V1,ADAPTER,EXP0019_FAERIE_PROTOCOL,BLOCKED_OWNER_APPROVAL,0,50,True,False,False,sha256:c47745a42d5f5c17e9d87ddf92b744ba3bd25a1ef3abd78eb10a1575d1eecee0
CHARPACKET_1E27CE6A5804D0DAA6B2FF365238AF61,ADP_EXP0019_FAERIE_PROTOCOL_FP_I01_REGISTRY_45BEB198_V1,ADAPTER,EXP0019_FAERIE_PROTOCOL,BLOCKED_OWNER_APPROVAL,0,50,True,False,False,sha256:3d63e0a46fdbe6bda049632edce4a10bdbb97f196211a948c5b304f27a259153
CHARPACKET_BC4CED217D563CC7BF114A98A0772EA4,ADP_EXP0019_FAERIE_PROTOCOL_HASH_GUARD_E5D656DF_V1,ADAPTER,EXP0019_FAERIE_PROTOCOL,BLOCKED_OWNER_APPROVAL,0,50,True,False,False,sha256:d8071aa7c40605041839c97625935c3f6ca732d641298620efe7af39c4bef8b4
CHARPACKET_DAA1AF322D3A62E51F8F7FF223C21CB4,ADP_EXP0019_FAERIE_PROTOCOL_VALIDATOR_D08C1B31_V1,ADAPTER,EXP0019_FAERIE_PROTOCOL,BLOCKED_OWNER_APPROVAL,0,50,True,False,False,sha256:42e2f6a03d9fc8895b6b6743f8d62e03491bad2820e1b64345dd89d4936d3ced
CHARPACKET_C5FB0D3EAFC1EB304913B05F328A3C01,ADP_LAB_OTHER_ACL01COMPATIBILITYENVELOPE_CD26DA90_V1,ADAPTER,LAB_OTHER,BLOCKED_OWNER_APPROVAL,0,50,True,False,False,sha256:51a2e19fad8c6a73a5c8137f0b9013a8e6bc6b9e5eee7176389da72486e1f35e
CHARPACKET_60778429B4665C48D8027FAE3C1DB59A,ADP_LAB_OTHER_ADAPTERS_6C36A827_V1,ADAPTER,LAB_OTHER,BLOCKED_OWNER_APPROVAL,0,50,True,False,False,sha256:7ca597efd7c893611942e72c10876680b3319aebf85a59c945577b4dc49d9b97
CHARPACKET_E98FE441A44CDE10DD1884C533CEE580,ADP_LAB_OTHER_ADAPTERS_6E8267E8_V1,ADAPTER,LAB_OTHER,BLOCKED_OWNER_APPROVAL,0,50,True,False,False,sha256:3a5dd3e12567ffc634c1c64a535a9f5ac84ce22bb3d55d782985626278056b94
CHARPACKET_47A6949AED7909012E6560105FB6A906,ADP_LAB_OTHER_ADAPTERS_9A92B3B6_V1,ADAPTER,LAB_OTHER,BLOCKED_OWNER_APPROVAL,0,50,True,False,False,sha256:d369dc94cb050dc6311ee3c0d07d7f06fd022d30ad0e8af932619c44f5063e50
CHARPACKET_6A5624BAF2012DD86870D067F68F2B9A,ADP_LAB_OTHER_ADAPTER_91D6E31A_V1,ADAPTER,LAB_OTHER,BLOCKED_OWNER_APPROVAL,0,50,True,False,False,sha256:b8984dff0e959e27f7de8af1efc376f9fee3e11591cab7148a949ab39a6e9e94
CHARPACKET_19889A8ABE6F1ECBC2DBE6A3D9F52850,ADP_LAB_OTHER_AUTHORITY_E2FA079E_V1,ADAPTER,LAB_OTHER,BLOCKED_OWNER_APPROVAL,0,50,True,False,False,sha256:75f5cb4e4fa14a5cf5c67d25db5e9a016ed17c8eace645b24747a5bba739c4d6
CHARPACKET_B5EBD00B488ADDEBAEE18F0AA8927688,ADP_LAB_OTHER_BASE_981738C1_V1,ADAPTER,LAB_OTHER,BLOCKED_OWNER_APPROVAL,0,50,True,False,False,sha256:79d3d4d8368304c5664b4d0c376fbaf508f1b61de38436dc9e05e64ae75c079e
CHARPACKET_4546FE536FF3DF98FFE3C8D854474BDA,ADP_LAB_OTHER_BUDGET_63BFB6C2_V1,ADAPTER,LAB_OTHER,BLOCKED_OWNER_APPROVAL,0,50,True,False,False,sha256:34078e2b58374cc0ddf3bad574f783df5ba006f2ecc3ad26ec4122c48c9f36b4
CHARPACKET_1CB2B4275CCE66B4D4724C0FE3A92C8C,ADP_LAB_OTHER_CANONICAL_AE56D6D4_V1,ADAPTER,LAB_OTHER,BLOCKED_OWNER_APPROVAL,0,50,True,False,False,sha256:b456ede1b2791182223d29bc75ac9d2599fffe0b73301a43a9e08f1897de9a7e
CHARPACKET_67FC1B5DE50228CF15346B894B0AC9FE,ADP_LAB_OTHER_CHECKPOINT_71B2BE7D_V1,ADAPTER,LAB_OTHER,BLOCKED_OWNER_APPROVAL,0,50,True,False,False,sha256:c6c7cef7e1ad34547de6ad081ef50a9f18c45e6aeeaa4b62a997b9ee9a8e49a2
CHARPACKET_4C2F851C5882378D73CE25F9AEAC1CA2,ADP_LAB_OTHER_CLAIMS_AFDA6026_V1,ADAPTER,LAB_OTHER,BLOCKED_OWNER_APPROVAL,0,50,True,False,False,sha256:d5fab94c5ea12d1a3d86a154165a4b6fab55b5cd0821c0dc5f66becd74fb9dcc
CHARPACKET_9BB82DAD2066C7D46C6F7CEA3F6C035B,ADP_LAB_OTHER_COMPATIBILITY_CB6DA12A_V1,ADAPTER,LAB_OTHER,BLOCKED_OWNER_APPROVAL,0,50,True,False,False,sha256:29050b6bef88b86486e0efdfad7558d8342a928896530c4befe39e129cdeda6e
CHARPACKET_8A1B02B6915FAEF3471F15843A68361D,ADP_LAB_OTHER_CONTAMINATION_E1ED4550_V1,ADAPTER,LAB_OTHER,BLOCKED_OWNER_APPROVAL,0,50,True,False,False,sha256:908fef5c98982ab8ebc58fc33acd8361f214748c3cd9f7ae5e06d3cf5454e730
CHARPACKET_42343A552D081318E0876804D0E414FC,ADP_LAB_OTHER_CONTRACTS_5A3DF6DA_V1,ADAPTER,LAB_OTHER,BLOCKED_OWNER_APPROVAL,0,50,True,False,False,sha256:9abc8f8e270bf05fc48d8e6250b6b3a0693ab0f5372421e3cb1a3a18b93212c9
CHARPACKET_F50B765471ED9F0FAD45CDCFA3E1CF01,ADP_LAB_OTHER_DOMAIN_SHIFT_3A69915C_V1,ADAPTER,LAB_OTHER,BLOCKED_OWNER_APPROVAL,0,50,True,False,False,sha256:d6e678bcc97e50660beeee10e2ec9573052b197fc7e09d2309a8ef99af3847c5
CHARPACKET_57707EB77CAC7BEA825859D324E14C53,ADP_LAB_OTHER_ERRORS_B7689BB2_V1,ADAPTER,LAB_OTHER,BLOCKED_OWNER_APPROVAL,0,50,True,False,False,sha256:3502310db91bde946620770d4dfd91d8dfe0d1f6501c6316c75be0e7f28d6fe7
CHARPACKET_533A7E30A10F18D1FF86F97A12433F41,ADP_LAB_OTHER_HANDOFF_AE167E04_V1,ADAPTER,LAB_OTHER,BLOCKED_OWNER_APPROVAL,0,50,True,False,False,sha256:a937d55c3cf3097b00069497be8d1be0289d083d7d4500beb858c5d2d27e15e7
CHARPACKET_CD7D5F359670ACF1AB93FF0888B5BFE6,ADP_LAB_OTHER_INIT_C8BF5F67_V1,ADAPTER,LAB_OTHER,BLOCKED_OWNER_APPROVAL,0,50,True,False,False,sha256:1bdbbab4cfa074deddd6bf1b92cb83c276b39177a05a93108f9ce32b357f8e76
CHARPACKET_C495ED095E26AAA913F093FCC8460E65,ADP_LAB_OTHER_INTAKE_A411B44E_V1,ADAPTER,LAB_OTHER,BLOCKED_OWNER_APPROVAL,0,50,True,False,False,sha256:15817098e98c9d366822ee54e36ed2b57185fccbf01e42b4da7e34efaef3a4a7
CHARPACKET_44E660374C39241EC6890F77AD94A2EC,ADP_LAB_OTHER_INTEGRITY_1DA032ED_V1,ADAPTER,LAB_OTHER,BLOCKED_OWNER_APPROVAL,0,50,True,False,False,sha256:4d049ca5e8cbd51e23361e3da71f39e6f357d5da28d9c6dc13e0937fbce8913c
CHARPACKET_98F2D726BBBC346915FD5010CB793A19,ADP_LAB_OTHER_LEGACY_BRIDGE_43205E20_V1,ADAPTER,LAB_OTHER,BLOCKED_OWNER_APPROVAL,0,50,True,False,False,sha256:61f7b3cdfa7c8d953f8be05fc8c31035fb0b0a6a1a949e77f93e43efd73282c0
CHARPACKET_182B534D7B32F9DA0C1D2C7F74DAFAF9,ADP_LAB_OTHER_OBJECTIVES_F5F05D5D_V1,ADAPTER,LAB_OTHER,BLOCKED_OWNER_APPROVAL,0,50,True,False,False,sha256:336393399e456a8bf00f1600962b00f385386ebeaf01576c61a9bfa5fccee6e3
CHARPACKET_096E9EB6DCB8B4580D41877B5342A84A,ADP_LAB_OTHER_PERTURBATION_7E5AE9DF_V1,ADAPTER,LAB_OTHER,BLOCKED_OWNER_APPROVAL,0,50,True,False,False,sha256:11df168e00a8ac8b72b2aa91d9013d74de99780d3cb45d9b6a5eb8830a5cd414
CHARPACKET_F5CA0F1D60C7927CD0C21D0A297D1A74,ADP_LAB_OTHER_POLICY_BRIDGE_D8E7C7B6_V1,ADAPTER,LAB_OTHER,BLOCKED_OWNER_APPROVAL,0,50,True,False,False,sha256:ce47d370e597b53eeacab467e4f909184e6e14fe7b4979fcd58a1fa1b9380269
CHARPACKET_98CE53FB47396F1B0B05D96C04F95806,ADP_LAB_OTHER_PROVENANCE_528D1B0C_V1,ADAPTER,LAB_OTHER,BLOCKED_OWNER_APPROVAL,0,50,True,False,False,sha256:7fd8c0d5fdfafb5fef59b896bdfddc4d0de732a5f29c3f0c310000eae0828d7b
CHARPACKET_D6CB259280E6D6E51049D30260443204,ADP_LAB_OTHER_REGISTRY_2D80B916_V1,ADAPTER,LAB_OTHER,BLOCKED_OWNER_APPROVAL,0,50,True,False,False,sha256:d390aeb8d7f3b7d303a1c36f07de0389f0f9a476f06b2aa0f49c3ef160e4d867
CHARPACKET_A33DB4B967B05E33982E3ADA375DC980,ADP_LAB_OTHER_REPLAY_BBD9E15E_V1,ADAPTER,LAB_OTHER,BLOCKED_OWNER_APPROVAL,0,50,True,False,False,sha256:e2b4cabce2c84d9f9db7f5bc6916565affcc7e283f0a505452b469f30a5bb412
CHARPACKET_DA1C1688E2CD86717D613751EE11EA8B,ADP_LAB_OTHER_SECURITY_826F686A_V1,ADAPTER,LAB_OTHER,BLOCKED_OWNER_APPROVAL,0,50,True,False,False,sha256:2e61ec6d04284646ee3174e4086770a19e1731571b428649feb8cbbd8f0b6db7
CHARPACKET_A2075BB66A9C06F0EB365A83E89AED3C,ADP_LAB_OTHER_SERVICE_390A31E3_V1,ADAPTER,LAB_OTHER,BLOCKED_OWNER_APPROVAL,0,50,True,False,False,sha256:a928814b8a288eefe9dcf5401d42e193af79703f06da910f9c64e8b206f8fac3
CHARPACKET_A94A59C48279690AF2BB1D87F21277AF,ADP_LAB_OTHER_SUPPLY_CHAIN_ACB95411_V1,ADAPTER,LAB_OTHER,BLOCKED_OWNER_APPROVAL,0,50,True,False,False,sha256:68c0e6a71f91c498ed73ce53d82638a8764123386ad5542d5e021154d199f723
CHARPACKET_62E006E3396A860F6EA051708CB5C867,ADP_LAB_OTHER_VALIDATION_C92B1D2B_V1,ADAPTER,LAB_OTHER,BLOCKED_OWNER_APPROVAL,0,50,True,False,False,sha256:f715da4deb8b186e90f992046635a8e29f1b3ca88cdb0d434fbae345a4cffdd0
CHARPACKET_6A2FDBD296BE4C11CACCDA84EA690EF7,ADP_LAB_OTHER_VERSION_6D99BBBA_V1,ADAPTER,LAB_OTHER,BLOCKED_OWNER_APPROVAL,0,50,True,False,False,sha256:5c0a937dd6d78eb830028c2ef50016fbe42af3eb3d094c223dc7f4a18d96c835
CHARPACKET_AC95FD1FBCBF53E6D136C11FD9AEF51E,STP_EXP0018_DAYE_TRADER_VALIDATE_EXP0018_PHASE06_CLOSE_CONFIRMAT_0FFF8052_V1,SETUP,EXP0018_DAYE_TRADER,BLOCKED_OWNER_APPROVAL,100,50,True,False,False,sha256:083aa40bdbad1bc90b68de3da152f4a35dfa60ad523b0113e523530131b722b2
CHARPACKET_E404C82F05C2FD2EC24F5D3146950232,TRT_M_SERIES_CONTEXTS_M0002_HUNTREJECTEXITVOLATILITY_C8BD595D_V1,TREATMENT,M_SERIES_CONTEXTS,BLOCKED_OWNER_APPROVAL,40,50,True,False,False,sha256:8b16f3e642632a33ac52c9c96b5b3a9c5d421efbd9e76e684477b6ed2b035be5
CHARPACKET_01A3DE404A71D1C28AD882186BECB445,TRT_M_SERIES_CONTEXTS_M0002_REVERSALCONTINUATIONEXITVOLATILITY_0A5D50C4_V1,TREATMENT,M_SERIES_CONTEXTS,BLOCKED_OWNER_APPROVAL,40,50,True,False,False,sha256:935f8f1f43224016c5788ba11a774fe3610263f197a5d5cd670d79a5882054c5
CHARPACKET_DBA0BB73E54054A61E914ABB9924CD9B,VIS_M_SERIES_CONTEXTS_M0001_LIVEVISUALLAB_F8A7A096_V1,VISUALIZER,M_SERIES_CONTEXTS,BLOCKED_OWNER_APPROVAL,80,50,True,False,False,sha256:e18994362fd540cdb3c5af74dcc7003f2e855b408c7d85c5bdc189e4d3304af0
CHARPACKET_2713CD87569A612702CAC0991AF093A1,VIS_PRODUCT_LAB_GARTALNEWSDASHBOARD_388BC1F5_V1,VISUALIZER,PRODUCT_LAB,BLOCKED_OWNER_APPROVAL,80,50,True,False,False,sha256:4c2c0977cb11031528b6937f4af4e9e0d3fa31def03fba7f0c1b974bcde54b31
CHARPACKET_6745C509797FF00681D04078F2F6BF8D,TRT_FLAG_COUNTING_NDS_HOOK_ZONE_NDS_F2_PER_TRADE_F3_EXIT_CONTRACT_QA_3249BED8_V1,TREATMENT,FLAG_COUNTING_NDS_HOOK_ZONE,BLOCKED_OWNER_APPROVAL,45,51,True,False,False,sha256:14eec5cc14aaa5dd49a1fc2970ba2dd503a69f640b61464d72047085627f24b2
CHARPACKET_0DDB13C7AD536AA94F3BD4F7077C43A5,TRT_FLAG_COUNTING_NDS_HOOK_ZONE_FP_ENTRYBRIDGEEXPORT_446C45CF_V1,TREATMENT,FLAG_COUNTING_NDS_HOOK_ZONE,BLOCKED_OWNER_APPROVAL,50,52,True,False,False,sha256:5be9fdc58b221a28bbe2236070d02f821131c027bf6b84cd183d718f0c332bf3
CHARPACKET_9C2E5422091BDB253BCA6846434DF6D0,TRT_FLAG_COUNTING_NDS_HOOK_ZONE_FP_NDSENTRYEXPORT_1DD8A8DA_V1,TREATMENT,FLAG_COUNTING_NDS_HOOK_ZONE,BLOCKED_OWNER_APPROVAL,50,52,True,False,False,sha256:7befe1bee901e13f902db0f3aca9cd6708c4c12f5ccc535d1d28fb1a06c061dc
CHARPACKET_746C634468B95826FE6272EEBEAB9041,TRT_FLAG_COUNTING_NDS_HOOK_ZONE_FP_NDSENTRYRULES_94CDDEE6_V1,TREATMENT,FLAG_COUNTING_NDS_HOOK_ZONE,BLOCKED_OWNER_APPROVAL,50,52,True,False,False,sha256:7623846cb0a29e1326e5d673c1b4b8a368e8ca2133c42174a5eb699d52d9daec
CHARPACKET_8076D873D6F4A0A1873F8AC6C849B082,TRT_LAB_OTHER_CATALOG_FFA3E5CC_V1,TREATMENT,LAB_OTHER,BLOCKED_OWNER_APPROVAL,50,52,True,False,False,sha256:394c6574d9cb96e7fd8fead4a442d612690349aed98af5a9e21f2146673156f2
CHARPACKET_43532F16A1807BB254C5011D95EDE635,VIS_M_SERIES_CONTEXTS_M0001_VISUALLAB_3A96AB5C_V1,VISUALIZER,M_SERIES_CONTEXTS,BLOCKED_OWNER_APPROVAL,90,52,True,False,False,sha256:cd42065adf7478f0dbe148160c740bcdcb6c8b8517a4251ff16da817e41f5255
CHARPACKET_293DCD4295A6BFC43DA6890E3CFA9208,ADP_EXECUTION_E_SERIES_DAL_E0007TYPES_591CEB9C_V1,ADAPTER,EXECUTION_E_SERIES,BLOCKED_OWNER_APPROVAL,15,53,True,False,False,sha256:0b90340f99fe8675406acf3c112a22f32207d95ffb44720a47eb96faa3ec64f0
CHARPACKET_7DF0AB1AC65D3AA852560F3912131EA4,ADP_EXECUTION_E_SERIES_DAL_E0008TYPES_6F9232AF_V1,ADAPTER,EXECUTION_E_SERIES,BLOCKED_OWNER_APPROVAL,15,53,True,False,False,sha256:71078a76786b51a27e291eb9469d1957084d6cf5a1a1e5afe3c55d120f7de185
CHARPACKET_803A7D5709881445328DD790AFFF9291,ADP_EXECUTION_E_SERIES_DAL_E0009TYPES_66EE0D9D_V1,ADAPTER,EXECUTION_E_SERIES,BLOCKED_OWNER_APPROVAL,15,53,True,False,False,sha256:ff586694cef25fcde0f6d11c160aea3a25872a70fd82abc1852cc8209837f698
CHARPACKET_F45A955B8E1D2D4AFEE28226C0E825D3,ADP_EXECUTION_E_SERIES_DAL_EXECHEIKINASHI_A8E8A482_V1,ADAPTER,EXECUTION_E_SERIES,BLOCKED_OWNER_APPROVAL,15,53,True,False,False,sha256:d134746f06da96725830e551c4c5dc73a938266925d3d941a274e86872e91afe
CHARPACKET_8D3FEFDD04BABBE4458574B6E8EDDDFB,ADP_EXP0016_INTERMARKET_EXECUTION_DAL_STC_ENGINE_559A306F_V1,ADAPTER,EXP0016_INTERMARKET_EXECUTION,BLOCKED_OWNER_APPROVAL,15,53,True,False,False,sha256:47b9544cc21a9c4f8e14754d03331f64534e1f598ecfdfba8f16a52907bda373
CHARPACKET_5FBE26391A738EFC6CDA1095B2578C87,ADP_TOOLING_OTHER_DAL_CME_HISTORICAL_POLLER_92AD1942_V1,ADAPTER,TOOLING_OTHER,BLOCKED_OWNER_APPROVAL,15,53,True,False,False,sha256:7add49383203683b3c814d7d12309f756b32e8f34f0187784cce418679f2b16b
CHARPACKET_7A697F11F2FA16A7E1E5BD427A1D6035,ADP_EXECUTION_E_SERIES_DAL_E0006REVISITCYCLES_2F8D3DF7_V1,ADAPTER,EXECUTION_E_SERIES,BLOCKED_OWNER_APPROVAL,20,55,True,False,False,sha256:c9fb90057ae38bb8380e958a9987a81ffd056a9482765c0dfd8a7f6bbc7535ad
CHARPACKET_ABC5B966C517D43B5C89CB4370E3C0E4,ADP_EXECUTION_E_SERIES_DAL_E0007PURPLESOURCEENGINE_51FCCDE3_V1,ADAPTER,EXECUTION_E_SERIES,BLOCKED_OWNER_APPROVAL,20,55,True,False,False,sha256:548dc855f3e2e6c02e7f6ed1d21f496b006b293528837d0086034b23cca81681
CHARPACKET_F5BF3061DF89FE75D476CE1316BDEF31,ADP_EXP0016_INTERMARKET_EXECUTION_DAL_STC_OUTCOME_E29D721C_V1,ADAPTER,EXP0016_INTERMARKET_EXECUTION,BLOCKED_OWNER_APPROVAL,20,55,True,False,False,sha256:5676af381b0ff5d0a5a1918fb73ecc72da7f3d9bf9ba4c00c77034d1d3892113
CHARPACKET_7EADC16BAF39FE1A167FB1B362D85842,ADP_EXP0016_INTERMARKET_EXECUTION_DAL_STC_PARTIAL_91A6AC47_V1,ADAPTER,EXP0016_INTERMARKET_EXECUTION,BLOCKED_OWNER_APPROVAL,20,55,True,False,False,sha256:145b2daa89072b30481250fe710c548cd3ab0a48e1cd033d7202936f747ae2bb
CHARPACKET_0F2B099535A30BA9E466885566784EE6,ADP_EXP0016_INTERMARKET_EXECUTION_DAL_STC_SMT_3F3AA9C6_V1,ADAPTER,EXP0016_INTERMARKET_EXECUTION,BLOCKED_OWNER_APPROVAL,20,55,True,False,False,sha256:2e88d033058a020a65541a139914e4e5d1356295be4f02e2df9e539dc86ac2ae
CHARPACKET_DA0928E0B31F6F39B1E63D89B13BFA9B,ADP_EXP0019_FAERIE_PROTOCOL_ADAPTERS_CE55E74E_V1,ADAPTER,EXP0019_FAERIE_PROTOCOL,BLOCKED_OWNER_APPROVAL,20,55,True,False,False,sha256:18d895c5867298de602f784cdf1ce7bdadc8513032a364e5a3fd0b702be9ad34
CHARPACKET_3CC8606B81D577D65713330F2B49571D,ADP_EXP0019_FAERIE_PROTOCOL_FIXTURES_B9A95075_V1,ADAPTER,EXP0019_FAERIE_PROTOCOL,BLOCKED_OWNER_APPROVAL,20,55,True,False,False,sha256:e98c89cff3e340f6f16c0f5f3e9224c1cd895c9297bc44a2f8bc2dff51741fac
CHARPACKET_1558F79A2DC31A88CA7C8996FE38B1EE,ADP_EXP0019_FAERIE_PROTOCOL_FP_I01_CGADAPTERS_6A7B62A0_V1,ADAPTER,EXP0019_FAERIE_PROTOCOL,BLOCKED_OWNER_APPROVAL,20,55,True,False,False,sha256:d1793db63b0edd88424db53ccc900922a6a5af9c99c87cfb3ebfe406125cc98a
CHARPACKET_F64E550E7E0D654C037FCFFB505EC284,ADP_EXP0019_FAERIE_PROTOCOL_FP_I01_FINGERPRINT_D151D69D_V1,ADAPTER,EXP0019_FAERIE_PROTOCOL,BLOCKED_OWNER_APPROVAL,20,55,True,False,False,sha256:1112d40125a237dcc99cbee13d1cc57738103b5b394bbc389dfc2ad85c1b27cd
CHARPACKET_ED440AC6C16CD8BFB0EC72789DD7078B,ADP_EXP0019_FAERIE_PROTOCOL_FP_I01_SELFTEST_AAAFBB7C_V1,ADAPTER,EXP0019_FAERIE_PROTOCOL,BLOCKED_OWNER_APPROVAL,20,55,True,False,False,sha256:0d216c80761ceaee321155420b9fd96458c9e9c37b5d04da2da0fb7636cab534
CHARPACKET_684F452BEDF697E846AD80273D64F27E,ADP_EXP0019_FAERIE_PROTOCOL_FP_I01_TYPES_60D7F35A_V1,ADAPTER,EXP0019_FAERIE_PROTOCOL,BLOCKED_OWNER_APPROVAL,20,55,True,False,False,sha256:51510f7b3f92bc85362505de5c3d2ea7b7c89f40793babae34ce2a66d26cc3ef
CHARPACKET_3B5E01E370D4268324E00FD432E3591A,ADP_EXP0019_FAERIE_PROTOCOL_MODELS_1E03972B_V1,ADAPTER,EXP0019_FAERIE_PROTOCOL,BLOCKED_OWNER_APPROVAL,20,55,True,False,False,sha256:46a6c114cde879e5713eb565ab19ffb425450415b4dfccb156dee21eaf67db9f
CHARPACKET_DB3E5B419F8B3A53D76011F12F40116C,ADP_EXP0019_FAERIE_PROTOCOL_REGISTRY_8BFD19A3_V1,ADAPTER,EXP0019_FAERIE_PROTOCOL,BLOCKED_OWNER_APPROVAL,20,55,True,False,False,sha256:4758e2bc2b69259ce67953c8ae3dddacd74b768b4cdef03f35b9189be1c2ab88
CHARPACKET_DC40B313A05501473E0C3714F2E98E53,ADP_LAB_OTHER_ADAPTERS_E6243D46_V1,ADAPTER,LAB_OTHER,BLOCKED_OWNER_APPROVAL,20,55,True,False,False,sha256:c5f539ef0eef2cc24804bb34f44b12b9d502bf492088560562d801f539d24d79
CHARPACKET_02E0B9EC3AE4D68EC136649C69824DF8,ADP_LAB_OTHER_CALIBRATION_6E2CD62B_V1,ADAPTER,LAB_OTHER,BLOCKED_OWNER_APPROVAL,20,55,True,False,False,sha256:596f3df53b4f9679708a7d50603f5fe2db874ecd1cb18be8c95e1772c96be11a
CHARPACKET_46B2B09DAC96D5CB5ACB74A7CA62A356,ADP_LAB_OTHER_COMPATIBILITY_00D64898_V1,ADAPTER,LAB_OTHER,BLOCKED_OWNER_APPROVAL,20,55,True,False,False,sha256:11db9ccb90b7963e377c02a1ea597c4a93a7e3fbad026895c6897f10a46e165e
CHARPACKET_C958FC8A3E20E75C56CCE69B3CC9B0B2,ADP_LAB_OTHER_COMPATIBILITY_B52C79EB_V1,ADAPTER,LAB_OTHER,BLOCKED_OWNER_APPROVAL,20,55,True,False,False,sha256:163dc180c556b9fb863e0379b98377507ead5429ce7dfeffbb056e94ad12ec66
CHARPACKET_938264923C2A01B12BB2D0709B313486,ADP_LAB_OTHER_NUMERICS_6F977D36_V1,ADAPTER,LAB_OTHER,BLOCKED_OWNER_APPROVAL,20,55,True,False,False,sha256:35814efbdaceed62ca9f50e223ca7647b02914b6890249e022ecf70942b11e4e
CHARPACKET_B85F260D282EF0443E0D87DAE8B968FA,ADP_LAB_OTHER_TOKENIZATION_FA383BEF_V1,ADAPTER,LAB_OTHER,BLOCKED_OWNER_APPROVAL,20,55,True,False,False,sha256:0240b7914056d25194435d2b610887b2dfa997b0eeeba68de6407762de7be869
CHARPACKET_D0A5C3D42B2A633778BA787596AED895,ADP_LAB_OTHER_TOURNAMENT_DEF35298_V1,ADAPTER,LAB_OTHER,BLOCKED_OWNER_APPROVAL,20,55,True,False,False,sha256:a81e915a3c31afd4a7e911b0dcca82e36a997e712575fcc8b882c16092b9632d
CHARPACKET_0B9F10225898BD47A4ADC6A73ABED675,VIS_M_SERIES_CONTEXTS_M0001_LIVEVISUALLAB_71085BDB_V1,VISUALIZER,M_SERIES_CONTEXTS,BLOCKED_OWNER_APPROVAL,100,55,True,False,False,sha256:9c752000e9663f90b6dc8437bf0535eb17642e1e8af43be9f61a3ad8b29572e2
CHARPACKET_1C9426D3C61132318045DAB69810CBF8,ADP_EXP0016_INTERMARKET_EXECUTION_DAL_STC_TYPES_B00EDEEB_V1,ADAPTER,EXP0016_INTERMARKET_EXECUTION,BLOCKED_OWNER_APPROVAL,25,56,True,False,False,sha256:f611e18052b39e41ab9ba9eefae500705a7f9680678d8a44a20c205130de2bcc
CHARPACKET_3CBC8AFAB7C728C988B49EF151620CA4,ADP_EXECUTION_E_SERIES_DAL_EXECREVERSALONETOONE_5083C889_V1,ADAPTER,EXECUTION_E_SERIES,BLOCKED_OWNER_APPROVAL,30,57,True,False,False,sha256:a8c85eaba2d555db8fc46a15f7a6a2c146355a6d4de65aa4d1ff08cd5297aa48
CHARPACKET_79FEA7CED3EC1B17ABF2DD9292A0C6E1,ADP_EXECUTION_E_SERIES_DAL_EXECROULETTERISK_0C0B0095_V1,ADAPTER,EXECUTION_E_SERIES,BLOCKED_OWNER_APPROVAL,30,57,True,False,False,sha256:e4abeeb3524ace299bfd74117d7b5c230e35622e55b52eb2e23deb4879c5e068
CHARPACKET_4F3405611B8E034C7EFF82848848BE8A,TRT_ASTRO_RESEARCH_EXECUTION_ASTRO_PURE_ENTRY_EXCEL_C678B910_V1,TREATMENT,ASTRO_RESEARCH_EXECUTION,BLOCKED_OWNER_APPROVAL,70,57,True,False,False,sha256:a58897286451d385e6791917b85997a748a53477457a75b908d6f9c2def8ff17
CHARPACKET_A4FAE316690CBD4ADE452C2E014E4F16,ADP_EXECUTION_E_SERIES_DAL_EXECDONCHIANATR_16E3843C_V1,ADAPTER,EXECUTION_E_SERIES,BLOCKED_OWNER_APPROVAL,35,58,True,False,False,sha256:1d871b0286611c4906ec8a6abf794146447c835ffc4306dc4683af49ef6d0b55
CHARPACKET_63C148503F8D0AC8ADE596D92496E8DE,ADP_EXP0016_INTERMARKET_EXECUTION_DAL_STC_CHECKCANDLES_45B9553A_V1,ADAPTER,EXP0016_INTERMARKET_EXECUTION,BLOCKED_OWNER_APPROVAL,35,58,True,False,False,sha256:03f206d74b17387ce17385eb60ca6e7de8cb17fbdb42bf5d77ef508233a4cf51
CHARPACKET_7CAC42335E2F4ABC0F5B5D8B60B5BDD7,ADP_EXP0019_FAERIE_PROTOCOL_CANONICAL_B4D08D4C_V1,ADAPTER,EXP0019_FAERIE_PROTOCOL,BLOCKED_OWNER_APPROVAL,35,58,True,False,False,sha256:e5f3ec929a4d6e82a43ddf2fdbd4da8e472453606d6bf64c88cf0271f35c3bb9
CHARPACKET_19CA67392EACC585D9D1C79D64FDAFC9,ADP_EXP0019_FAERIE_PROTOCOL_POLICY_926A4938_V1,ADAPTER,EXP0019_FAERIE_PROTOCOL,BLOCKED_OWNER_APPROVAL,35,58,True,False,False,sha256:1eba69f02aca0d97949e05d85eff5ffd37c7eda9e6acaac7a8294c461bd9321f
CHARPACKET_A231905DD9FF8FDD38357F6BA8D1FFE9,ADP_EXP0019_FAERIE_PROTOCOL_REPORTING_BFCED837_V1,ADAPTER,EXP0019_FAERIE_PROTOCOL,BLOCKED_OWNER_APPROVAL,35,58,True,False,False,sha256:c996583fc95a9d8d78f2915d1939d75af4a0f205b3fe544450d03ab4a09d365d
CHARPACKET_BE0935186CC83CA0B0450D74912064A1,ADP_LAB_OTHER_CLI_022E0AFD_V1,ADAPTER,LAB_OTHER,BLOCKED_OWNER_APPROVAL,35,58,True,False,False,sha256:4f7d29272eb366cd5e5807912f2d8f4e18ecc79f3d498ab80049640631e24f03
CHARPACKET_586C2A1D5E2175E412D562F83D3E38FB,ADP_MQL5_OTHER_DAL_DISTRIBUTIONEXECUTIONADAPTER_0F0F122E_V1,ADAPTER,MQL5_OTHER,BLOCKED_OWNER_APPROVAL,35,58,True,False,False,sha256:fc8be5346016b2dd3e9ec84ffd635206b6ae6c93e3c6022919b41a3a870f34c4
CHARPACKET_0EC4A22E72F995B5E4864780C043AC4A,ADP_TOOLING_OTHER_DATABENTO_PROVIDER_EDDD226B_V1,ADAPTER,TOOLING_OTHER,BLOCKED_OWNER_APPROVAL,35,58,True,False,False,sha256:187c97e15e611d6aef507607945a82a0610c21c78ea96ca01f62808d93d7d471
CHARPACKET_EF746C6179A700CBD056236D4DF97446,ADP_EXP0016_INTERMARKET_EXECUTION_DAL_STC_TIME_2CB205CA_V1,ADAPTER,EXP0016_INTERMARKET_EXECUTION,BLOCKED_OWNER_APPROVAL,40,60,True,False,False,sha256:bb6553e2847d9c5f7f50c4592bb965429e3a1975fb614d443b1452ecf7c852d1
CHARPACKET_E99AB1A195C1C56732F267BF8FBAEE51,ENG_EXP0019_FAERIE_PROTOCOL_CONFORMANCE_C93EDE07_V1,ENGINE,EXP0019_FAERIE_PROTOCOL,BLOCKED_OWNER_APPROVAL,0,60,True,False,False,sha256:edc4b065f9a0964d26650d5aaedf3f12981f87ccb95e37f5e1410b35dc157dcb
CHARPACKET_75AFFF6770903D7F118CA0484736FC55,ENG_EXP0019_FAERIE_PROTOCOL_ENGINE_78B5669C_V1,ENGINE,EXP0019_FAERIE_PROTOCOL,BLOCKED_OWNER_APPROVAL,0,60,True,False,False,sha256:377396156608d021c61469b4e023521ee49c7fdffeb1799abcc267083d6bad8d
CHARPACKET_DEAA10FB87F6FE58CB63EEC0E2504237,ENG_EXP0019_FAERIE_PROTOCOL_ENGINE_7D6A37D0_V1,ENGINE,EXP0019_FAERIE_PROTOCOL,BLOCKED_OWNER_APPROVAL,0,60,True,False,False,sha256:f91ee25fdf0098fea1119b84ac534f183d2902ce829e19e6ad1c2cb8dab6950a
CHARPACKET_7F8F01B07DFAABAF71BF51B5A3E0C34B,ENG_EXP0019_FAERIE_PROTOCOL_ERRORS_98A03318_V1,ENGINE,EXP0019_FAERIE_PROTOCOL,BLOCKED_OWNER_APPROVAL,0,60,True,False,False,sha256:a9942e07bd66a77b7fb60147b257401bce830cc478a3da69000f956133c643a0
CHARPACKET_6B0950087A891CB80DE68816CDD3AD6A,ENG_EXP0019_FAERIE_PROTOCOL_FP_I07_ENGINE_BD9F1888_V1,ENGINE,EXP0019_FAERIE_PROTOCOL,BLOCKED_OWNER_APPROVAL,0,60,True,False,False,sha256:1a029eee3c388c11278480232fc1b37c46dd86e310455249097bf30c6001b5b7
CHARPACKET_06914BB17B6A745477E47DA205461CC2,ENG_EXP0019_FAERIE_PROTOCOL_FP_I07_PROJECTIONENGINE_AFF8AD37_V1,ENGINE,EXP0019_FAERIE_PROTOCOL,BLOCKED_OWNER_APPROVAL,0,60,True,False,False,sha256:db9e4b89dc028f243ffe3daa2cc9f426009925f7b129f9e12b071b83bf0f95eb
CHARPACKET_426337E7B4BEFC7EC7E827446F0950B7,ENG_EXP0019_FAERIE_PROTOCOL_FP_I10_ENGINECOMPOSITION_8284B50C_V1,ENGINE,EXP0019_FAERIE_PROTOCOL,BLOCKED_OWNER_APPROVAL,0,60,True,False,False,sha256:2f14f190261206433d25e8a42c242abb21abb8f4332c3beb3da45009db7a665a
CHARPACKET_551C5E00386B4181F3753947481B763C,ENG_EXP0019_FAERIE_PROTOCOL_IDENTITY_E4EE15BD_V1,ENGINE,EXP0019_FAERIE_PROTOCOL,BLOCKED_OWNER_APPROVAL,0,60,True,False,False,sha256:090853f235dcc4519a2d1f3bc04da36d156fd22086db76f6dd1da8af33daa977
CHARPACKET_47E748026108B1F316085C55EA596653,ENG_EXP0019_FAERIE_PROTOCOL_REFERENCE_ENGINE_B48EC7A8_V1,ENGINE,EXP0019_FAERIE_PROTOCOL,BLOCKED_OWNER_APPROVAL,0,60,True,False,False,sha256:13f2b7a0e02e83a717165b6b8d8f474d537dfe93b1e3000a2cd9ec8d3949ff02
CHARPACKET_A9F0DAC80E8D5BC2CCA20A931574CB40,ENG_EXP0019_FAERIE_PROTOCOL_REGISTRY_F34BDF16_V1,ENGINE,EXP0019_FAERIE_PROTOCOL,BLOCKED_OWNER_APPROVAL,0,60,True,False,False,sha256:c0a27f0fa8ce551d39f494fb24673adc6450487ca858cca7cc083b952d738172
CHARPACKET_B7FCFC8427F0161C6434FB38736C3BCD,ENG_ICT_STRUCTURAL_NODES_DAL_STRUCTURALNODEENGINE_0D1AC3E4_V1,ENGINE,ICT_STRUCTURAL_NODES,BLOCKED_OWNER_APPROVAL,0,60,True,False,False,sha256:94d3eadae58a70cf62ee1a5941de34e981adb9483f787292e55529ba8ae68aa2
CHARPACKET_7A2D04DB2FAA232501E8514524B6927B,ENG_LAB_OTHER_CANDIDATE_ENGINE_DD03B5A9_V1,ENGINE,LAB_OTHER,BLOCKED_OWNER_APPROVAL,0,60,True,False,False,sha256:f325ae617ae5784d5556194169fd22cff02d04cc9c3d929bba175ef75d08ce44
CHARPACKET_0465B6C0ACDE7A4716E9C57A8EC91F27,ENG_LAB_OTHER_ENGINE_397F5D30_V1,ENGINE,LAB_OTHER,BLOCKED_OWNER_APPROVAL,0,60,True,False,False,sha256:1e3beccf8409326716c4fec031f11ed98b2b5d2e1e9ff443b32805f12ec6a093
CHARPACKET_2331A9E1A9FC719AC50D0A38E07C5E02,ENG_LAB_OTHER_ENGINE_44CBEE1D_V1,ENGINE,LAB_OTHER,BLOCKED_OWNER_APPROVAL,0,60,True,False,False,sha256:78f704db24e971909a023027c93ecce644ebffa58842696f15dd636f2805e264
CHARPACKET_57961F6CA03D928D6A61FB6CF5CBA7C3,ENG_LAB_OTHER_ENGINE_E00C921C_V1,ENGINE,LAB_OTHER,BLOCKED_OWNER_APPROVAL,0,60,True,False,False,sha256:597a590a9faf1d7e8971283f4fe4a2fd825077c3b25a3033ec945ad9b59bdb85
CHARPACKET_9FC77F1C584AE0E50D4CD824CADAB3F3,ENG_LAB_OTHER_PRICE_KERNEL_0E4ABA57_V1,ENGINE,LAB_OTHER,BLOCKED_OWNER_APPROVAL,0,60,True,False,False,sha256:f1271b96bbfa7dd271c402829de0cc35f7e0c9138df5226ac0895595c56a25fd
CHARPACKET_A025306B4359E333ADB074A1DC7CB926,ENG_LAB_OTHER_SF2_FASTDECISIONENGINE_E90A3D79_V1,ENGINE,LAB_OTHER,BLOCKED_OWNER_APPROVAL,0,60,True,False,False,sha256:427c8c9900073488309f9ec0e35fa72a9da0a5ceb7893e8309fcb44ce0e8f652
CHARPACKET_8A69C1FB98AA70990F52F20124F50FD4,ENG_MQL5_OTHER_DAL_COMMON_0ADE818C_V1,ENGINE,MQL5_OTHER,BLOCKED_OWNER_APPROVAL,0,60,True,False,False,sha256:3ba89852f146f25a032d82c9245e8c675b4f8a36976aa942f88d860ff48c3611
CHARPACKET_C6AC41751775E8D0A163F0CD66B1AEEF,ENG_MQL5_OTHER_DAL_MATH_752C4F19_V1,ENGINE,MQL5_OTHER,BLOCKED_OWNER_APPROVAL,0,60,True,False,False,sha256:f5c69a4f32b584507870fc8640904fc74019fe36713e3a12f57cb411231e53d2
CHARPACKET_C7EB9AB814134F2905FB05D9542F0F7E,ENG_M_SERIES_CONTEXTS_DAL_M0001ENGINE_BD7A2B89_V1,ENGINE,M_SERIES_CONTEXTS,BLOCKED_OWNER_APPROVAL,0,60,True,False,False,sha256:aa6e2f45da99dae19f4b8a627ef4eeb334ee6d16da49a914fa4f700caf3833aa
CHARPACKET_0C0AE481C2E7D1E18AC8A1317CE4567F,ENG_M_SERIES_CONTEXTS_DAL_M0002ENGINE_3D5ACCA7_V1,ENGINE,M_SERIES_CONTEXTS,BLOCKED_OWNER_APPROVAL,0,60,True,False,False,sha256:99e90faf181b5c4e014b4f98056be41935c05af8083a18388ea72fd30ce1a4ac
CHARPACKET_836B15D404DD55281AB565DE63098BED,ENG_TOOLING_OTHER_AUDIT_REPOSITORY_LAYOUT_62464A74_V1,ENGINE,TOOLING_OTHER,BLOCKED_OWNER_APPROVAL,0,60,True,False,False,sha256:8e80f9b28eca45cca71b8cca4f01ea89d858bd606f6e0a52c62853fc61eece43
CHARPACKET_118BC3948B68A37F6BA71C60F24938B6,ADP_EXECUTION_E_SERIES_DAL_EXECHYPOTHETICALPROFITGATE_291977EC_V1,ADAPTER,EXECUTION_E_SERIES,BLOCKED_OWNER_APPROVAL,45,61,True,False,False,sha256:bf22c64a2c8c9cb364994f44543a1996087f60a082c32d98d4dda5a59139d607
CHARPACKET_4557699FA3AA42DAF2A65068F0463ED7,ADP_EXP0016_INTERMARKET_EXECUTION_DAL_STC_CONFIG_7DAED67E_V1,ADAPTER,EXP0016_INTERMARKET_EXECUTION,BLOCKED_OWNER_APPROVAL,45,61,True,False,False,sha256:240abdf89e58ea88ba3c9a72b33eba5c3c065075f7875d044ead72385cd9fc42
CHARPACKET_D682B2F96147065C5B823D5A350418C9,ADP_EXP0016_INTERMARKET_EXECUTION_DAL_STC_ALERTS_165263E3_V1,ADAPTER,EXP0016_INTERMARKET_EXECUTION,BLOCKED_OWNER_APPROVAL,50,62,True,False,False,sha256:8080e28855f33aebd8e1c1bea6177a9b6747dc9803d7726e1fb7272eec24c28e
CHARPACKET_E40585CC19BE96A565D1A5EABB194C9F,ADP_EXP0016_INTERMARKET_EXECUTION_DAL_STC_PERSISTENCE_414F5D10_V1,ADAPTER,EXP0016_INTERMARKET_EXECUTION,BLOCKED_OWNER_APPROVAL,50,62,True,False,False,sha256:a37f023aced82adb43a78bb959fd627abf8518bcf6a3ee92db1463b85fc1f145
CHARPACKET_0F810F1C2A2A309650FF2E037C83394B,ADP_EXP0016_INTERMARKET_EXECUTION_DAL_STC_VALIDATION_118CA54F_V1,ADAPTER,EXP0016_INTERMARKET_EXECUTION,BLOCKED_OWNER_APPROVAL,50,62,True,False,False,sha256:4c270590f7afade9b79c140e89c8f7c0fa24a29aee207c9645aee60b1421a5ab
CHARPACKET_B8C358A9D74A481327B53D9D335344BE,ENG_MQL5_OTHER_DAL_CHARTOBJECTS_D2CCCED1_V1,ENGINE,MQL5_OTHER,BLOCKED_OWNER_APPROVAL,10,62,True,False,False,sha256:6c18a388edaacc4eeb9c8f524ef20f9a4af43ce134addb952dcd6b5f9feb4c10
CHARPACKET_DEE5E3837DF9E418EBEE509184A515F7,TRT_FLAG_COUNTING_NDS_HOOK_ZONE_NDS_F2_HIGHER_TIMEFRAME_F3_EXIT_CONTRACT_B2263050_V1,TREATMENT,FLAG_COUNTING_NDS_HOOK_ZONE,BLOCKED_OWNER_APPROVAL,90,62,True,False,False,sha256:38df485828a091530c6fab6039dfffe72e7b5fa221f8abe1ca58ebf1954d691c
CHARPACKET_E0501C7AAFA47E1FF0301D587AFAB837,ADP_EXP0016_INTERMARKET_EXECUTION_DAL_STC_LICENSEENGINE_44D63A7D_V1,ADAPTER,EXP0016_INTERMARKET_EXECUTION,BLOCKED_OWNER_APPROVAL,55,63,True,False,False,sha256:2afa9bcedb337d59b9ccb2da29d4b7e965cd4f40d395e7820956b965dab7b105
CHARPACKET_B45EE9D5703DA5442BF5700885AE4CCF,ADP_TOOLING_OTHER_YAHOO_DELAYED_PROVIDER_77AC2D8F_V1,ADAPTER,TOOLING_OTHER,BLOCKED_OWNER_APPROVAL,55,63,True,False,False,sha256:73cc0a68a3df1fb477c04a1cf5140d4b1203b80cb638ac0d203702393c3a83bb
CHARPACKET_50B53BEA2B782609C12D00B8879A35A9,ENG_EXP0019_FAERIE_PROTOCOL_ENUMS_12764AD3_V1,ENGINE,EXP0019_FAERIE_PROTOCOL,BLOCKED_OWNER_APPROVAL,15,63,True,False,False,sha256:6c443eea33c7817789bbe9ce6397f8cfe455384892a9b26c5173685b38068170
CHARPACKET_C6616A6345774DA438AD45309F04F8F7,ENG_EXP0019_FAERIE_PROTOCOL_FP_I14_ENGINEPROBE_A283A677_V1,ENGINE,EXP0019_FAERIE_PROTOCOL,BLOCKED_OWNER_APPROVAL,15,63,True,False,False,sha256:587b4e5d2db1af771cad5469a090a5b5c1798279e39f408acaf090f3d8d51fbd
CHARPACKET_6648B56689E8AE5273D42EB672338AA5,ENG_MQL5_OTHER_DAL_DISTRIBUTIONENGINEERINGTYPES_AAA48979_V1,ENGINE,MQL5_OTHER,BLOCKED_OWNER_APPROVAL,15,63,True,False,False,sha256:110f095ee7684cba2167ac946dd0c19e557f779587f8b2518bc14a08b1d78576
CHARPACKET_84923C33B6284AE2D551B68E46DFAF6E,ADP_EXP0016_INTERMARKET_EXECUTION_DAL_STC_DRAWING_C9998ED9_V1,ADAPTER,EXP0016_INTERMARKET_EXECUTION,BLOCKED_OWNER_APPROVAL,60,65,True,False,False,sha256:da8d547535e1010bdd0698b689d026ffb092672e40ad08b0ad83108e3b3a0c03
CHARPACKET_A48F0B52D304009C945C20F6417165C9,ADP_EXP0016_INTERMARKET_EXECUTION_IMDEXEC001_STC_SMT_CYCLES_E0778BA3_V1,ADAPTER,EXP0016_INTERMARKET_EXECUTION,BLOCKED_OWNER_APPROVAL,60,65,True,False,False,sha256:8fd16f8e7f000af1ce41c06694af199c4376a094b4dbc7f5d6ae3adf8c5f8672
CHARPACKET_57A1B7829AF240BC484A2BADAC955973,ENG_EXP0019_FAERIE_PROTOCOL_ENGINE_A3724C02_V1,ENGINE,EXP0019_FAERIE_PROTOCOL,BLOCKED_OWNER_APPROVAL,20,65,True,False,False,sha256:e9a9487329b56940acf1b9a96ad142d11e566037765cf627b02a2761339c0902
CHARPACKET_E4F20903A4B755A3ECC660B3694F7F82,ENG_EXP0019_FAERIE_PROTOCOL_ENGINE_A8700D71_V1,ENGINE,EXP0019_FAERIE_PROTOCOL,BLOCKED_OWNER_APPROVAL,20,65,True,False,False,sha256:22922627b683654f95e551e0211d0feaf972a80f99710b39ca82b8a9e4f1e863
CHARPACKET_5CB4F1A4A813CA5A7584B45663695520,ENG_EXP0019_FAERIE_PROTOCOL_GOLDEN_32C46167_V1,ENGINE,EXP0019_FAERIE_PROTOCOL,BLOCKED_OWNER_APPROVAL,20,65,True,False,False,sha256:84000d2adb528d6f195e069385f2546069b137eb13810dac9f251057ba43bce1
CHARPACKET_875C704F939BBF2A447738FBF489E75F,ENG_EXP0019_FAERIE_PROTOCOL_REASON_CODES_C34087AF_V1,ENGINE,EXP0019_FAERIE_PROTOCOL,BLOCKED_OWNER_APPROVAL,20,65,True,False,False,sha256:f6e8381d1c22a3e44391efa09857ec391bb2cc4f1b6e9d23846feb7d28b15671
CHARPACKET_FA1F9E5BC31130A6D7228D6A7CF5C5A7,ENG_LAB_OTHER_ENGINE_EA7DA86E_V1,ENGINE,LAB_OTHER,BLOCKED_OWNER_APPROVAL,20,65,True,False,False,sha256:872ef7b1302b41fb76de54d2edc6df87f28b09374ec279a1afeb067138f52b0e
CHARPACKET_D615235F61A5BE787437B7A2FAD3D062,ENG_LAB_OTHER_MATH_UTILS_2928142B_V1,ENGINE,LAB_OTHER,BLOCKED_OWNER_APPROVAL,20,65,True,False,False,sha256:363073ed1f4ee3eb38d784c573bb85fabcfe9b9345331d8dc67ae45755d34c2f
CHARPACKET_CE120633BFE9208BA5D6FC6151DD3957,ENG_LAB_OTHER_MATH_UTILS_69D04302_V1,ENGINE,LAB_OTHER,BLOCKED_OWNER_APPROVAL,20,65,True,False,False,sha256:62e8c2ffd59a0f6bcd519df7667652ba23e5d87fc064cc59f1293af4ff906f39
CHARPACKET_CAE45A7D5D7B6E6096EAD24DC20A8384,ENG_LAB_OTHER_TIME_KERNEL_AB5DBE18_V1,ENGINE,LAB_OTHER,BLOCKED_OWNER_APPROVAL,20,65,True,False,False,sha256:40671ee1ea48f92dffd4c430a2c6e168b25701bd69915d027d96df818499604e
CHARPACKET_B794137CCACE55C150B20BBD49262020,TRT_FLAG_COUNTING_NDS_HOOK_ZONE_NDS_ENTRY_CONTRACT_QA_A73AF7E6_V1,TREATMENT,FLAG_COUNTING_NDS_HOOK_ZONE,BLOCKED_OWNER_APPROVAL,100,65,True,False,False,sha256:71c1fa01f53e0492e2a4c84a6a0a552d4c0b6437f8178e49b78eb0a8a83bb24c
CHARPACKET_9D8AE2B1B1A1636A266570348AC4E5C2,TRT_FLAG_COUNTING_NDS_HOOK_ZONE_NDS_F2_DUAL_EXIT_CONTRACT_QA_F7FF57E1_V1,TREATMENT,FLAG_COUNTING_NDS_HOOK_ZONE,BLOCKED_OWNER_APPROVAL,100,65,True,False,False,sha256:a1c304d017debb648452a8249f1727e5d488876276cf1fd770f7a032bf42cfc5
CHARPACKET_5FCDA31C4D07AA7DB241A2284E8DA207,TRT_LAB_OTHER_RISKS_91EAD7D7_V1,TREATMENT,LAB_OTHER,BLOCKED_OWNER_APPROVAL,100,65,True,False,False,sha256:850e42108279fcededc0c937702bc8e1b4687370025af416dc32f49f818ea026
CHARPACKET_4A13D5EB119CEBC738A32A3738EFD4DC,ENG_EXP0019_FAERIE_PROTOCOL_ENGINE_B1D42C1F_V1,ENGINE,EXP0019_FAERIE_PROTOCOL,BLOCKED_OWNER_APPROVAL,25,66,True,False,False,sha256:1d7457894e61383b509269a72ab925751d5c515182806702a3698e476c908f46
CHARPACKET_6DDB8946D720F23424A4F9B555B4F199,ADP_LAB_OTHER_CSV_ADAPTER_94CDA5BF_V1,ADAPTER,LAB_OTHER,BLOCKED_OWNER_APPROVAL,70,67,True,False,False,sha256:8170cb2c12c4221742c0b21279945694531bbc217406d419144aabc0d6a131f3
CHARPACKET_61F1043DAFC07691E83C9D525AEDDE1B,ENG_EXP0019_FAERIE_PROTOCOL_FP_I05_REFERENCEENGINE_F5AD7CA0_V1,ENGINE,EXP0019_FAERIE_PROTOCOL,BLOCKED_OWNER_APPROVAL,30,67,True,False,False,sha256:8cacb134c5c5f836be537a03d6b611c03e7da444e870fdc2a8f0a163db6786bb
CHARPACKET_B0000875BA71D954114E8B1B0BE12C50,ENG_EXP0019_FAERIE_PROTOCOL_FP_I06_CANDIDATEENGINE_681B152E_V1,ENGINE,EXP0019_FAERIE_PROTOCOL,BLOCKED_OWNER_APPROVAL,30,67,True,False,False,sha256:1c4fbd651feb272f52ecafb2bb147d866d07d304a862029d9167c252eedad75e
CHARPACKET_08DCB7E67197A393AA97A171EBE13CD0,ENG_EXP0019_FAERIE_PROTOCOL_FP_I06_ENGINE_7C1547D2_V1,ENGINE,EXP0019_FAERIE_PROTOCOL,BLOCKED_OWNER_APPROVAL,30,67,True,False,False,sha256:f048731156be20cdb60687d239e44186e25736d895411d49c1657c28570b8a46
CHARPACKET_2506F30F7627CC4B34DA208B61700DF2,ENG_LAB_OTHER_ENGINE_A56C2DC2_V1,ENGINE,LAB_OTHER,BLOCKED_OWNER_APPROVAL,30,67,True,False,False,sha256:8c7e8c391ae63a04ca6881bca5fbd72461d5230e5b7f14edbaf7740a4d2052fb
CHARPACKET_1BCC9A74FCE03255CE7BE0F9D5CDDA33,ADP_EXP0016_INTERMARKET_EXECUTION_DAL_STC_JOURNAL_BF4D35CF_V1,ADAPTER,EXP0016_INTERMARKET_EXECUTION,BLOCKED_OWNER_APPROVAL,75,68,True,False,False,sha256:39b02092c4d237ad98106d841fcb6dc9e32a499aa0a7d04fa5205c99a2dc59be
CHARPACKET_B973ACA44DC727B7F8F02249633B94AC,CTX_FLAG_COUNTING_NDS_HOOK_ZONE_COMPARE_NDS_HOOK_864_ACCELERATION_LOGS_3B08C531_V1,CONTEXT,FLAG_COUNTING_NDS_HOOK_ZONE,BLOCKED_SECURITY_REVIEW,35,68,True,True,False,sha256:2dacddbccc19e19594e24dfc05abd43a64ca611e17128635f414c43d171ed29f
CHARPACKET_328305EFF1472544FDF05DD57791A024,ENG_EXP0019_FAERIE_PROTOCOL_CLI_CA15EE46_V1,ENGINE,EXP0019_FAERIE_PROTOCOL,BLOCKED_OWNER_APPROVAL,35,68,True,False,False,sha256:a10eb5ab210e15f2511446203615558089c2764469e309f15a8ad92072ea51c7
CHARPACKET_F4878F576EDA987170227477FCF90C39,ENG_EXP0019_FAERIE_PROTOCOL_CONTRACTS_A3FDCBEA_V1,ENGINE,EXP0019_FAERIE_PROTOCOL,BLOCKED_OWNER_APPROVAL,35,68,True,False,False,sha256:6a8cfb33df2005ecb6ca9e558f6e928c43352fa5ff419d28713ad4bf9d1094f3
CHARPACKET_62167F5CCD966040F988BBAF65BF7F31,ENG_EXP0019_FAERIE_PROTOCOL_VALIDATION_18321A11_V1,ENGINE,EXP0019_FAERIE_PROTOCOL,BLOCKED_OWNER_APPROVAL,35,68,True,False,False,sha256:e2c2ea0da555e35812075f661e65c65b3a7606172d669076f8c0f11988cab954
CHARPACKET_0AA1E80BD47132ACF98F3C003FE90AD8,ENG_TOOLING_OTHER_NEW_ALPHA_LAB_PACKET_5F1F5C5C_V1,ENGINE,TOOLING_OTHER,BLOCKED_OWNER_APPROVAL,35,68,True,False,False,sha256:9e99502ea8a88285fa3f02d39c096e09ff1563d4b86b8e96b6d702fbc81d6c15
CHARPACKET_DC11F7184449D044930E77495E5B9D78,ENG_EXP0019_FAERIE_PROTOCOL_RELATIONS_93009736_V1,ENGINE,EXP0019_FAERIE_PROTOCOL,BLOCKED_OWNER_APPROVAL,40,70,True,False,False,sha256:6de35a4dae575de18db9fb36818e2c6bf36bd046fe0bb63d9e94220e7c20e3a0
CHARPACKET_889A58918A2353DED26BFAA98457DDFA,CTX_FLAG_COUNTING_NDS_HOOK_ZONE_ANALYZE_NDS_HOOK_864_TESTER_LOG_2BF6681F_V1,CONTEXT,FLAG_COUNTING_NDS_HOOK_ZONE,BLOCKED_SECURITY_REVIEW,55,73,True,True,False,sha256:58ef32efa575e68fb29f60044c9d635d3d2db0e83f4ceb196b604ab34b451098
CHARPACKET_100C34EBBB5318710D5F11C57EE1C939,ENG_EXP0018_DAYE_TRADER_DAYE_ENGINE_3DDB7D72_V1,ENGINE,EXP0018_DAYE_TRADER,BLOCKED_OWNER_APPROVAL,55,73,True,False,False,sha256:b4b68b68d5639f5680820a9b4cb4d7f505a0c11d4129145c8110d9df24315750
CHARPACKET_95793813C7F752539521C960061307B5,ENG_EXP0018_DAYE_TRADER_VALIDATE_EXP0018_PHASE01_TIME_KERNEL_V2_CD2BBD53_V1,ENGINE,EXP0018_DAYE_TRADER,BLOCKED_OWNER_APPROVAL,55,73,True,False,False,sha256:9934bddd983c1f1858e8845ec8004cd0b1d6ab2c3e3fba5cc18fda855282855f
CHARPACKET_2975A6ECAEF15882BEBF38E86949FFD3,ADP_EXP0016_INTERMARKET_EXECUTION_DAL_STC_UTILS_022B80F8_V1,ADAPTER,EXP0016_INTERMARKET_EXECUTION,BLOCKED_OWNER_APPROVAL,100,75,True,False,False,sha256:a33999fe06a99994dae88457093c56a6277672d4dc5a61802c7e4e12bc6aa34a
CHARPACKET_8B7CFB929706F84A29B6BCFD0F05986C,ADP_TOOLING_OTHER_DAL_BAR_STORE_B6D24A2A_V1,ADAPTER,TOOLING_OTHER,BLOCKED_OWNER_APPROVAL,100,75,True,False,False,sha256:5818c118c550fc5f14a3b0a35d29d1d32df25e2efddde30336f01f59d1506a9f
CHARPACKET_B0354C09DA9F0E2F1A7940A422A122B1,ENG_EXP0019_FAERIE_PROTOCOL_CONFIG_9A0206F3_V1,ENGINE,EXP0019_FAERIE_PROTOCOL,BLOCKED_OWNER_APPROVAL,60,75,True,False,False,sha256:4057bc2fc4c8ab0ad9cdd3470e25d355f75c9cab2208ac5d87d9c6cf965052b8
CHARPACKET_FBE66A7778FA2C6C47659F319DB89A56,ENG_EXP0019_FAERIE_PROTOCOL_FP_I10_ENGINE_3E6FBCAB_V1,ENGINE,EXP0019_FAERIE_PROTOCOL,BLOCKED_OWNER_APPROVAL,60,75,True,False,False,sha256:5683f44a14f08b6018e5e3429f6e09bb176d23caf49b9f1fa680621035539492
CHARPACKET_59F94BFAC976D69B57F79EE616C44E1D,CTX_FLAG_COUNTING_NDS_HOOK_ZONE_STATIC_QA_AAF8BE24_V1,CONTEXT,FLAG_COUNTING_NDS_HOOK_ZONE,BLOCKED_SECURITY_REVIEW,65,76,True,True,False,sha256:182fa6211aa71a31c8181349a5eaf9b65f1ce9c0c4eaddc0e5b1da417ee8560b
CHARPACKET_44DD3CC5E6DCB59D16B9A079D0C8932F,ENG_EXP0018_DAYE_TRADER_DAYE_DATAENGINE_73F7AC6E_V1,ENGINE,EXP0018_DAYE_TRADER,BLOCKED_OWNER_APPROVAL,70,77,True,False,False,sha256:b8d9cb3e928428fefe05b799d48ebaf3d2389b09d0df52159e6bd431d3c85e2d
CHARPACKET_85C935FEEE8D65BFAE4ED5C7E9CA5014,ENG_EXP0018_DAYE_TRADER_DAYE_PERIODENGINE_DCF5CDCE_V1,ENGINE,EXP0018_DAYE_TRADER,BLOCKED_OWNER_APPROVAL,70,77,True,False,False,sha256:30baa633f3922733db73cb098bc724ee115951fa1ce542a3e116f797f94d647a
CHARPACKET_9516F57EAF6DE886860AE1C4B1386C7E,ENG_EXP0018_DAYE_TRADER_DAYE_RELATIONSHIPENGINE_8B83E015_V1,ENGINE,EXP0018_DAYE_TRADER,BLOCKED_OWNER_APPROVAL,70,77,True,False,False,sha256:589438f97e22032ee94e9abe4b2b7f520899ce95d26e8ae4c9f62212969d78ba
CHARPACKET_E2CBE10BBE513DF47431500B2629E525,ENG_EXP0018_DAYE_TRADER_DAYE_RENDERENGINE_4A07456E_V1,ENGINE,EXP0018_DAYE_TRADER,BLOCKED_OWNER_APPROVAL,70,77,True,False,False,sha256:707c990812d6a9afc7d17cda25cd9ba8f85f122e4aa97bf1402ce4f79dbd495d
CHARPACKET_1C3F3C0453BFC474EF7008D8923F76E2,ENG_EXP0018_DAYE_TRADER_DAYE_REPLAYENGINE_C94A8287_V1,ENGINE,EXP0018_DAYE_TRADER,BLOCKED_OWNER_APPROVAL,70,77,True,False,False,sha256:ea086acc5336325ca36f9f3eb3cc06a0223c49626385aeab7bd8eef9834254fa
CHARPACKET_EEA731A4FB27206DF84FA63D59CE4482,CTX_FLAG_COUNTING_NDS_HOOK_ZONE_OFFLINE_LICENSE_KEYGEN_A5BAA6BA_V1,CONTEXT,FLAG_COUNTING_NDS_HOOK_ZONE,BLOCKED_SECURITY_REVIEW,75,78,True,True,False,sha256:ecd9b1cfff7a0b5db2756c2436ef5d5e54a4cb3a2418b6521c912484334f98a1
CHARPACKET_7ED86A468F71F3E92C6FFF514D898675,ART_ASTRO_RESEARCH_EXECUTION_DAL_ASTRODERIVEDFEATURES_7039F55B_V1,SUPPORT_ARTIFACT,ASTRO_RESEARCH_EXECUTION,BLOCKED_OWNER_APPROVAL,0,80,True,False,False,sha256:dd9d7ba4bcdf0b1d8a2da2b4f2d617769b8020b37f2db885f64cc79dc55d5d57
CHARPACKET_222DE1DED7E6280D3F55934E055A7633,ART_ASTRO_RESEARCH_EXECUTION_DAL_ASTROFAMILYTHRESHOLDS_4971272B_V1,SUPPORT_ARTIFACT,ASTRO_RESEARCH_EXECUTION,BLOCKED_OWNER_APPROVAL,0,80,True,False,False,sha256:4c1572668df7f659aaacb103dcbf4c6f387d81e3ffe6f2becfc786402642b08c
CHARPACKET_4505CB8C46988A01DF18573C946143E6,ART_ASTRO_RESEARCH_EXECUTION_DAL_ASTROFEATURETYPES_E109417C_V1,SUPPORT_ARTIFACT,ASTRO_RESEARCH_EXECUTION,BLOCKED_OWNER_APPROVAL,0,80,True,False,False,sha256:27531901a0d1ca4cae3f03eb15762759ae4c366a3aae8a6e944799231a99ad57
CHARPACKET_14D3D7154731A7563D8BFD0FB15E3D66,ART_ASTRO_RESEARCH_EXECUTION_DAL_ASTROFINALDOCTRINE_B334186D_V1,SUPPORT_ARTIFACT,ASTRO_RESEARCH_EXECUTION,BLOCKED_OWNER_APPROVAL,0,80,True,False,False,sha256:2a8c89b6c383443bfebba984fc8231f8417fb9902cf70e78202c290548d8dce9
CHARPACKET_238F407669EB993BD9541175E03C98C9,ART_ASTRO_RESEARCH_EXECUTION_DAL_ASTROFRACTALPATHMETRICS_11290720_V1,SUPPORT_ARTIFACT,ASTRO_RESEARCH_EXECUTION,BLOCKED_OWNER_APPROVAL,0,80,True,False,False,sha256:99c12aa0dcc519ea1b2ad34898a72634800a99dbb0f8753e528ead68fa0af21f
CHARPACKET_DA60A20E017AB45E0A3D39666ACF80AF,ART_ASTRO_RESEARCH_EXECUTION_DAL_ASTROTIMINGDOCTRINE_8A6E9861_V1,SUPPORT_ARTIFACT,ASTRO_RESEARCH_EXECUTION,BLOCKED_OWNER_APPROVAL,0,80,True,False,False,sha256:848bcf55e9e9122c82e623a861b39118b7b19774edc44abbd51e63589c7e45c2
CHARPACKET_2D5F9B307DFF8F42B6C705998684ED56,ART_ASTRO_RESEARCH_EXECUTION_EXP0013_ASTROFRACTALOSCILLATOR_TESTERHOS_98B75F18_V1,SUPPORT_ARTIFACT,ASTRO_RESEARCH_EXECUTION,BLOCKED_OWNER_APPROVAL,0,80,True,False,False,sha256:18cf8213d9144ff495975c9d5a5b3ba4c302dfc0bc2f6923e860860d40cc2417
CHARPACKET_9A0B3B2FBEF599D4A63E13F4D198890E,ART_EXP0017_CYCLE_GROUP_EXP0017_CG_PIPELINE_INTEGRITY_ANATOMY_56793AC5_V1,SUPPORT_ARTIFACT,EXP0017_CYCLE_GROUP,BLOCKED_OWNER_APPROVAL,0,80,True,False,False,sha256:152ea8772a08fcb323094256802d6f3c8f83a24517dc3a8c62206f15c05cf421
CHARPACKET_BF7196EB16AC12FD44CFA4E022F3C7A6,ART_EXP0017_CYCLE_GROUP_EXP0017_CG_PYTHON_RESEARCH_BRIDGE_ANATOM_96B1C49E_V1,SUPPORT_ARTIFACT,EXP0017_CYCLE_GROUP,BLOCKED_OWNER_APPROVAL,0,80,True,False,False,sha256:d563268a460106222bab94f2e9f9fab4505d86998370506935af418fcf247b8d
CHARPACKET_CE81BF4258B8EE337ECA9B4B1AA3DD94,ART_EXP0017_CYCLE_GROUP_EXP0017_CG_WALKFORWARD_MODEL_EXPERIMENT__633E752B_V1,SUPPORT_ARTIFACT,EXP0017_CYCLE_GROUP,BLOCKED_OWNER_APPROVAL,0,80,True,False,False,sha256:554a013023e7503c36ecabae09e196300151b8662a45d0862092ae0a95d8cf27
CHARPACKET_57FDD116FB5570182342300C30FE45F2,ART_EXP0018_DAYE_TRADER_DAYE_CONFIRMATIONDIAGNOSTICS_BA5E6553_V1,SUPPORT_ARTIFACT,EXP0018_DAYE_TRADER,BLOCKED_OWNER_APPROVAL,0,80,True,False,False,sha256:9ac97bdce58aa188514660866658c0a6f18d35c465f7138338b0546012daa105
CHARPACKET_526BF2476CE765342387E348C750CFAF,ART_EXP0018_DAYE_TRADER_DAYE_HUNTDIAGNOSTICS_C6DACE72_V1,SUPPORT_ARTIFACT,EXP0018_DAYE_TRADER,BLOCKED_OWNER_APPROVAL,0,80,True,False,False,sha256:1ec79fac86de79ea7be286332108383e2ebbba9688d6576588c8436987c99322
CHARPACKET_4AE1122D7E1CA306D781F84FF40C4C20,ART_EXP0018_DAYE_TRADER_DAYE_LIFECYCLEDIAGNOSTICS_7367065B_V1,SUPPORT_ARTIFACT,EXP0018_DAYE_TRADER,BLOCKED_OWNER_APPROVAL,0,80,True,False,False,sha256:adb214e3014c5d4419bc2e421d7d412f78f5fbf4afe891f7756707f391f7429b
CHARPACKET_350172433230493D0FC1C6A00614491E,ART_EXP0018_DAYE_TRADER_DAYE_RELATIONSHIPDIAGNOSTICS_35C99BA2_V1,SUPPORT_ARTIFACT,EXP0018_DAYE_TRADER,BLOCKED_OWNER_APPROVAL,0,80,True,False,False,sha256:d54ee848a4245748cb1e8202792eeb583895f619834c85f28ddf5d30dafb4971
CHARPACKET_E76237F7859DAA1F3C9DE5ABE71D6C85,ART_EXP0018_DAYE_TRADER_DAYE_RENDERDIAGNOSTICS_50E45DF2_V1,SUPPORT_ARTIFACT,EXP0018_DAYE_TRADER,BLOCKED_OWNER_APPROVAL,0,80,True,False,False,sha256:4c6cd2d89293e5b89693efe44a0f4cc91ffbafc8ceb7fcb35fcda1f5d3fb2daf
CHARPACKET_D56792A8925B4AEA9D283540244546E7,ART_EXP0019_FAERIE_PROTOCOL_ACCEPTANCE_4DFAD341_V1,SUPPORT_ARTIFACT,EXP0019_FAERIE_PROTOCOL,BLOCKED_OWNER_APPROVAL,0,80,True,False,False,sha256:8bf7282bb62cf179953274c3427e0fad71da3d3cec2fdff0e1c2fb249a80986b
CHARPACKET_1217425BA8DADC55A767C44385B63510,ART_EXP0019_FAERIE_PROTOCOL_ADAPTERS_4B830B32_V1,SUPPORT_ARTIFACT,EXP0019_FAERIE_PROTOCOL,BLOCKED_OWNER_APPROVAL,0,80,True,False,False,sha256:1cd0c16d381bc2ad8b04d8fc2fabeb2876debe2fa4711235c7eef87ae590b735
CHARPACKET_7E57990DAEA541C224AD192E4F670BC6,ART_EXP0019_FAERIE_PROTOCOL_CHECKPOINT_2BED94E4_V1,SUPPORT_ARTIFACT,EXP0019_FAERIE_PROTOCOL,BLOCKED_OWNER_APPROVAL,0,80,True,False,False,sha256:c0638d94c1f977560fabef3c92acd6299446865a81c40a70b92cbd5d7c4851fa
CHARPACKET_DE12E7BF2391E68DCBB74FC9C90A3609,ART_EXP0019_FAERIE_PROTOCOL_CONFORMANCE_52D5B6B2_V1,SUPPORT_ARTIFACT,EXP0019_FAERIE_PROTOCOL,BLOCKED_OWNER_APPROVAL,0,80,True,False,False,sha256:8887f13e676444f22ce7d09d355d4990b87501cf1468b0db0fa68fb85ebf4cac
CHARPACKET_6330BB3AD27D809EE7541920271D4B98,ART_EXP0019_FAERIE_PROTOCOL_DASHBOARD_B47475D0_V1,SUPPORT_ARTIFACT,EXP0019_FAERIE_PROTOCOL,BLOCKED_OWNER_APPROVAL,0,80,True,False,False,sha256:2ec8b55a7609878beaa7663f06fec8a758576c6909baddec9397ef54bae1f772
CHARPACKET_5B91869D5DA084BA318695CF5D265980,ART_EXP0019_FAERIE_PROTOCOL_DIAGNOSTICS_4D911672_V1,SUPPORT_ARTIFACT,EXP0019_FAERIE_PROTOCOL,BLOCKED_OWNER_APPROVAL,0,80,True,False,False,sha256:a156b70bd06be8735c1799d4171feb5b145359b778be4f93abd5795f3299acaf
CHARPACKET_0BC31548D9435DB0AFA249F33FF165B6,ART_EXP0019_FAERIE_PROTOCOL_DIAGNOSTICS_6BE12E2F_V1,SUPPORT_ARTIFACT,EXP0019_FAERIE_PROTOCOL,BLOCKED_OWNER_APPROVAL,0,80,True,False,False,sha256:ce087d3339b98c77628427314d642e72ea3a6b52fa51f02ac9f755d1b4689acb
CHARPACKET_20C50C234CF9FEF76078A3C411CE67FE,ART_EXP0019_FAERIE_PROTOCOL_DIAGNOSTICS_E4F5B2E7_V1,SUPPORT_ARTIFACT,EXP0019_FAERIE_PROTOCOL,BLOCKED_OWNER_APPROVAL,0,80,True,False,False,sha256:d8dd235b7770bcda26558819709f8eacd620036af22701ae1a89898f39b4467d
CHARPACKET_C718AFE898E7CA5785948A78A110D65D,ART_EXP0019_FAERIE_PROTOCOL_ERRORS_ABD5180B_V1,SUPPORT_ARTIFACT,EXP0019_FAERIE_PROTOCOL,BLOCKED_OWNER_APPROVAL,0,80,True,False,False,sha256:2f7887904b4224b1e12e0d1061cabed341b347c58b1908e958a3dba235413922
CHARPACKET_A8A3BF857F13B809592A9C28D2799B15,ART_EXP0019_FAERIE_PROTOCOL_EXP0019_FP_I01_COMPATIBILITYDIAGNOSTIC_CF0851A8_V1,SUPPORT_ARTIFACT,EXP0019_FAERIE_PROTOCOL,BLOCKED_OWNER_APPROVAL,0,80,True,False,False,sha256:d411abc0012638b9054ed28121028ef84cc7240d47f498c23463fef37df3ac5e
CHARPACKET_BFEA0F8EBD2CD4444F21A948426DD775,ART_EXP0019_FAERIE_PROTOCOL_EXP0019_FP_I04_DATASYNCDIAGNOSTIC_31C66C7E_V1,SUPPORT_ARTIFACT,EXP0019_FAERIE_PROTOCOL,BLOCKED_OWNER_APPROVAL,0,80,True,False,False,sha256:0c135e9f8e5056e75e09a52f70da1e477d4ff88f0fa1c431206b04376e7d1b35
CHARPACKET_3CC83D2D783F0F8AA3622AD3CE8F5154,ART_EXP0019_FAERIE_PROTOCOL_EXP0019_FP_I05_REFERENCEDIAGNOSTIC_CCB8D961_V1,SUPPORT_ARTIFACT,EXP0019_FAERIE_PROTOCOL,BLOCKED_OWNER_APPROVAL,0,80,True,False,False,sha256:47d2e7bfccddb5851a3d33997e8223ccb223ba702346f9181332ec11710df48e
CHARPACKET_40E738AB65BADFB336B3CD13B26EBF0D,ART_EXP0019_FAERIE_PROTOCOL_EXP0019_FP_I06_RELATIONDIAGNOSTIC_671320A4_V1,SUPPORT_ARTIFACT,EXP0019_FAERIE_PROTOCOL,BLOCKED_OWNER_APPROVAL,0,80,True,False,False,sha256:32f056994badb0c7af1a8860b8854149000db625df7a3838f9b1831c493afeba
CHARPACKET_B861C680E49856662A0F83C07F3B9EC7,ART_EXP0019_FAERIE_PROTOCOL_EXP0019_FP_I08_WEEKLYDIAGNOSTIC_DD83ADDA_V1,SUPPORT_ARTIFACT,EXP0019_FAERIE_PROTOCOL,BLOCKED_OWNER_APPROVAL,0,80,True,False,False,sha256:c2d522d1ea6749b45633d10784b72c3b663936b50a2b0fb3653648d8f2a40b42
CHARPACKET_33C541674EF32AFBC2D8BC89472B0D41,ART_EXP0019_FAERIE_PROTOCOL_EXP0019_FP_I09_LEDGERDIAGNOSTIC_2D2C4DD1_V1,SUPPORT_ARTIFACT,EXP0019_FAERIE_PROTOCOL,BLOCKED_OWNER_APPROVAL,0,80,True,False,False,sha256:a5283281cafab0eac7dce4dbcf18c1d3f391e1632b287f7e83f44088300d1f1a
CHARPACKET_4ADC551C8FCACC2470D4F6B2DB7D73AD,ART_EXP0019_FAERIE_PROTOCOL_FP_I03_DIAGNOSTICS_BBE4CCD0_V1,SUPPORT_ARTIFACT,EXP0019_FAERIE_PROTOCOL,BLOCKED_OWNER_APPROVAL,0,80,True,False,False,sha256:e8ce06b175682928b9a2b84b884e0dc46936a1a1afe6c84c9a646f6b605aae2e
CHARPACKET_22556964684A4B6229AE3996E89371E2,ART_EXP0019_FAERIE_PROTOCOL_FP_I04_DIAGNOSTICS_EF02D4D6_V1,SUPPORT_ARTIFACT,EXP0019_FAERIE_PROTOCOL,BLOCKED_OWNER_APPROVAL,0,80,True,False,False,sha256:8d1f451e17461af4d44cbbfee9c2a4f9cf772cf0b7161c3f56351af6664f0015
CHARPACKET_EC7B3D8FD950B87E6EB6CC32777E523A,ART_EXP0019_FAERIE_PROTOCOL_FP_I10_DIAGNOSTICS_E2E1CF44_V1,SUPPORT_ARTIFACT,EXP0019_FAERIE_PROTOCOL,BLOCKED_OWNER_APPROVAL,0,80,True,False,False,sha256:7c456fab7b1e5e3807d77b1d9dc51b38b8913628aed78051a87ea37a508f059d
CHARPACKET_0CD03D5CB9AF54C5837F2B205A535D21,ART_EXP0019_FAERIE_PROTOCOL_FP_I12_DIAGNOSTICS_50D67949_V1,SUPPORT_ARTIFACT,EXP0019_FAERIE_PROTOCOL,BLOCKED_OWNER_APPROVAL,0,80,True,False,False,sha256:6d8bd2fac969ba84c53b3ee86cb7e47e2a8ae0ec5afef5a1f76284ffa4cf9bea
CHARPACKET_C610045C66313A11D3911C4D8A7D2BA4,ART_EXP0019_FAERIE_PROTOCOL_FP_I13_DIAGNOSTICS_9A8AEF87_V1,SUPPORT_ARTIFACT,EXP0019_FAERIE_PROTOCOL,BLOCKED_OWNER_APPROVAL,0,80,True,False,False,sha256:a282ede419769c267b905100c88bd9b917fa2fa5f8d229a58c84b8a0a74b8196
CHARPACKET_ACCA584D04F120EAF01B5C5337FA2671,ART_EXP0019_FAERIE_PROTOCOL_FP_I14_TRACELEDGER_027A0C87_V1,SUPPORT_ARTIFACT,EXP0019_FAERIE_PROTOCOL,BLOCKED_OWNER_APPROVAL,0,80,True,False,False,sha256:1e3ca5e440d96b2f0e57a3fbebfee036440520f39178beb954ae79335ce10ce0
CHARPACKET_4C35FEDECADA053FBAA2E5AF72EBDA5D,ART_EXP0019_FAERIE_PROTOCOL_HEALTH_CCCC0B55_V1,SUPPORT_ARTIFACT,EXP0019_FAERIE_PROTOCOL,BLOCKED_OWNER_APPROVAL,0,80,True,False,False,sha256:ffee82b914cb242534020d51b2dbc12c87167ec5b8b93b40e676900d7b17c77a
CHARPACKET_C5D657FEAA164E1C977F45D2154D1130,ART_EXP0019_FAERIE_PROTOCOL_MANIFEST_57501C82_V1,SUPPORT_ARTIFACT,EXP0019_FAERIE_PROTOCOL,BLOCKED_OWNER_APPROVAL,0,80,True,False,False,sha256:4a3c96a2950c03452d0ba8e2bb755f774369db7abd0267a9e1e4fb829e20bf25
CHARPACKET_33A3A6D89C56E6BFD718A2861D5FA34F,ART_EXP0019_FAERIE_PROTOCOL_REGISTRY_B5B10064_V1,SUPPORT_ARTIFACT,EXP0019_FAERIE_PROTOCOL,BLOCKED_OWNER_APPROVAL,0,80,True,False,False,sha256:3743aa9890569a888ff46349eeff9777798fe6e80f694de918a4a229bb14b440
CHARPACKET_807985FB3B9D60B45B3B5465DA67B085,ART_EXP0019_FAERIE_PROTOCOL_RESTART_E3B96F8F_V1,SUPPORT_ARTIFACT,EXP0019_FAERIE_PROTOCOL,BLOCKED_OWNER_APPROVAL,0,80,True,False,False,sha256:990c03fa05a4f40b3882634cc11909c811cb3a20ac345ccb336935d08cbd4ccb
CHARPACKET_15AA56C65672C60A5888E26414FBAD5E,ART_EXP0019_FAERIE_PROTOCOL_TRACE_01E71CE4_V1,SUPPORT_ARTIFACT,EXP0019_FAERIE_PROTOCOL,BLOCKED_OWNER_APPROVAL,0,80,True,False,False,sha256:4877f40a7ecca78e1eedc45c602cea58d3a57139bebbd532c6d72ea8aa88fac3
CHARPACKET_381D62229B04E190097D5E460452DA35,ART_LAB_OTHER_ACL06DIAGNOSTICLANE_5E04BEED_V1,SUPPORT_ARTIFACT,LAB_OTHER,BLOCKED_OWNER_APPROVAL,0,80,True,False,False,sha256:7f2533997c1ca30352f889f355e0a6cce37e609a70db5127b5c62526aa018af9
CHARPACKET_E1FFBB415EEA876AAC7EAAEF619DC230,ART_LAB_OTHER_ACL07DIAGNOSTICISOLATION_806241E8_V1,SUPPORT_ARTIFACT,LAB_OTHER,BLOCKED_OWNER_APPROVAL,0,80,True,False,False,sha256:61d494aec12430d70c36f5daa7ee56b6a03b03980545ff51def233a2e3b11014
CHARPACKET_BE1F9623DDEF95BA18A2A37246166193,ART_LAB_OTHER_ACL08DIAGNOSTICGUARD_67C9CD96_V1,SUPPORT_ARTIFACT,LAB_OTHER,BLOCKED_OWNER_APPROVAL,0,80,True,False,False,sha256:63254e64c72938569f89a5011ee0eead7a2b74f288a8254d09a814f41e94cd4e
CHARPACKET_14614A773DB3ABD0D364860357FFB5FD,ART_LAB_OTHER_ACL09DIAGNOSTICGUARD_6ADD3D6B_V1,SUPPORT_ARTIFACT,LAB_OTHER,BLOCKED_OWNER_APPROVAL,0,80,True,False,False,sha256:ce43f3978bf0f36a4d7451a0eb8d51b04a6ac41ad82bb5d65c0214e90b8fa05b
CHARPACKET_1A1E7FF4B02ECB1529C17048E86CACF6,ART_LAB_OTHER_ACL11DIAGNOSTICGUARD_80A04A1C_V1,SUPPORT_ARTIFACT,LAB_OTHER,BLOCKED_OWNER_APPROVAL,0,80,True,False,False,sha256:634603d1d563d7f05f71c1f26a945b88ad8314df51328e7dfa38a7a42b3f278c
CHARPACKET_4B01BD0ACB12F3F4303009AB69C43590,ART_LAB_OTHER_CLI_FF912A60_V1,SUPPORT_ARTIFACT,LAB_OTHER,BLOCKED_OWNER_APPROVAL,0,80,True,False,False,sha256:bfef267132c6c1da18b36ecc7b35cfb7c7363e89b81c9a87347661f04ece2d96
CHARPACKET_F28F502ADC012FB8F442058FB5690261,ART_LAB_OTHER_DIAGNOSTICS_2F97D960_V1,SUPPORT_ARTIFACT,LAB_OTHER,BLOCKED_OWNER_APPROVAL,0,80,True,False,False,sha256:d192d6ad166b6d3fca1210b5d274d56ed49bacdfcc515c4403b8b7da206cba0c
CHARPACKET_0ED0FD6515CDD13723D4B4AB425F3A3A,ART_LAB_OTHER_DIAGNOSTICS_3057F8F1_V1,SUPPORT_ARTIFACT,LAB_OTHER,BLOCKED_OWNER_APPROVAL,0,80,True,False,False,sha256:65588b70f92315dda3c4eaa001f254108c69f591293812cc0724037c470d4a20
CHARPACKET_7A1F2C114719928C06F13FF2E2190CD3,ART_LAB_OTHER_ENUMS_8E909959_V1,SUPPORT_ARTIFACT,LAB_OTHER,BLOCKED_OWNER_APPROVAL,0,80,True,False,False,sha256:1a1ea4b84e13b498edce2da51fd31750f0f8559cf48965f4d407961bd0f85ca8
CHARPACKET_651EB90C3A85645826771E02ED983EDD,ART_LAB_OTHER_LEDGER_2938BF4B_V1,SUPPORT_ARTIFACT,LAB_OTHER,BLOCKED_OWNER_APPROVAL,0,80,True,False,False,sha256:02a799e4c67ba65f89721151d5b507f1ef6947761d0504ce6a6fe4b12ee5efed
CHARPACKET_ADBAAD45AD663693701FE73CC25EC1A9,ART_MQL5_OTHER_SAED_V4_01_DATAAUTHORITYSELFTEST_5FBF1906_V1,SUPPORT_ARTIFACT,MQL5_OTHER,BLOCKED_OWNER_APPROVAL,0,80,True,False,False,sha256:6242d6cad60c1581aa101920fa109951880822694bff77d3427d032de624aa70
CHARPACKET_E908EA647A1376778AB5DC68F4979031,ART_MQL5_OTHER_SAED_V4_01_DATAFOUNDATIONDIAGNOSTIC_4CACC554_V1,SUPPORT_ARTIFACT,MQL5_OTHER,BLOCKED_OWNER_APPROVAL,0,80,True,False,False,sha256:862ee4c4da326ed15d56c5a639bc5d84913d0e83b50707b7ff8e182d1f6ed2f8
CHARPACKET_E07C46384AA0F1526C417C3B13E27671,ART_MQL5_OTHER_SAED_V4_01_DATAFOUNDATIONSELFTEST_879F5C2B_V1,SUPPORT_ARTIFACT,MQL5_OTHER,BLOCKED_OWNER_APPROVAL,0,80,True,False,False,sha256:0b1bfb9eb3ec41c6b4805c2483fa85cb850343d1ab2e02a228ce0157867b4b94
CHARPACKET_5A6DD53D027D3E97564746C9F01AE979,ART_MQL5_OTHER_SAED_V4_02_CONTEXTTWINDIAGNOSTIC_76778F34_V1,SUPPORT_ARTIFACT,MQL5_OTHER,BLOCKED_OWNER_APPROVAL,0,80,True,False,False,sha256:f2e2a72f5bec7d79543bcef138169a71923ad403c96cae8228fc8d24fd30519e
CHARPACKET_CC4C237892AE3DBC4B3A41756FB26806,ART_MQL5_OTHER_SAED_V4_02_CONTEXTTWINSELFTEST_F0569645_V1,SUPPORT_ARTIFACT,MQL5_OTHER,BLOCKED_OWNER_APPROVAL,0,80,True,False,False,sha256:fa45464f2c3da695de07fd97fd11a198398a27165ba155cb7253ad5361de8bce
CHARPACKET_BE1746AB840DF0C73BD9166023DA1CA4,ART_MQL5_OTHER_SAED_V4_02_TWINAUTHORITYSELFTEST_E9CB5248_V1,SUPPORT_ARTIFACT,MQL5_OTHER,BLOCKED_OWNER_APPROVAL,0,80,True,False,False,sha256:e12d04d53c8065ddd74bc8a17cb5314f26a74a5cb0186eb4e4dca338e91a0049
CHARPACKET_05037C656E687A85BDFC59BAB35A55EE,ART_MQL5_OTHER_SAED_V4_03_EVENTAUTHORITYSELFTEST_B22DD190_V1,SUPPORT_ARTIFACT,MQL5_OTHER,BLOCKED_OWNER_APPROVAL,0,80,True,False,False,sha256:da51a74730fb67202772bc149d508607a81802634c12788839f695a73705e07b
CHARPACKET_EEA9D4A162D5614A8173290C3F3FBEC1,ART_MQL5_OTHER_SAED_V4_03_EVENTMODELDIAGNOSTIC_A43867DF_V1,SUPPORT_ARTIFACT,MQL5_OTHER,BLOCKED_OWNER_APPROVAL,0,80,True,False,False,sha256:9fe4e52ff80ca43e4db9ddd3138b4c8f5e4bc928e2321a799f165b84fb8b18e6
CHARPACKET_2D1BA25D7BDCA1566C96B4C18253285E,ART_MQL5_OTHER_SAED_V4_03_EVENTMODELSELFTEST_9F4E0566_V1,SUPPORT_ARTIFACT,MQL5_OTHER,BLOCKED_OWNER_APPROVAL,0,80,True,False,False,sha256:57a29e7ae7e9166783983e99800d01d47cafc5d46f2e986e1e728d64534574be
CHARPACKET_843A4EC99275E374E1BD9A631C1E5317,ART_MQL5_OTHER_SAED_V4_04_MULTIMODALVIEWDIAGNOSTIC_19C56941_V1,SUPPORT_ARTIFACT,MQL5_OTHER,BLOCKED_OWNER_APPROVAL,0,80,True,False,False,sha256:ba705ef35e4fdcbc352261d6ca6188b8b215c0ad156eeade425e3513f3035f14
CHARPACKET_891777FC20204DD3D49E986B7358353C,ART_MQL5_OTHER_SAED_V4_04_MULTIMODALVIEWSELFTEST_59020451_V1,SUPPORT_ARTIFACT,MQL5_OTHER,BLOCKED_OWNER_APPROVAL,0,80,True,False,False,sha256:712707a7b06eb07dfa2ba0b53662a1efe6e778509d45f43e3b4354ffa35587c9
CHARPACKET_40EC25429421283C66740ECA5958BAC6,ART_MQL5_OTHER_SAED_V4_04_VIEWAUTHORITYSELFTEST_7E7CDADA_V1,SUPPORT_ARTIFACT,MQL5_OTHER,BLOCKED_OWNER_APPROVAL,0,80,True,False,False,sha256:4473d24c9e25a785c6b75134df0f8b96c10ff81593d16da8511826458b71314c
CHARPACKET_9B281A46532553F2B7CD625A2A6753DA,ART_MQL5_OTHER_SAED_V4_05_HYPERGRAPHAUTHORITYSELFTEST_7C2D538F_V1,SUPPORT_ARTIFACT,MQL5_OTHER,BLOCKED_OWNER_APPROVAL,0,80,True,False,False,sha256:a6be86aa0f49c7859a50bcaf6682f08da92cc2baa206bf4a864b88d33bb93b79
CHARPACKET_19BF584623DBEE01DB8169672AA8F9E0,ART_MQL5_OTHER_SAED_V4_05_HYPERGRAPHTEMPORALSELFTEST_DC30FCC8_V1,SUPPORT_ARTIFACT,MQL5_OTHER,BLOCKED_OWNER_APPROVAL,0,80,True,False,False,sha256:c92431748f03d6f116271816afa5b851fbfff3bea8af977b901f83dd51c4e02f
CHARPACKET_3E430187C1061784AE1A873B41D85C55,ART_MQL5_OTHER_SAED_V4_05_SEMANTICHYPERGRAPHSELFTEST_938120F0_V1,SUPPORT_ARTIFACT,MQL5_OTHER,BLOCKED_OWNER_APPROVAL,0,80,True,False,False,sha256:eb465bb1574d7b8063a3a2a51630fee4edfa7041fc9c1e44ecd24c4be034b022
CHARPACKET_BD88131AFD2655EA32A65EC77233F773,ART_MQL5_OTHER_SAED_V4_06_TREATMENTDSLBINDINGSELFTEST_062E9CE6_V1,SUPPORT_ARTIFACT,MQL5_OTHER,BLOCKED_OWNER_APPROVAL,0,80,True,False,False,sha256:c5e50b2cb190a7c0ad5173c4aa0160a617a8a994a887e4f54b004cbbd65a6d73
CHARPACKET_A60A6FDF12A76E703E43EEF7DFA86AF6,ART_MQL5_OTHER_SAED_V4_06_TREATMENTDSLHANDOFFSELFTEST_BEE1B24F_V1,SUPPORT_ARTIFACT,MQL5_OTHER,BLOCKED_OWNER_APPROVAL,0,80,True,False,False,sha256:5d1a23dbe47c6d0a57da75fbe5f7cf2cf39d3983d5ac091926f953e12a7f5662
CHARPACKET_45CA5B6F8A624A9A9C07116ACBA9A353,ART_MQL5_OTHER_SAED_V4_06_TREATMENTDSLSELFTEST_63CA947A_V1,SUPPORT_ARTIFACT,MQL5_OTHER,BLOCKED_OWNER_APPROVAL,0,80,True,False,False,sha256:fc30c4e934270c1cdffb1f73219976626f418f8d06d4dd8e9800109182a07dd0
CHARPACKET_82D4D738875AE1C007661928530DE62A,ART_MQL5_OTHER_SAED_V4_07_ACTIONLATTICEEDGESELFTEST_3A954868_V1,SUPPORT_ARTIFACT,MQL5_OTHER,BLOCKED_OWNER_APPROVAL,0,80,True,False,False,sha256:58193aac0a9eb56bc70d352bd91337e599bd03c49c91ad0a3afc5f7a88d07f9c
CHARPACKET_7B70243E833360D4175F6031F31FA292,ART_MQL5_OTHER_SAED_V4_07_ACTIONLATTICEHANDOFFSELFTEST_618AC6EE_V1,SUPPORT_ARTIFACT,MQL5_OTHER,BLOCKED_OWNER_APPROVAL,0,80,True,False,False,sha256:f96e75d212cb49db46018ee0632501463fa6058746247269e67be54e618088e2
CHARPACKET_BD1C8680B4C3249796AC7FED46C6DDF7,ART_MQL5_OTHER_SAED_V4_07_ACTIONLATTICESELFTEST_30ACF1D3_V1,SUPPORT_ARTIFACT,MQL5_OTHER,BLOCKED_OWNER_APPROVAL,0,80,True,False,False,sha256:c6b5d051827abba5ae5e63c175e38116f7de945874c5bedd262af5f3cc422aaa
CHARPACKET_B5BB330ECEC5789F6EDE3150031618AF,ART_MQL5_OTHER_SAED_V4_08_HANDOFFSELFTEST_A097D701_V1,SUPPORT_ARTIFACT,MQL5_OTHER,BLOCKED_OWNER_APPROVAL,0,80,True,False,False,sha256:06c581d51a2dbc1631c9663da96562814c636b51ede3c82815f87692bf666d1d
CHARPACKET_EA40C885918063DB66196B39F9AF752F,ART_MQL5_OTHER_SAED_V4_08_OUTCOMECUBESELFTEST_A8A9285D_V1,SUPPORT_ARTIFACT,MQL5_OTHER,BLOCKED_OWNER_APPROVAL,0,80,True,False,False,sha256:e73ad7b8b97ad3b8528773f44e32c04975e7bbfa4a48c6bd74681b39e83ec683
CHARPACKET_6B8F9A3BBCC7DB3C28C7D81FF460ABC1,ART_MQL5_OTHER_SAED_V4_08_PATHEVENTSELFTEST_397E3996_V1,SUPPORT_ARTIFACT,MQL5_OTHER,BLOCKED_OWNER_APPROVAL,0,80,True,False,False,sha256:2fe31d8d0d26348ed16b942c1e9e5fc63c1ca31eedfe8561ec406953ba55bf99
CHARPACKET_95664D838A5618D30A4C1CEFC55CEEC7,ART_MQL5_OTHER_SAED_V4_09_EXECUTIONTWINSELFTEST_616A3D5A_V1,SUPPORT_ARTIFACT,MQL5_OTHER,BLOCKED_OWNER_APPROVAL,0,80,True,False,False,sha256:8b02127382867e1832b2810d4618994fd59c7b69b9e118d53ac810ddc2e42a3a
CHARPACKET_9AF14349F72CA54937FAC4A8D4895F91,ART_MQL5_OTHER_SAED_V4_09_HANDOFFSELFTEST_18C65A7B_V1,SUPPORT_ARTIFACT,MQL5_OTHER,BLOCKED_OWNER_APPROVAL,0,80,True,False,False,sha256:4049be0acc4d8df9d381797704bd410b9c45cee2a067a9a0bdbba93268d8e2ca
CHARPACKET_509BDB74092D45073146A0719F42C2C2,ART_MQL5_OTHER_SAED_V4_09_LATENCYQUEUESELFTEST_FC159416_V1,SUPPORT_ARTIFACT,MQL5_OTHER,BLOCKED_OWNER_APPROVAL,0,80,True,False,False,sha256:7c98a4088013912ee563ac0d3952c494b23051e15505108b136ccf5325546b55
CHARPACKET_37F4049E112977006DF8414713303BBD,ART_MQL5_OTHER_UCE_I17_PORTFOLIOAUTHORITYSELFTEST_4C34CC1B_V1,SUPPORT_ARTIFACT,MQL5_OTHER,BLOCKED_OWNER_APPROVAL,0,80,True,False,False,sha256:6c0ee6ee945ea4580b6939cfb7fd4afc4f0cf15816380ba9d252161913b5218a
CHARPACKET_49DCB684BE591697B40A54797DA65659,ART_MQL5_OTHER_UCE_I17_PORTFOLIODIAGNOSTIC_233E5A65_V1,SUPPORT_ARTIFACT,MQL5_OTHER,BLOCKED_OWNER_APPROVAL,0,80,True,False,False,sha256:e83513f9db8c58bea18590551a6647814ecc9602f576d21c9246ccd820a793c5
CHARPACKET_95CAF5539A1F84D83F9A83C37C3E2E2E,ART_MQL5_OTHER_UCE_I17_PORTFOLIOSELFTEST_AB4026FC_V1,SUPPORT_ARTIFACT,MQL5_OTHER,BLOCKED_OWNER_APPROVAL,0,80,True,False,False,sha256:a3c189d7786c31fb41220e42116cdf2ff96f9be14ccb00d2cd4a7a1a13f73a29
CHARPACKET_BEC3DDA88489F5E03BC3D9C307921A17,ART_MQL5_OTHER_UCE_I18_KILLSWITCHDRILL_F2E4032F_V1,SUPPORT_ARTIFACT,MQL5_OTHER,BLOCKED_OWNER_APPROVAL,0,80,True,False,False,sha256:59df6ea01a7f71a2370b87edaa5b3d62bec014da3b21c4009c0983789763dcaa
CHARPACKET_2ADD062A1B83F07B02D925571F4E073F,ART_MQL5_OTHER_UCE_I18_QUALIFICATIONGATESELFTEST_2597BBEC_V1,SUPPORT_ARTIFACT,MQL5_OTHER,BLOCKED_OWNER_APPROVAL,0,80,True,False,False,sha256:87b9ecb6d9e5eb9774d9e09aaa39f493f4ac595c5de46bc578570d2892525f36
CHARPACKET_08E09D075117C4BF0033CF6690233206,ART_MQL5_OTHER_UCE_I18_RECONCILIATIONDRILL_122D518B_V1,SUPPORT_ARTIFACT,MQL5_OTHER,BLOCKED_OWNER_APPROVAL,0,80,True,False,False,sha256:a46461f230e2d103a7a73599b188de234401bfb58477b06700849990f8a67ec3
CHARPACKET_FE4A734D3CA7865D76530DD22FAA15DF,ART_MQL5_OTHER_UCE_I19_FAILCLOSEDCYCLESELFTEST_402D93F8_V1,SUPPORT_ARTIFACT,MQL5_OTHER,BLOCKED_OWNER_APPROVAL,0,80,True,False,False,sha256:4bdc082d61d05ff555c409d201d09ad6ee5bce2c72842771332a75957d193311
CHARPACKET_36EEF556C047B0CE0C6918187C1AA47F,ART_MQL5_OTHER_UCE_I19_LEASEEXPIRYSELFTEST_5AD7BF60_V1,SUPPORT_ARTIFACT,MQL5_OTHER,BLOCKED_OWNER_APPROVAL,0,80,True,False,False,sha256:345268ec3f51ec8382675210873892838ac80541ff5164853b658f8278c77812
CHARPACKET_99C71B06CB1CE3D04634486600F56E5C,ART_MQL5_OTHER_UCE_I19_RECONCILIATIONSELFTEST_283786F6_V1,SUPPORT_ARTIFACT,MQL5_OTHER,BLOCKED_OWNER_APPROVAL,0,80,True,False,False,sha256:192e2c3049a705d2f632431e89af6ed65d3aa5dd20153861ce3e49a0cff2e4d2
CHARPACKET_43D7BBB2E2C948AA5890C67766050178,ART_RESEARCH_EXPERIMENTS_ACCUMULATOR_CB74DF0F_V1,SUPPORT_ARTIFACT,RESEARCH_EXPERIMENTS,BLOCKED_OWNER_APPROVAL,0,80,True,False,False,sha256:3f108b86c670c3694ae4a9e5cecb56809544149ed55a49c8d309e3d977cabdda
CHARPACKET_90575D25F0CFA68F88465E2CC5A14108,ART_RESEARCH_EXPERIMENTS_AGGREGATION_21295F00_V1,SUPPORT_ARTIFACT,RESEARCH_EXPERIMENTS,BLOCKED_OWNER_APPROVAL,0,80,True,False,False,sha256:7a81839ccf2e64f12d0804c945fb7fd6f840ca067dfe59bd0710bd637bd633b0
CHARPACKET_C75C207291269442A617B2E735BB6201,ART_RESEARCH_EXPERIMENTS_AUTHORITY_FB15DFE2_V1,SUPPORT_ARTIFACT,RESEARCH_EXPERIMENTS,BLOCKED_OWNER_APPROVAL,0,80,True,False,False,sha256:072013df6aae33909bea44086215e59eda1f41bb785683df489dfc1cef11e380
CHARPACKET_C5B746268CCF0D84686DA3D9E7A24A6A,ART_RESEARCH_EXPERIMENTS_BEHAVIOR_3F5D882B_V1,SUPPORT_ARTIFACT,RESEARCH_EXPERIMENTS,BLOCKED_OWNER_APPROVAL,0,80,True,False,False,sha256:6aa3a56fc14de530162a92b5c4f438eb71b0014c82235ddd6c651d5d10766318
CHARPACKET_3441B6AD0E93F79FBDD8B3966C3A50E3,ART_RESEARCH_EXPERIMENTS_BUDGET_ECF11357_V1,SUPPORT_ARTIFACT,RESEARCH_EXPERIMENTS,BLOCKED_OWNER_APPROVAL,0,80,True,False,False,sha256:65518637e761c21fd831068003e2d6d8147aecfbed1fb277b457cdbc6400836c
CHARPACKET_D6AF0E1FA28E5E0D8CB04B97BC29828B,ART_RESEARCH_EXPERIMENTS_CANONICAL_42A8E38E_V1,SUPPORT_ARTIFACT,RESEARCH_EXPERIMENTS,BLOCKED_OWNER_APPROVAL,0,80,True,False,False,sha256:3dc6c0ca76d3dff421e69100cc73227606408cd1c85d6aadb72293d028c56a5f
CHARPACKET_D24BFB52146C9440744E22F9D489E8F8,ART_RESEARCH_EXPERIMENTS_CANONICAL_8D6BDF09_V1,SUPPORT_ARTIFACT,RESEARCH_EXPERIMENTS,BLOCKED_OWNER_APPROVAL,0,80,True,False,False,sha256:901c85c0fcd05c3852b3f966dccda0bf029edebd511048c53ed4e7006f707518
CHARPACKET_0B843498343CBDDB532F42A75A10F93A,ART_RESEARCH_EXPERIMENTS_CERTIFICATES_1D7AFECA_V1,SUPPORT_ARTIFACT,RESEARCH_EXPERIMENTS,BLOCKED_OWNER_APPROVAL,0,80,True,False,False,sha256:707f229150b9c598da6d8b66d1cf74856e94c3441cd64507a84e6132e5e7dc5a
CHARPACKET_45EFEEDD6FA100F2ECE1A04012AB3E4F,ART_RESEARCH_EXPERIMENTS_CERTIFICATE_F80841BB_V1,SUPPORT_ARTIFACT,RESEARCH_EXPERIMENTS,BLOCKED_OWNER_APPROVAL,0,80,True,False,False,sha256:9c7a84763ee516550e52357b7160774fc001e3b90bbb41c1bf73bed4fbea5e1b
CHARPACKET_D20424FE81A52A87412FD0892F6C3188,ART_RESEARCH_EXPERIMENTS_CHALLENGE_17B59DD1_V1,SUPPORT_ARTIFACT,RESEARCH_EXPERIMENTS,BLOCKED_OWNER_APPROVAL,0,80,True,False,False,sha256:574cc5e7ff6e109adf93a04d84cec35d3adba48b0fd407ce4d6d1ed3434aa050
CHARPACKET_E55F6E2B17DCE254083A45023AAD00E9,ART_RESEARCH_EXPERIMENTS_CONTRACTS_1F6A8EE5_V1,SUPPORT_ARTIFACT,RESEARCH_EXPERIMENTS,BLOCKED_OWNER_APPROVAL,0,80,True,False,False,sha256:565b432bd6db1253ade2ec556a2af2f2a2b35ca3b28f01322e80769cacf820be
CHARPACKET_33CAD6D83289EB8483631C1767B2A13B,ART_RESEARCH_EXPERIMENTS_CONTRACTS_B3D00F50_V1,SUPPORT_ARTIFACT,RESEARCH_EXPERIMENTS,BLOCKED_OWNER_APPROVAL,0,80,True,False,False,sha256:36f2e693c52b5de5c866e36c15d3ff85ef28c8c601d88514ad099ca480032bae
CHARPACKET_2F092F77BB2D083F045A368EC48589A0,ART_RESEARCH_EXPERIMENTS_CQL_618382C5_V1,SUPPORT_ARTIFACT,RESEARCH_EXPERIMENTS,BLOCKED_OWNER_APPROVAL,0,80,True,False,False,sha256:f3d877495fac8ed231f7c5297aaf75fd48c8890267d3622056747cdfc1326080
CHARPACKET_FAFE426F65038CA4B30DCCFEFE1F5E1C,ART_RESEARCH_EXPERIMENTS_DIFFERENTIAL_97516D3C_V1,SUPPORT_ARTIFACT,RESEARCH_EXPERIMENTS,BLOCKED_OWNER_APPROVAL,0,80,True,False,False,sha256:6b62a24fdc27a30cea3aebfbfd277bf8a44932c8ba1d0fc0552764c2c2abbe5b
CHARPACKET_BA316EBE7A52AB231AF9B930C18F6F9C,ART_RESEARCH_EXPERIMENTS_ENUMS_697EE984_V1,SUPPORT_ARTIFACT,RESEARCH_EXPERIMENTS,BLOCKED_OWNER_APPROVAL,0,80,True,False,False,sha256:99f4de9da6be1d15544e8e7151e63047dd962ca4d4a30b7ef3f6936da45886c1
CHARPACKET_B7286B2EA0E218C35ED7D3344022C843,ART_RESEARCH_EXPERIMENTS_ENVELOPES_07B3F61A_V1,SUPPORT_ARTIFACT,RESEARCH_EXPERIMENTS,BLOCKED_OWNER_APPROVAL,0,80,True,False,False,sha256:6860297e0b1174d718df63f07eaba7180f1dc5bf2bd7178e44ba7d18c59db9c8
CHARPACKET_E88C32D9C67EDFB2FB20461F95DD7A3E,ART_RESEARCH_EXPERIMENTS_ERRORS_00DFCD11_V1,SUPPORT_ARTIFACT,RESEARCH_EXPERIMENTS,BLOCKED_OWNER_APPROVAL,0,80,True,False,False,sha256:ba90a1398b17e610faebb1bf47aa1b1dc28163f94aa19e080e3ca1a80b238d4b
CHARPACKET_6170A77BCEA2347FFB315269FFAEA1CB,ART_RESEARCH_EXPERIMENTS_ERRORS_0EA8BE15_V1,SUPPORT_ARTIFACT,RESEARCH_EXPERIMENTS,BLOCKED_OWNER_APPROVAL,0,80,True,False,False,sha256:666ff61847650240451c764a41155d192a1e459b4fba466df90e3ae955981cfe
CHARPACKET_6CCB2CEA30D03B34A29E882FF29DE51F,ART_RESEARCH_EXPERIMENTS_FEDERATION_EFACCB24_V1,SUPPORT_ARTIFACT,RESEARCH_EXPERIMENTS,BLOCKED_OWNER_APPROVAL,0,80,True,False,False,sha256:1246cc1d85db8656a07ba3bb3e6027f45dee9107f31600b061fd8a7dff7cbf9e
CHARPACKET_1923FA5F59046C68984333EC159AFC32,ART_RESEARCH_EXPERIMENTS_GOVERNANCE_92F745D6_V1,SUPPORT_ARTIFACT,RESEARCH_EXPERIMENTS,BLOCKED_OWNER_APPROVAL,0,80,True,False,False,sha256:262e405ceb0323a59f0b0bca93bb1fcba7578cb489c21890f8ffb2f29426aa4f
CHARPACKET_5EC2F89C015ABE90345ECCD575666FE7,ART_RESEARCH_EXPERIMENTS_HANDOFF_4DA2D521_V1,SUPPORT_ARTIFACT,RESEARCH_EXPERIMENTS,BLOCKED_OWNER_APPROVAL,0,80,True,False,False,sha256:0bbebaa9ed6fd96ce690983fa30441908fd4c742d0cd5e4c491a9ab73b71a4ca
CHARPACKET_CD379454FA20D8CF13E2E89F1F8E2862,ART_RESEARCH_EXPERIMENTS_HASHING_5340D0E1_V1,SUPPORT_ARTIFACT,RESEARCH_EXPERIMENTS,BLOCKED_OWNER_APPROVAL,0,80,True,False,False,sha256:5f7688b27e2653872d736c73c3937189f0307dd523ddbd242b6468dba2aca482
CHARPACKET_28466EF57369BFD719193A4683FF728D,ART_RESEARCH_EXPERIMENTS_IQL_7C384C68_V1,SUPPORT_ARTIFACT,RESEARCH_EXPERIMENTS,BLOCKED_OWNER_APPROVAL,0,80,True,False,False,sha256:403b8c3a46f029af7d82f2285f45f85cd092ddd55540b3f777a96145ac51a331
CHARPACKET_E143A473BE46FFF7C9AEB83C79C21B5D,ART_RESEARCH_EXPERIMENTS_LOCAL_4F1B7618_V1,SUPPORT_ARTIFACT,RESEARCH_EXPERIMENTS,BLOCKED_OWNER_APPROVAL,0,80,True,False,False,sha256:a794c2a2a2e16fa68288648b4584f919398ddc0de420db36711f4dd0a3c6e090
CHARPACKET_A9BDD418194208AB1D57DB4AB761C51F,ART_RESEARCH_EXPERIMENTS_MASKS_F1E0B147_V1,SUPPORT_ARTIFACT,RESEARCH_EXPERIMENTS,BLOCKED_OWNER_APPROVAL,0,80,True,False,False,sha256:74488cf62142a434090c101b8c3758062685a209a88afbf5c42ba260271c2c13
CHARPACKET_2215934EAC8DAA645A018291F139B980,ART_RESEARCH_EXPERIMENTS_OBJECTIVE_5ECE8751_V1,SUPPORT_ARTIFACT,RESEARCH_EXPERIMENTS,BLOCKED_OWNER_APPROVAL,0,80,True,False,False,sha256:9900f9ffdd6d83037173886e64a1755eecfea6b4ff02a89709a8c7556eec79f3
CHARPACKET_D0ACEBA3A381CA1ABC92DA87B27CC9E4,ART_RESEARCH_EXPERIMENTS_OPE_821CB8B9_V1,SUPPORT_ARTIFACT,RESEARCH_EXPERIMENTS,BLOCKED_OWNER_APPROVAL,0,80,True,False,False,sha256:16efb0071be9bba5aa1c1181a28a6217698e9c43f609acc930081d332a045585
CHARPACKET_1C927614A2D644CBCDAEADF09D3BD0B0,ART_RESEARCH_EXPERIMENTS_POLICIES_5F0796BF_V1,SUPPORT_ARTIFACT,RESEARCH_EXPERIMENTS,BLOCKED_OWNER_APPROVAL,0,80,True,False,False,sha256:7743420d55f020ae370b57ee9960a0048e3d9d623659a30a64ca12e265f15878
CHARPACKET_A444FD6AABA9304FD15146CB698F9C59,ART_RESEARCH_EXPERIMENTS_PRIVACY_67F87A30_V1,SUPPORT_ARTIFACT,RESEARCH_EXPERIMENTS,BLOCKED_OWNER_APPROVAL,0,80,True,False,False,sha256:673fb8c4c1f6ce5b57e5eb2a0c60286dcace2b4ab0b05cb9bc0a016613c2846f
CHARPACKET_6631F4B4EBF2ADC37EA99033139F1633,ART_RESEARCH_EXPERIMENTS_PROJECTION_9ED8602C_V1,SUPPORT_ARTIFACT,RESEARCH_EXPERIMENTS,BLOCKED_OWNER_APPROVAL,0,80,True,False,False,sha256:92577bc141deab5d3d0b42744a9606390425cf386f3b9ded54e75b2139b3b0ab
CHARPACKET_103E82E52C6335ABF960847121E7F06E,ART_RESEARCH_EXPERIMENTS_PROVENANCE_A2CE7692_V1,SUPPORT_ARTIFACT,RESEARCH_EXPERIMENTS,BLOCKED_OWNER_APPROVAL,0,80,True,False,False,sha256:ce8da35105193c0ad8230b84536f4586c9debda03328a76ee83e9b71db85c5c7
CHARPACKET_95BFFC56E273C132B8D6A7874751C498,ART_RESEARCH_EXPERIMENTS_REPLAY_6CE92298_V1,SUPPORT_ARTIFACT,RESEARCH_EXPERIMENTS,BLOCKED_OWNER_APPROVAL,0,80,True,False,False,sha256:2153c2dde1769caad219979a91b9ddc0de1a3e33f2693bbaa7c30947e93bfccc
CHARPACKET_A5A0186F2164FAE83F450C346D37AA62,ART_RESEARCH_EXPERIMENTS_REVIEWS_EC03D36F_V1,SUPPORT_ARTIFACT,RESEARCH_EXPERIMENTS,BLOCKED_OWNER_APPROVAL,0,80,True,False,False,sha256:f1b4fa7a7653ced7777440906d8a612d05eeefa2d18d3722a640bf917c228290
CHARPACKET_D518D39B7117F6D3154D00DD69748399,ART_RESEARCH_EXPERIMENTS_REWARDS_77249F13_V1,SUPPORT_ARTIFACT,RESEARCH_EXPERIMENTS,BLOCKED_OWNER_APPROVAL,0,80,True,False,False,sha256:acf4164ea987ea236dc60328f24700f25a3b54fb742e0c9881f844bea85fed30
CHARPACKET_D4EEBF3BE3B9CCB807B5C0FBCDC235B5,ART_RESEARCH_EXPERIMENTS_SECURITY_03440639_V1,SUPPORT_ARTIFACT,RESEARCH_EXPERIMENTS,BLOCKED_OWNER_APPROVAL,0,80,True,False,False,sha256:48f09cbdc7466a44055b687c32337d5350425182b72193a48be7ddd3d4a4c8a9
CHARPACKET_F25A497A3E57238628E39F3B32141011,ART_RESEARCH_EXPERIMENTS_SELECTOR_D0044F92_V1,SUPPORT_ARTIFACT,RESEARCH_EXPERIMENTS,BLOCKED_OWNER_APPROVAL,0,80,True,False,False,sha256:b2731814ee9e47871912ccbfb02c7676c25076b8816e12e63ec6e0a6c63628cc
CHARPACKET_2A055BF5259F3D007CA795200B1F4CBC,ART_RESEARCH_EXPERIMENTS_SEQUENCE_POLICY_616FF91C_V1,SUPPORT_ARTIFACT,RESEARCH_EXPERIMENTS,BLOCKED_OWNER_APPROVAL,0,80,True,False,False,sha256:8fd87342cdc0100df2b303b6c22a3606c84e929fe699b95f2f0d061e3ae4a023
CHARPACKET_2FE5C70E0C164CB8075564A5D72BF0B0,ART_RESEARCH_EXPERIMENTS_SERVICE_03B49609_V1,SUPPORT_ARTIFACT,RESEARCH_EXPERIMENTS,BLOCKED_OWNER_APPROVAL,0,80,True,False,False,sha256:242f266dfb11e459b386fb094ac1402e793ef98616d8479fa9c6442f5ea069b4
CHARPACKET_A226025CAC9F2E33A6B7393259D5DAF9,ART_RESEARCH_EXPERIMENTS_SERVICE_7F3F536C_V1,SUPPORT_ARTIFACT,RESEARCH_EXPERIMENTS,BLOCKED_OWNER_APPROVAL,0,80,True,False,False,sha256:534330ab320b00cc7dbcfccd60cf656cbdcf7abb5a9cf1a5734c2268e5d947db
CHARPACKET_D52E8BF9383C18220147771CDE9704F4,ART_RESEARCH_EXPERIMENTS_SUPPORT_931E1091_V1,SUPPORT_ARTIFACT,RESEARCH_EXPERIMENTS,BLOCKED_OWNER_APPROVAL,0,80,True,False,False,sha256:b3122e66f6719b01c7b6149c6d368542042912ab6b89ce8a22a007868a4e890f
CHARPACKET_0BB9960CDFF8951F4FD3E8D66F2156A1,ART_RESEARCH_EXPERIMENTS_TRAJECTORY_750AAB1A_V1,SUPPORT_ARTIFACT,RESEARCH_EXPERIMENTS,BLOCKED_OWNER_APPROVAL,0,80,True,False,False,sha256:42ed2314c786862e8dbb920df896c4f9d0e6d3cae80cdce4863ba0f59b6bb56b
CHARPACKET_1051D7D2661704F7CE3ACD81D43C76AF,ART_RESEARCH_EXPERIMENTS_UPSTREAM_C2DC5863_V1,SUPPORT_ARTIFACT,RESEARCH_EXPERIMENTS,BLOCKED_OWNER_APPROVAL,0,80,True,False,False,sha256:671e9e88c804b69c184e8754c278f564ed179cda0862fc1d5c9aeaaa4d82f5c8
CHARPACKET_F5B02EC2414AAC9694AB7B614CEC2030,ART_RESEARCH_EXPERIMENTS_UPSTREAM_E48D1BF9_V1,SUPPORT_ARTIFACT,RESEARCH_EXPERIMENTS,BLOCKED_OWNER_APPROVAL,0,80,True,False,False,sha256:27bcfb94830686656fa567de4356c213164dd794344c1d2192a1058eef1037a9
CHARPACKET_085EAC5EE61966701D115BDD6EA3372D,ART_RESEARCH_EXPERIMENTS_VERSION_1219581F_V1,SUPPORT_ARTIFACT,RESEARCH_EXPERIMENTS,BLOCKED_OWNER_APPROVAL,0,80,True,False,False,sha256:136958d5c5ce2a0fc1ebf5e38fce29f54a97e393dd29ee8215f7e7f099756137
CHARPACKET_3A1F95EF647A560CECE76FBC244D5FE3,ART_RESEARCH_EXPERIMENTS_VERSION_841FF3CA_V1,SUPPORT_ARTIFACT,RESEARCH_EXPERIMENTS,BLOCKED_OWNER_APPROVAL,0,80,True,False,False,sha256:11772b87404b2e9f66aaa281bafbe842d4e37b1dd28f3fcf1c2c63b3b03b6eb8
CHARPACKET_D12398B4D2FFC53C2A647DFF7D74D813,TRT_LAB_OTHER_CONFORMANCE_2ECD20E7_V1,TREATMENT,LAB_OTHER,BLOCKED_SECURITY_REVIEW,0,80,True,True,False,sha256:d41cb03909b60abe62935257c28623e7b8c4f14a49da9302090dfc38a3ee875f
CHARPACKET_6F4BE8D8D1D28A2AD1F25C39070C5F34,TRT_LAB_OTHER_CROSSFIT_EBDA3EFA_V1,TREATMENT,LAB_OTHER,BLOCKED_SECURITY_REVIEW,0,80,True,True,False,sha256:d6048eb586c0e706a3d5f50701ef9f4ca861dbabf356b3fa99207bbe77dba20f
CHARPACKET_2FF8D43965E387A830713DB66A7EE40B,TRT_LAB_OTHER_MANUAL_EEF0FF57_V1,TREATMENT,LAB_OTHER,BLOCKED_SECURITY_REVIEW,0,80,True,True,False,sha256:18b24fde2a6fd4d7db31d64a038797c7efe064e41d195f65543a2c16bc7e653c
CHARPACKET_DCE7EA042755BAE4AEADDBE744981C2B,TRT_LAB_OTHER_MATRIX_642BBFE6_V1,TREATMENT,LAB_OTHER,BLOCKED_SECURITY_REVIEW,0,80,True,True,False,sha256:2e72eb59c3dba72fd53ce98852310de5e48dff882a6a19b80ea14bf8d18f6cd2
CHARPACKET_87BAB5B61FA6B0330A041BC7DB545E67,TRT_LAB_OTHER_UTILS_7074B129_V1,TREATMENT,LAB_OTHER,BLOCKED_SECURITY_REVIEW,0,80,True,True,False,sha256:cba4382a275da71cd0917500dbb61be52563e0daa763c061947bf6235ad1d72c
CHARPACKET_FB37DFF9D504A65DD4C897D97543E150,ART_ASTRO_RESEARCH_EXECUTION_DAL_ASTROMAPTYPES_FF2672AC_V1,SUPPORT_ARTIFACT,ASTRO_RESEARCH_EXECUTION,BLOCKED_OWNER_APPROVAL,15,83,True,False,False,sha256:a3bb356c42340c82ed313223d2d84d25480ff2d436b17f468bd4253151015076
CHARPACKET_B31465C71564AEF2CCA85CC2CC0854D4,ART_ASTRO_RESEARCH_EXECUTION_EXP0013_ASTROEXCELCANDLEREADER_DEMO_024094F6_V1,SUPPORT_ARTIFACT,ASTRO_RESEARCH_EXECUTION,BLOCKED_OWNER_APPROVAL,15,83,True,False,False,sha256:268ca0797435e8f79e6f412ff90f7ca936d388f35f92564d44c8a7fa1f85bf8a
CHARPACKET_27402C29449C06DB27609AED19E99F69,ART_ASTRO_RESEARCH_EXECUTION_EXP0013_ASTROPATHCLEANLINESSMETRICS_DEMO_FC5BD9A3_V1,SUPPORT_ARTIFACT,ASTRO_RESEARCH_EXECUTION,BLOCKED_OWNER_APPROVAL,15,83,True,False,False,sha256:8d70566056ad1292a48d54c3281c2329f27579719e3f7a41e397b13e6f103a26
CHARPACKET_3370AC3CB41B7703986FE5B23400B168,ART_EXP0018_DAYE_TRADER_DAYE_DATADIAGNOSTICS_5CA3147B_V1,SUPPORT_ARTIFACT,EXP0018_DAYE_TRADER,BLOCKED_OWNER_APPROVAL,15,83,True,False,False,sha256:a606a8a6ddbc7542f57a4cb5dc0bc3e215e2aba3bc77c13cc090e4a233ec97be
CHARPACKET_CBEA0B7DADF4CAD426173051FAE4BAD0,ART_EXP0019_FAERIE_PROTOCOL_CONTRACTS_A99E528D_V1,SUPPORT_ARTIFACT,EXP0019_FAERIE_PROTOCOL,BLOCKED_OWNER_APPROVAL,15,83,True,False,False,sha256:d99910c12c489315200b82f5721259ce1d95dcde1e988ba13f8db91b661fc952
CHARPACKET_C0A78C1E867A363631D47ABB669ABAB3,ART_EXP0019_FAERIE_PROTOCOL_DIAGNOSTICS_A2CC76A5_V1,SUPPORT_ARTIFACT,EXP0019_FAERIE_PROTOCOL,BLOCKED_OWNER_APPROVAL,15,83,True,False,False,sha256:d2d3b4edf007e4bce6cb1b37ead7b422adb591318881fa1d1d2e8380e15405d8
CHARPACKET_8E48A0CFD84B800BBC23C338BDEA3CF7,ART_EXP0019_FAERIE_PROTOCOL_ENUMS_7124478D_V1,SUPPORT_ARTIFACT,EXP0019_FAERIE_PROTOCOL,BLOCKED_OWNER_APPROVAL,15,83,True,False,False,sha256:a56cd08c8dce8e50d9819c27ca7ee80589fafcbcd6ea8f6574901924c26611e0
CHARPACKET_8A70F36BB778BEC6F4CF3A6623A22066,ART_EXP0019_FAERIE_PROTOCOL_EXP0019_FP_I02_CONTRACTKERNELDIAGNOSTIC_433A8D9B_V1,SUPPORT_ARTIFACT,EXP0019_FAERIE_PROTOCOL,BLOCKED_OWNER_APPROVAL,15,83,True,False,False,sha256:03225ee0289134973dbe18f0393e6ff406a6ce794d1e15b55620292437528780
CHARPACKET_1BBE47D12BB437E42AA45CF5B818C6F5,ART_EXP0019_FAERIE_PROTOCOL_EXP0019_FP_I03_TIMECALENDARDIAGNOSTIC_04B0CA63_V1,SUPPORT_ARTIFACT,EXP0019_FAERIE_PROTOCOL,BLOCKED_OWNER_APPROVAL,15,83,True,False,False,sha256:c768ff9fc8aed8ab92707be4154d1aec32c8dd8c65ecf6801d48626730e29a0f
CHARPACKET_B2FD69B7327C76AA5B47BE3190CD71A6,ART_EXP0019_FAERIE_PROTOCOL_EXP0019_FP_I07_CONFIRMATIONDIAGNOSTIC_79B179B6_V1,SUPPORT_ARTIFACT,EXP0019_FAERIE_PROTOCOL,BLOCKED_OWNER_APPROVAL,15,83,True,False,False,sha256:39fa7e60fbd6591b276e61bb8cdcfa8b797a7a22a56507ece63125bad4838cb6
CHARPACKET_BF0C54B1FF46B6542574C85693F96E7B,ART_EXP0019_FAERIE_PROTOCOL_EXP0019_FP_I14_DIAGNOSTICSELFTEST_634AD52E_V1,SUPPORT_ARTIFACT,EXP0019_FAERIE_PROTOCOL,BLOCKED_OWNER_APPROVAL,15,83,True,False,False,sha256:8199aae736b81ee2d7b2fa04bbcb026493c345feb51ce3365191d9e771722510
CHARPACKET_49A098B3C0943B8E7CECBC174D2B2B8F,ART_EXP0019_FAERIE_PROTOCOL_STRESS_A4CC5DF5_V1,SUPPORT_ARTIFACT,EXP0019_FAERIE_PROTOCOL,BLOCKED_OWNER_APPROVAL,15,83,True,False,False,sha256:d5f10c3bcb2774cf9b2942fe16854544bc9d2a4a4156dcfedf175efcca960491
CHARPACKET_939313CFDC6645AB2BF099914B09A3CC,ART_LAB_OTHER_CONTRACTS_10D76A02_V1,SUPPORT_ARTIFACT,LAB_OTHER,BLOCKED_OWNER_APPROVAL,15,83,True,False,False,sha256:f9a3efbf60e6d26b3ba08a083f96ed69801c4b14b472b2d121993173112d9c62
CHARPACKET_2F6C42993D81F6453D56C6522B0972F5,ART_RESEARCH_EXPERIMENTS_MODELS_449D9BF9_V1,SUPPORT_ARTIFACT,RESEARCH_EXPERIMENTS,BLOCKED_OWNER_APPROVAL,15,83,True,False,False,sha256:39865e7b4e7b19e3402011da695583e38cb017d63db0e8e11e60f9e3d8d5862b
CHARPACKET_0BE46E63D0DA8ECD9A84409AFDC37B8F,CTX_FLAG_COUNTING_NDS_HOOK_ZONE_NDS_HOOK_864_CYCLE_R1_CONTRACT_QA_058D5E0C_V1,CONTEXT,FLAG_COUNTING_NDS_HOOK_ZONE,BLOCKED_SECURITY_REVIEW,100,85,True,True,False,sha256:3ed657e80e5e016906c26ae3477a0d71cc6d9c6cbf9e6d98cf7d47c442c581a4
CHARPACKET_27B7AAF6CDE0973A1F7A1964387B31F7,CTX_FLAG_COUNTING_NDS_HOOK_ZONE_RUN_NDS_HOOK_864_CYCLE_R1_TESTS_49CABCBF_V1,CONTEXT,FLAG_COUNTING_NDS_HOOK_ZONE,BLOCKED_SECURITY_REVIEW,100,85,True,True,False,sha256:339a028aa854b2efbe19d9da1b69b6280cc0cd836c158a9439688e905a0b1b6a
CHARPACKET_F028B2C5D62BF8EC415EBA113756C415,ART_EXP0018_DAYE_TRADER_DAYE_DIAGNOSTICS_0562845D_V1,SUPPORT_ARTIFACT,EXP0018_DAYE_TRADER,BLOCKED_OWNER_APPROVAL,20,85,True,False,False,sha256:007708435c9c97081f303c9269079a4f3ff1eb063d77086e7cdf2adafa9723e9
CHARPACKET_47460F46857F3D63B77C1E9A99F1B30B,ART_EXP0018_DAYE_TRADER_DAYE_SESSIONBOXDIAGNOSTICS_DEBBBEC5_V1,SUPPORT_ARTIFACT,EXP0018_DAYE_TRADER,BLOCKED_OWNER_APPROVAL,20,85,True,False,False,sha256:7877d7ea4bb823053b2cdd814116b37f40eab1e395394d56e979f1ce02022edc
CHARPACKET_A6310C2D78B92FF91F6E02D6E7449986,ART_EXP0019_FAERIE_PROTOCOL_COMPARATOR_D2611D7D_V1,SUPPORT_ARTIFACT,EXP0019_FAERIE_PROTOCOL,BLOCKED_OWNER_APPROVAL,20,85,True,False,False,sha256:678185cad69fe754bb266764d323cd10164097db552c9c5caf944840e0255a86
CHARPACKET_238CEE62AFB3A0A180E379CEA85C65B3,ART_MQL5_OTHER_UCE_I19_RAMPANDRETIREMENTSELFTEST_16CF7B1D_V1,SUPPORT_ARTIFACT,MQL5_OTHER,BLOCKED_OWNER_APPROVAL,20,85,True,False,False,sha256:6e9f0e651cdbdaa5c5fc3b3d036abacbefb02bc453168d7a38652919dca39d56
CHARPACKET_0B1157469217DBA6A0AECBE036612077,ART_ASTRO_RESEARCH_EXECUTION_EXP0013_ASTROFEATURESTORE_DEMO_5ACC07A8_V1,SUPPORT_ARTIFACT,ASTRO_RESEARCH_EXECUTION,BLOCKED_OWNER_APPROVAL,25,86,True,False,False,sha256:c618028af3f43bcb49bed3ab11801a6bae399bc205f5338f872289b645af1373
CHARPACKET_F0184DEF2902E9AB7B5CC8F68E6348FD,ART_EXP0017_CYCLE_GROUP_EXP0017_CG_DIVERGENCE_ANATOMY_297A31FE_V1,SUPPORT_ARTIFACT,EXP0017_CYCLE_GROUP,BLOCKED_OWNER_APPROVAL,25,86,True,False,False,sha256:56b08f358830f8741afc519d1e2e404b7fa55ec00f61e1e14778b9cef3651c01
CHARPACKET_C14BE774A9C52086F61F35C6BF4506F7,ART_EXP0017_CYCLE_GROUP_EXP0017_CG_HUNT_ANATOMY_0BEE1F63_V1,SUPPORT_ARTIFACT,EXP0017_CYCLE_GROUP,BLOCKED_OWNER_APPROVAL,25,86,True,False,False,sha256:02eb8d011a064669d07e202702c7bdbbfdeb10898cdb00369741987f028e647e
CHARPACKET_E96C74638A08A72103FF597C71A060E3,ART_EXP0017_CYCLE_GROUP_EXP0017_CG_MODEL_DATASET_ANATOMY_E460D18C_V1,SUPPORT_ARTIFACT,EXP0017_CYCLE_GROUP,BLOCKED_OWNER_APPROVAL,25,86,True,False,False,sha256:411d53188510525c6694e1213b955ee9826fd184993121dcd895991bd4dd1818
CHARPACKET_486D26440D893BB89C26EB46BD5F5B1F,ART_EXP0017_CYCLE_GROUP_EXP0017_CG_RANKING_DASHBOARD_ANATOMY_23B7302E_V1,SUPPORT_ARTIFACT,EXP0017_CYCLE_GROUP,BLOCKED_OWNER_APPROVAL,25,86,True,False,False,sha256:43ebbc972cebc90b182e737438eeed90f46a9e21b4b004939a13d9d92dc4cbf0
CHARPACKET_C70D616B4CE8A5D14987E0AB4A291B53,ART_EXP0017_CYCLE_GROUP_EXP0017_CG_REFERENCE_ANATOMY_76DBA6AF_V1,SUPPORT_ARTIFACT,EXP0017_CYCLE_GROUP,BLOCKED_OWNER_APPROVAL,25,86,True,False,False,sha256:71a115d082571aa8a45884fd28e7a5c657d511788f777d5e099ffa5c5d5458a1
CHARPACKET_6DE631B5F07F76831805FDF9BABD7191,ART_EXP0017_CYCLE_GROUP_EXP0017_CG_STATISTICAL_REPORT_ANATOMY_2DE3C9EE_V1,SUPPORT_ARTIFACT,EXP0017_CYCLE_GROUP,BLOCKED_OWNER_APPROVAL,25,86,True,False,False,sha256:279ffe402648529206c2af1b2b39938109ab4da71816b0761c0419caf2122ba9
CHARPACKET_6B15E2CF9D781B13D803BA19811C10DC,ART_EXP0017_CYCLE_GROUP_EXP0017_CG_TIME_ANATOMY_192F5748_V1,SUPPORT_ARTIFACT,EXP0017_CYCLE_GROUP,BLOCKED_OWNER_APPROVAL,25,86,True,False,False,sha256:5cd1de3ef933f5c5fbd565f2f79935ef8a0592522fe1ddeaccd984a8d92506d5
CHARPACKET_A6A69988C02DB98E19E803218849BA92,ART_RESEARCH_EXPERIMENTS_NUMERICS_EBCB5FAD_V1,SUPPORT_ARTIFACT,RESEARCH_EXPERIMENTS,BLOCKED_OWNER_APPROVAL,25,86,True,False,False,sha256:937dad7ec6e79378f29ef6e3eb72ec229f0020f9fd676e45cfff282a155afb9c
CHARPACKET_FADFBC9603760CC90E8DFD06F1CA65C4,TRT_LAB_OTHER_UTILS_5483F015_V1,TREATMENT,LAB_OTHER,BLOCKED_SECURITY_REVIEW,25,86,True,True,False,sha256:3b915174686c0975b5c2265d156e1f3d86269dbc7d167bd15d97b703b878e27d
CHARPACKET_E6EDB4DC896EDDF1A2AB4EFA2016616F,ART_ASTRO_RESEARCH_EXECUTION_DAL_ASTROPATHCLEANLINESSMETRICS_624C41B3_V1,SUPPORT_ARTIFACT,ASTRO_RESEARCH_EXECUTION,BLOCKED_OWNER_APPROVAL,30,87,True,False,False,sha256:36b523096bf748fb0d2866bc6c9397649185a2e25843654fe2e20bfc81846c19
CHARPACKET_ECB3D4439269A3D95A3B86876E6DB93D,ART_MQL5_OTHER_SAEDV415_FUSIONCONTRACTDIAGNOSTIC_6438874C_V1,SUPPORT_ARTIFACT,MQL5_OTHER,BLOCKED_OWNER_APPROVAL,30,87,True,False,False,sha256:cf96dfafe33d394ad57c9acd4b7fdcfb18e4c6d1648331f3c0cfe971c5228aa2
CHARPACKET_138DA98655895632F746064CC8508D53,ART_MQL5_OTHER_SAEDV415_MISSINGVIEWDIAGNOSTIC_B2B15A29_V1,SUPPORT_ARTIFACT,MQL5_OTHER,BLOCKED_OWNER_APPROVAL,30,87,True,False,False,sha256:1a89898e1edc03d24a83f387fd18e9cc48c87a229492e2f924eafb679a094258
CHARPACKET_9445B65B1E81A72A8A1A4517BA121893,ART_RESEARCH_EXPERIMENTS_EXP0012_DISTRIBUTIONCLUSTERMINER_DEMO_2B7FC078_V1,SUPPORT_ARTIFACT,RESEARCH_EXPERIMENTS,BLOCKED_OWNER_APPROVAL,30,87,True,False,False,sha256:d55e5b83cd648682d19496e5b5516cdedb8b2dd3adbdda745e56ae3c465067af
CHARPACKET_AA8A469069D63241280A2F7C2C9D235B,TRT_LAB_OTHER_REGISTRY_042D98F7_V1,TREATMENT,LAB_OTHER,BLOCKED_SECURITY_REVIEW,30,87,True,True,False,sha256:5c458d3b3c106c2898fcdc9cb9c1a2bee2d3ae9d643e5d44cf242d8d5668dab0
CHARPACKET_DB093384F0AE0663AFA8CAC544D1A2D6,ART_ASTRO_RESEARCH_EXECUTION_DAL_ASTROEXECUTIONJOURNAL_B2EB6392_V1,SUPPORT_ARTIFACT,ASTRO_RESEARCH_EXECUTION,BLOCKED_OWNER_APPROVAL,35,88,True,False,False,sha256:f03063c566f051d2b2dcc1241151e9be293d670ce8625c72a1c6b587d50ef16d
CHARPACKET_DBB6A27FD1AEC7A8057421DCD75A86D9,ART_EXP0018_DAYE_TRADER_DAYE_PERIODDIAGNOSTICS_02B43FF1_V1,SUPPORT_ARTIFACT,EXP0018_DAYE_TRADER,BLOCKED_OWNER_APPROVAL,35,88,True,False,False,sha256:47db183e185896ed700344e85e9836e1772f3a683d3e4fb5827cbca3038c7a36
CHARPACKET_D7FF330F6311910A58428CF80CB32010,ART_EXP0019_FAERIE_PROTOCOL_AUTHORITY_9D5E6113_V1,SUPPORT_ARTIFACT,EXP0019_FAERIE_PROTOCOL,BLOCKED_OWNER_APPROVAL,35,88,True,False,False,sha256:bc0d14197d549960d6fa8484a3274cf28530d1ab795c99bfaf39be21787cdffa
CHARPACKET_76A44541B5472A280B6BE002E29F3930,ART_EXP0019_FAERIE_PROTOCOL_CLI_19ACCC80_V1,SUPPORT_ARTIFACT,EXP0019_FAERIE_PROTOCOL,BLOCKED_OWNER_APPROVAL,35,88,True,False,False,sha256:88a984e303cfbb5587c919fe980beae9307a9b43a1df3ad4d681ee2151ba77a1
CHARPACKET_30BB24D34CE2805207C68B1FB83D726D,ART_EXP0019_FAERIE_PROTOCOL_EXPORTER_00D3C53F_V1,SUPPORT_ARTIFACT,EXP0019_FAERIE_PROTOCOL,BLOCKED_OWNER_APPROVAL,35,88,True,False,False,sha256:3a86938ae9b227c209775eb751b264feb6d056323373379dd3cb685fb8c2aa03
CHARPACKET_CFD9D042C372D7DDC9FD4E270D8CAA0E,ART_EXP0019_FAERIE_PROTOCOL_FP_I14_TRACEEXPORTER_37CA6D28_V1,SUPPORT_ARTIFACT,EXP0019_FAERIE_PROTOCOL,BLOCKED_OWNER_APPROVAL,35,88,True,False,False,sha256:751317b109bfef57f844c2837e6e86940b3631e61119c3f43da4fdcdc63c1a0e
CHARPACKET_BC1DED4DCD8CDB2C178417D0958D4726,ART_LAB_OTHER_GOLDEN_6EE34C46_V1,SUPPORT_ARTIFACT,LAB_OTHER,BLOCKED_OWNER_APPROVAL,35,88,True,False,False,sha256:3193bc735fb013fe5d8e00ecccc13541dec7d6b3a166a7d405322a6900839d04
CHARPACKET_E6EB4C96503B7B4BEAA6DA37B8384E15,ART_RESEARCH_EXPERIMENTS_CLI_2B6A079A_V1,SUPPORT_ARTIFACT,RESEARCH_EXPERIMENTS,BLOCKED_OWNER_APPROVAL,35,88,True,False,False,sha256:28a20ae57f286e3346cfb27929afce5494b58e443ed6e1c70aceb5098d579dde
CHARPACKET_9D490D8113CAEE32E3EA502FB9423DF4,ART_RESEARCH_EXPERIMENTS_CLI_52B561CE_V1,SUPPORT_ARTIFACT,RESEARCH_EXPERIMENTS,BLOCKED_OWNER_APPROVAL,35,88,True,False,False,sha256:9ea2ffdb90807534eedb1932c004f36d6adef94ad3fc8373845f39089a8dfa28
CHARPACKET_DBC7D83DED0C5BD5690E6D06A1CC731B,ART_RESEARCH_EXPERIMENTS_CLI_636624AF_V1,SUPPORT_ARTIFACT,RESEARCH_EXPERIMENTS,BLOCKED_OWNER_APPROVAL,35,88,True,False,False,sha256:3c23445c319f16b91545bba08e7dddf3d9862a2844219077f26c3c64ca016d40
CHARPACKET_51E97A8E6FD9D4589241A59264E15663,ART_RESEARCH_EXPERIMENTS_PHASE11_REPLAY_LEDGER_COMPARE_250A5839_V1,SUPPORT_ARTIFACT,RESEARCH_EXPERIMENTS,BLOCKED_OWNER_APPROVAL,35,88,True,False,False,sha256:3175499d6f339ebc18036e9afab6b6a9bf9c06c6ba14a90fd32e5fe5ed148126
CHARPACKET_B14B7D8E7872214E984F789B91B0D652,ART_EXP0017_CYCLE_GROUP_EXP0017_CG_OUTCOME_STUDY_ANATOMY_EFCA66EC_V1,SUPPORT_ARTIFACT,EXP0017_CYCLE_GROUP,BLOCKED_OWNER_APPROVAL,40,90,True,False,False,sha256:d75968e94666df3f8ca34643b83395bb6196b98420cc25216f51a14e389774a9
CHARPACKET_8F9A81C91BC1DA67CE596DE7F895EF63,ART_EXP0017_CYCLE_GROUP_EXP0017_CG_VISUAL_LEDGER_ANATOMY_DBC18854_V1,SUPPORT_ARTIFACT,EXP0017_CYCLE_GROUP,BLOCKED_OWNER_APPROVAL,40,90,True,False,False,sha256:c3cb75ca6aa6314bdcef77fd3b009243d33d20fb2d7f863879dc5b978e80084d
CHARPACKET_2EC71B31C43D70659DE4FBAC98D97EEC,ART_EXP0018_DAYE_TRADER_EXP0018_DAYE_HISTORICAL_REPLAY_ANATOMY_91F19503_V1,SUPPORT_ARTIFACT,EXP0018_DAYE_TRADER,BLOCKED_OWNER_APPROVAL,40,90,True,False,False,sha256:48d24ddc17922a48c1359e4837dde8fc47f52adca337ffd738e0b941b357f1d2
CHARPACKET_93EA86F467C79B0C2606002764D36877,TRT_LAB_OTHER_GOLDEN_3CA351EF_V1,TREATMENT,LAB_OTHER,BLOCKED_SECURITY_REVIEW,40,90,True,True,False,sha256:cc411b3705e586c4d3e303422d0206882d5402cbf7ab89ac5674a5429e30f004
CHARPACKET_A3AB1305136A7D2C7849A167AE63DCA0,ART_ASTRO_RESEARCH_EXECUTION_DAL_ASTROFEATURESTORE_BEDC1035_V1,SUPPORT_ARTIFACT,ASTRO_RESEARCH_EXECUTION,BLOCKED_OWNER_APPROVAL,45,91,True,False,False,sha256:7625e678a762129d5ded8dac85aee3636592e0c87edb2726ba5c85f4b3f8937a
CHARPACKET_1DC9A7675D3130582AE6C8F3E456353C,ART_PRODUCT_LAB_GARTALNEWSDIAGNOSTICS_40EB5A8B_V1,SUPPORT_ARTIFACT,PRODUCT_LAB,BLOCKED_OWNER_APPROVAL,45,91,True,False,False,sha256:4f21e21d63e47af0c284ce9c00884ec5ec973d9d14e5be6bbf5a0609421574b7
CHARPACKET_C0AE6AD72F980FEA504995C6CB391D8E,ART_TOOLING_OTHER_SCAFFOLD_SF04_ANATOMY_PLUGIN_BE3B3FB0_V1,SUPPORT_ARTIFACT,TOOLING_OTHER,BLOCKED_OWNER_APPROVAL,50,92,True,False,False,sha256:9249b5ec7a91c472e8a5b2c7e6941d38c859667fc3444e376b7f071ac91f24b0
CHARPACKET_F8F9A227A6D72F4EEC0B07DD8DF7F599,ART_RESEARCH_EXPERIMENTS_PHASE12_5_PIPELINE_INTEGRITY_4FA1EE19_V1,SUPPORT_ARTIFACT,RESEARCH_EXPERIMENTS,BLOCKED_OWNER_APPROVAL,55,93,True,False,False,sha256:db4a8875578a8c13f6767c6fc51b391d40de4a42422fcb7c32def2db7dd35043
CHARPACKET_A6DCCBFEA6147BBAE7AAE61651D51999,ART_RESEARCH_EXPERIMENTS_PHASE12_RESEARCH_WORKBENCH_9E1AB7E3_V1,SUPPORT_ARTIFACT,RESEARCH_EXPERIMENTS,BLOCKED_OWNER_APPROVAL,55,93,True,False,False,sha256:39f34c8d678b48c0e0f8578a5d949ed8f632aa7e35ab30d4bbb23de84cc21dcf
CHARPACKET_CDA3FEC3E9C55420C34A458B7E595991,VIS_PRODUCT_LAB_GARTALNEWSCALENDARCLIENT_E7B4A5A8_V1,VISUALIZER,PRODUCT_LAB,BLOCKED_SECURITY_REVIEW,100,95,True,True,False,sha256:8ed83410f62d734a3d212223abf48c69433f35656f8279e6af74fffce5c9eeaf
CHARPACKET_45D7D2A05ADD67FBA52A5456A1AFB34F,VIS_PRODUCT_LAB_GARTALNEWSDOWNLOADEREA_A286CD91_V1,VISUALIZER,PRODUCT_LAB,BLOCKED_SECURITY_REVIEW,100,95,True,True,False,sha256:34b3de86c7d24d6f8247a9c4dcdfafb4757c044dcf927261602dc161b95db26d
CHARPACKET_6FD4E852F15345DBC412BAE290DB4DE1,VIS_PRODUCT_LAB_GARTALNEWSINPUTS_5F9405C9_V1,VISUALIZER,PRODUCT_LAB,BLOCKED_SECURITY_REVIEW,100,95,True,True,False,sha256:c419c6cf963b36aff5d00987c223dcbfd8a007a08063cc99e06714ccff8e0fb5
CHARPACKET_204FD190C5415C715E964D873905745A,VIS_PRODUCT_LAB_GARTALNEWSTYPES_13C8CDC0_V1,VISUALIZER,PRODUCT_LAB,BLOCKED_SECURITY_REVIEW,100,95,True,True,False,sha256:9f94fd4784391e99855cc128e4609f0cbbaefdd64db1b89617fde6eea477ac01
CHARPACKET_BE09E76DFC36A4782FC91242664FDE98,ART_MQL5_OTHER_D0005_H5NOFUTUREWALKFORWARDAUDIT_67685045_V1,SUPPORT_ARTIFACT,MQL5_OTHER,BLOCKED_OWNER_APPROVAL,70,97,True,False,False,sha256:61282d14319d7e21c602f747eaa4ac67c35400394d748990f2b652ea13d4c1ce
CHARPACKET_CBA5E394BA98850824B222FFC42A9ABD,ART_MQL5_OTHER_D0006_H5LIVETOUCHREPLAYAUDIT_68AD1591_V1,SUPPORT_ARTIFACT,MQL5_OTHER,BLOCKED_OWNER_APPROVAL,70,97,True,False,False,sha256:9c10104a3dd8798225c7c1d31471e3ff9d59e677d5bb0d6c23a344f3d5bf471f
CHARPACKET_EE55BDC551A1F9DAA552428B2FD8F8C1,ART_MQL5_OTHER_D0007_H5CAUSALLIVEREPLAYAUDIT_9CD50CE3_V1,SUPPORT_ARTIFACT,MQL5_OTHER,BLOCKED_OWNER_APPROVAL,70,97,True,False,False,sha256:bc133f18e56d01acd3b900e6cd657caeedd02979438d151b93d03d72788c1772
CHARPACKET_F662736CF085609C8D12715537689B68,ART_MQL5_OTHER_D0009_H5ATOMICNOSAMPLEREPLAYAUDIT_72F20E88_V1,SUPPORT_ARTIFACT,MQL5_OTHER,BLOCKED_OWNER_APPROVAL,70,97,True,False,False,sha256:a705b64e75a891f4046df4111bcfda8d8cf562c90e4971eb2811f8dd0df2c8bb
CHARPACKET_59099CA850E5604E7E5365CD94369C66,ART_EXP0018_DAYE_TRADER_EXP0018_DAYE_CLOSE_CONFIRMATION_ANATOMY_345ADE39_V1,SUPPORT_ARTIFACT,EXP0018_DAYE_TRADER,BLOCKED_OWNER_APPROVAL,75,98,True,False,False,sha256:af9993940d8aa74e50a94884b1cba2b5965449b3106a3485809a2290cc2028c4
CHARPACKET_8AE897B52AB6C8E3B6FA4014697F21BF,ART_EXP0018_DAYE_TRADER_EXP0018_DAYE_DATA_SYNC_ANATOMY_24864783_V1,SUPPORT_ARTIFACT,EXP0018_DAYE_TRADER,BLOCKED_OWNER_APPROVAL,75,98,True,False,False,sha256:e4ae4c41ae4e54b4f8522fd648001bb7438cedc7937a908c149252ea246e6070
CHARPACKET_03CA9DD808B675AEA59D9690EA218892,ART_EXP0018_DAYE_TRADER_EXP0018_DAYE_DIVERGENCE_DRAWING_ANATOMY_8262372C_V1,SUPPORT_ARTIFACT,EXP0018_DAYE_TRADER,BLOCKED_OWNER_APPROVAL,75,98,True,False,False,sha256:83f9f593aa43bc1bb00ed0b12998a67fee4b8510bbf8ba54a68bfc940c61951b
CHARPACKET_08E1124238685AB88210B07DD6B248B4,ART_EXP0018_DAYE_TRADER_EXP0018_DAYE_HUNT_OBSERVATION_ANATOMY_9907ACDF_V1,SUPPORT_ARTIFACT,EXP0018_DAYE_TRADER,BLOCKED_OWNER_APPROVAL,75,98,True,False,False,sha256:e5f44cdca99bb726fdc9bddce7d0a07721e0e6cbc635d17d4647a9e99431f973
CHARPACKET_3EBD29F9E2432895D0BB8E0840D5684D,ART_EXP0018_DAYE_TRADER_EXP0018_DAYE_PERIOD_ANATOMY_D54CC479_V1,SUPPORT_ARTIFACT,EXP0018_DAYE_TRADER,BLOCKED_OWNER_APPROVAL,75,98,True,False,False,sha256:796cbbaed7aed3e55a6e7f983c67880bc883238cf5a665ad0b9d826112ba2e2e
CHARPACKET_C1708006B2BBE0DA3143B5BEB1DF1CDC,ART_EXP0018_DAYE_TRADER_EXP0018_DAYE_REFERENCE_LIFECYCLE_ANATOMY_460874A7_V1,SUPPORT_ARTIFACT,EXP0018_DAYE_TRADER,BLOCKED_OWNER_APPROVAL,75,98,True,False,False,sha256:94a3a90c799a2d0c3ff6fb9e1928eb10756449baed6b7d5e43effd3d0ed4d377
CHARPACKET_196DE083D1EA9E8DBE28791D7DF97E1E,ART_EXP0018_DAYE_TRADER_EXP0018_DAYE_RELATIONSHIP_REGISTRY_ANATO_F38498F7_V1,SUPPORT_ARTIFACT,EXP0018_DAYE_TRADER,BLOCKED_OWNER_APPROVAL,75,98,True,False,False,sha256:9ffae3ff5341e61652a69863ba035c65690559209ad549e838dfff00c4a126d3
CHARPACKET_BE9F73FC085D7CA6B5991B322B4DD040,ART_EXP0018_DAYE_TRADER_EXP0018_DAYE_SESSION_BOXES_ANATOMY_4ECD6703_V1,SUPPORT_ARTIFACT,EXP0018_DAYE_TRADER,BLOCKED_OWNER_APPROVAL,75,98,True,False,False,sha256:db644d100cf1ac6dcfb06a6e15b0833a9e963ec4f4b559eab701096c4677c984
CHARPACKET_F9AF841BAF0DD8B5AFD5F91EF4E197A2,ART_EXP0018_DAYE_TRADER_EXP0018_DAYE_VISUAL_ANATOMY_621F071B_V1,SUPPORT_ARTIFACT,EXP0018_DAYE_TRADER,BLOCKED_OWNER_APPROVAL,75,98,True,False,False,sha256:806fdde64658015d121b4912fca400d301dbbc5eadb162ce58f4cd89683d6f35
CHARPACKET_0C3FD29586A373F4EE88DED5781990C8,ADP_ASTRO_RESEARCH_EXECUTION_A0090_ASTROORDERSHELL_946A223D_V1,ADAPTER,ASTRO_RESEARCH_EXECUTION,BLOCKED_SECURITY_REVIEW,100,100,True,True,False,sha256:d1103996b3770512420a151c31d03cb7cbb1811f84779f6d75a2effdc3ee2cf6
CHARPACKET_454D8DD6CB129289FB16FCBB5DEB076D,ADP_ASTRO_RESEARCH_EXECUTION_ASTRO_LIVE_BRIDGE_2E241E7C_V1,ADAPTER,ASTRO_RESEARCH_EXECUTION,BLOCKED_SECURITY_REVIEW,100,100,True,True,False,sha256:8ce29176f98c2b5dec54e62839bc379fe9dd90aba4a32f134b9eed81c9f2da71
CHARPACKET_3A6934417C38FBE9F4338C1C5F606F7C,ADP_EXECUTION_E_SERIES_DAL_E0006EXPOSURECAPS_0D456F5D_V1,ADAPTER,EXECUTION_E_SERIES,BLOCKED_SECURITY_REVIEW,100,100,True,True,False,sha256:14e261d5dc475681949305ee59102771c59f6bd03728e65a8f0d1eae519ff97a
CHARPACKET_C643500E67528730D352F04EE2F1C22F,ADP_EXECUTION_E_SERIES_DAL_E0007ORDERENGINE_26E57465_V1,ADAPTER,EXECUTION_E_SERIES,BLOCKED_SECURITY_REVIEW,100,100,True,True,False,sha256:63ac9e36882ee16ca3b5aaada7a219a8cccad1bec03439f672f07dc451e4de94
CHARPACKET_7C50004BDC2F46275D0F023AA3ED8B0F,ADP_EXECUTION_E_SERIES_DAL_E0008ORDERENGINE_1EC48315_V1,ADAPTER,EXECUTION_E_SERIES,BLOCKED_SECURITY_REVIEW,100,100,True,True,False,sha256:c8b61b8af3bfc7cb2c66d7dc20bf33c2e2600b40b8d9f06b3413b5905b8531a6
CHARPACKET_8643FB26B8D7474DAC84EA14C2A7D235,ADP_EXECUTION_E_SERIES_DAL_E0009ORDERENGINE_596D1456_V1,ADAPTER,EXECUTION_E_SERIES,BLOCKED_SECURITY_REVIEW,100,100,True,True,False,sha256:56a8dbfc540a1b76e777b73da3cdb43d5b702901e01b044080ff573aa5933dcb
CHARPACKET_AEB48AB9FBF50B1FC26C98F52CA2B98A,ADP_EXECUTION_E_SERIES_DAL_EXECORDERS_D2B3A212_V1,ADAPTER,EXECUTION_E_SERIES,BLOCKED_SECURITY_REVIEW,100,100,True,True,False,sha256:9e118021098230e019117b98179ef8193c5c49bfa1b60e546dcb77762c7b4a72
CHARPACKET_09236122F95E0DB8AFE8E52C34B8A769,ADP_EXECUTION_E_SERIES_E0001_REVERSALONETOONE_8C20FB13_V1,ADAPTER,EXECUTION_E_SERIES,BLOCKED_SECURITY_REVIEW,100,100,True,True,False,sha256:4880f7b58f0f2640f81fec52d626cf49dcade79f33daadbcb0e464fbbe8d53a7
CHARPACKET_6C1D09750916F9E8865199CB5FD042AD,ADP_EXECUTION_E_SERIES_E0002_CLOSECONFIRMEDMARKET_60C50B24_V1,ADAPTER,EXECUTION_E_SERIES,BLOCKED_SECURITY_REVIEW,100,100,True,True,False,sha256:1ff91285b2c93294a5443489d39309e862fdcc1779f4d609a11e5db4f0025e8c
CHARPACKET_C71BD2E6C4FFABE7E0EF5C17CC1A4E7D,ADP_EXECUTION_E_SERIES_E0003_CONTINUATIONCLOSEHUNT_19F8E4AD_V1,ADAPTER,EXECUTION_E_SERIES,BLOCKED_SECURITY_REVIEW,100,100,True,True,False,sha256:1cd004c235631e7957c191bd228ae55cc6dd37877a4a60bdf8cf11f1e82207f8
CHARPACKET_6915AA1C7491EA4DCA8904FB12E1BA14,ADP_EXECUTION_E_SERIES_E0004_CONTINUATIONHEIKINASHIFLIP_39C59BD9_V1,ADAPTER,EXECUTION_E_SERIES,BLOCKED_SECURITY_REVIEW,100,100,True,True,False,sha256:448eca56e36adb5897d08d143ee8d6f65974442552aa5e7a8e59c5a75337a930
CHARPACKET_F595EB28894EA9AC1B55117EDCF8A3EC,ADP_EXECUTION_E_SERIES_E0005_CONTINUATIONCLOSEBREAKFIXEDR_74DEAAEF_V1,ADAPTER,EXECUTION_E_SERIES,BLOCKED_SECURITY_REVIEW,100,100,True,True,False,sha256:e11ce5d11276d61e8f32ea38647e78560b31b2ffa3dbf13083b883a914831478
CHARPACKET_C5800E20AD5EB858D6DB1DDDE412DD22,ADP_EXECUTION_E_SERIES_E0006_ALLZONETOUCHLIMITFIXEDR_85EB281D_V1,ADAPTER,EXECUTION_E_SERIES,BLOCKED_SECURITY_REVIEW,100,100,True,True,False,sha256:2b2b8ae59b108e0b2211506455e2c78a4c9cf4fad4737f901dd951387d2357d7
CHARPACKET_6894DB820F008FE48A40DFB62619DA8C,ADP_EXECUTION_E_SERIES_E0007_PURPLESOURCEEXTREMEEXECUTOR_8AE77739_V1,ADAPTER,EXECUTION_E_SERIES,BLOCKED_SECURITY_REVIEW,100,100,True,True,False,sha256:1774bab702dd094f2cd1f0e052ba9c0801511c7de5545669b9266944c0ee36e6
CHARPACKET_86145D5583052880DC32E4E6EC6AD7E3,ADP_EXECUTION_E_SERIES_E0008_MTFPURPLEEXTREMEEXECUTOR_3B24D1AC_V1,ADAPTER,EXECUTION_E_SERIES,BLOCKED_SECURITY_REVIEW,100,100,True,True,False,sha256:05b3046e3c3cd1edf357179594470243d94c87f89641b38dd2736b482f2956ba
CHARPACKET_00F1606DF9CB24106233851C8892D4DF,ADP_EXECUTION_E_SERIES_E0010_PUREHEIKINASHIMTFROULETTE_8EBF4761_V1,ADAPTER,EXECUTION_E_SERIES,BLOCKED_SECURITY_REVIEW,100,100,True,True,False,sha256:5044453eab678b72db85d76753249c7397e20abd3b80bd33476dbff57fd828bd
CHARPACKET_057A075112627B8C1ABA59DC3907A002,ADP_EXECUTION_E_SERIES_E0011_DONCHIAN20ATR3ROULETTE_2F619C5C_V1,ADAPTER,EXECUTION_E_SERIES,BLOCKED_SECURITY_REVIEW,100,100,True,True,False,sha256:8bac4a5bd3c093ff97bb1cd177a569dad69faea711b4342fbf27d25801779712
CHARPACKET_B4B158AB3C8DB3CA68F65AFD6733EE7E,ADP_EXP0016_INTERMARKET_EXECUTION_DAL_STC_AUTOENTRY_C0597FA1_V1,ADAPTER,EXP0016_INTERMARKET_EXECUTION,BLOCKED_SECURITY_REVIEW,100,100,True,True,False,sha256:711f64e2d11abe5dec5c9230dd54020d49141d534e970aba7884e3d391d680e4
CHARPACKET_27930762A0DF83594F214BDC42D7F020,ADP_EXP0016_INTERMARKET_EXECUTION_DAL_STC_BROKER_4E4AE918_V1,ADAPTER,EXP0016_INTERMARKET_EXECUTION,BLOCKED_SECURITY_REVIEW,100,100,True,True,False,sha256:7928dc1db7c11d9f56bc1aec3ae6798accfe89607c9d5b29c5b69e0a9e93c5d2
CHARPACKET_C4B27A4467B95154BBAD1361E438F82A,ADP_EXP0016_INTERMARKET_EXECUTION_DAL_STC_REALHARDCLOSE_AD746F7C_V1,ADAPTER,EXP0016_INTERMARKET_EXECUTION,BLOCKED_SECURITY_REVIEW,100,100,True,True,False,sha256:add738778edab2079fb870469eafe0339649f8c82d95e7184eb8fce1def0ad76
CHARPACKET_80D718A458B58B2F4115A2F10BBAD866,ADP_EXP0016_INTERMARKET_EXECUTION_DAL_STC_REALPARTIAL_A31D4C5E_V1,ADAPTER,EXP0016_INTERMARKET_EXECUTION,BLOCKED_SECURITY_REVIEW,100,100,True,True,False,sha256:b6f07cc49200ecd44d5116d3dc09b1971582e09b58916d184c120333730087db
CHARPACKET_DCA6CE51DE0F8B77B80ECABF8C19D392,ADP_EXP0017_CYCLE_GROUP_CGX_ORDERROUTER_6AD0C462_V1,ADAPTER,EXP0017_CYCLE_GROUP,BLOCKED_SECURITY_REVIEW,100,100,True,True,False,sha256:2e7379e1cb5820dfadb80523b4f19cc428ec632bf4e6f2a19c5edce615c123ad
CHARPACKET_244E1CB95993AA6D8A813C7A86913088,ADP_EXP0019_FAERIE_PROTOCOL_DUPLICATE_SCAN_52BC96B9_V1,ADAPTER,EXP0019_FAERIE_PROTOCOL,BLOCKED_SECURITY_REVIEW,100,100,True,True,False,sha256:db1246f9e438e6de17078d3125ef3d4e992c0b402b0371d3f2bffc5a65a36339
CHARPACKET_40673323D7408924452662C2048DCC40,ADP_FLAG_COUNTING_NDS_HOOK_ZONE_E0009_HTF123M1HOOKCOUNTEREXECUTOR_640C16DB_V1,ADAPTER,FLAG_COUNTING_NDS_HOOK_ZONE,BLOCKED_SECURITY_REVIEW,100,100,True,True,False,sha256:71f8bb7c0934b292cfab938ac182b2287fee259c30c9abb8aee3408c973d2813
CHARPACKET_A3D8EE61BC904A87CC554F31BC5005E1,ADP_FLAG_COUNTING_NDS_HOOK_ZONE_FLAGCOUNTINGPHOENIXEXPERIMENT_0280CAAE_V1,ADAPTER,FLAG_COUNTING_NDS_HOOK_ZONE,BLOCKED_SECURITY_REVIEW,100,100,True,True,False,sha256:4eed4a159d4a089b52689c6efb1d16f79a612e31ef0d1f25d488c4c9c57c997f
CHARPACKET_3A7C98C993C6DBB67113181CDD93DAAB,ADP_FLAG_COUNTING_NDS_HOOK_ZONE_FP_BROKERDRYRUNTYPES_168E291B_V1,ADAPTER,FLAG_COUNTING_NDS_HOOK_ZONE,BLOCKED_SECURITY_REVIEW,100,100,True,True,False,sha256:d94f52447f6387da717795b5c746c5d29425cdafb81d7b5e2f60565bc39f4c52
CHARPACKET_910348F485C8D589F7B7034DE80C752D,ADP_FLAG_COUNTING_NDS_HOOK_ZONE_FP_BROKERREQUESTAUDITTYPES_5DAB4F42_V1,ADAPTER,FLAG_COUNTING_NDS_HOOK_ZONE,BLOCKED_SECURITY_REVIEW,100,100,True,True,False,sha256:0b590ee295ff2665d5f426d9119263fb629e35e247230664cb2d7582246a4fa5
CHARPACKET_5D8EBFD0C29DE9C67F90D68956418949,ADP_FLAG_COUNTING_NDS_HOOK_ZONE_FP_BROKERREQUESTLEDGERTYPES_DA10ECFF_V1,ADAPTER,FLAG_COUNTING_NDS_HOOK_ZONE,BLOCKED_SECURITY_REVIEW,100,100,True,True,False,sha256:baaa653779e755a7a871f53184879e3e9e5eccd4d9e087b56d37d91b896e654a
CHARPACKET_B9E5FB527C2E6E03048757D881E2FF15,ADP_FLAG_COUNTING_NDS_HOOK_ZONE_FP_BROKERVALIDATORTYPES_F57AF92D_V1,ADAPTER,FLAG_COUNTING_NDS_HOOK_ZONE,BLOCKED_SECURITY_REVIEW,100,100,True,True,False,sha256:a74a9314132ae7eaace81b3e344569d143b07fb6bde8ab09106c92cf7e16c59d
CHARPACKET_204F99F581D02B15276E9053D69A55E1,ADP_FLAG_COUNTING_NDS_HOOK_ZONE_FP_FINALCSVNORMALIZATIONTYPES_F9F2F042_V1,ADAPTER,FLAG_COUNTING_NDS_HOOK_ZONE,BLOCKED_SECURITY_REVIEW,100,100,True,True,False,sha256:509c9d6560285bcf45092bfe39301fd03b9e71c090bf9fe545b684b98b599d69
CHARPACKET_8C6B4835133D8E571FDBA1547B49F022,ADP_FLAG_COUNTING_NDS_HOOK_ZONE_FP_FINALDECISIONSTATETYPES_9C6A5F32_V1,ADAPTER,FLAG_COUNTING_NDS_HOOK_ZONE,BLOCKED_SECURITY_REVIEW,100,100,True,True,False,sha256:0f61b159dd1563f09d56acd2160ce92c5ec160b78a1d721d51ada7a12394cdae
CHARPACKET_A1E5D44C20AE7CD7D1A2395D887C4D85,ADP_FLAG_COUNTING_NDS_HOOK_ZONE_FP_NDSF2F3EXITMANAGER_D49BEAF1_V1,ADAPTER,FLAG_COUNTING_NDS_HOOK_ZONE,BLOCKED_SECURITY_REVIEW,100,100,True,True,False,sha256:3e06cf4b585d63aed1fc67c4c14b9e0f4058e17f5039a6e2f4ead4829662ffee
CHARPACKET_2D7F716121EE9DD22853ACAFA9867198,ADP_FLAG_COUNTING_NDS_HOOK_ZONE_FP_NDSF2WAISTTRADERULES_2F9D7D01_V1,ADAPTER,FLAG_COUNTING_NDS_HOOK_ZONE,BLOCKED_SECURITY_REVIEW,100,100,True,True,False,sha256:307bb7ba7a66861639d0d775768d3619114d5232f55d268472bc798b1c937037
CHARPACKET_E08A7992276DDC0DF8FDA2196AD7079C,ADP_FLAG_COUNTING_NDS_HOOK_ZONE_FP_NDSHOOKTRADERULES_6EB0E90B_V1,ADAPTER,FLAG_COUNTING_NDS_HOOK_ZONE,BLOCKED_SECURITY_REVIEW,100,100,True,True,False,sha256:e90ae86494912dacc6448bd734224e38e649fcf99e314497665df2f32a8cfd8f
CHARPACKET_2866DE35BE642289B32B56B1C7351479,ADP_FLAG_COUNTING_NDS_HOOK_ZONE_FP_NOSENDCONTEXTTYPES_AB758DA7_V1,ADAPTER,FLAG_COUNTING_NDS_HOOK_ZONE,BLOCKED_SECURITY_REVIEW,100,100,True,True,False,sha256:f67f8a7ba469d84c0ef0fe184c5c9ddb35f62e5cc6f0804c54c714846944a4b7
CHARPACKET_FF6DBB29DDFC6A3BD6D1AE31E7D6FC7B,ADP_FLAG_COUNTING_NDS_HOOK_ZONE_FP_PAPERBROKERADAPTERTYPES_2712C3BC_V1,ADAPTER,FLAG_COUNTING_NDS_HOOK_ZONE,BLOCKED_SECURITY_REVIEW,100,100,True,True,False,sha256:dc4e203c8051e2cf9f439585c049571237bd2ad5e68fa792ae983312bdfd51a9
CHARPACKET_1845AE586F7BC434A944CFC928E376F3,ADP_FLAG_COUNTING_NDS_HOOK_ZONE_FP_PAPERBROKERLIFECYCLETYPES_54B6FF72_V1,ADAPTER,FLAG_COUNTING_NDS_HOOK_ZONE,BLOCKED_SECURITY_REVIEW,100,100,True,True,False,sha256:e2968c2579f51d391a3b041251d07b1f96c31060cdc267fe35e8818bb2630864
CHARPACKET_616354A82D4945C1B51239B0BAE64A72,ADP_FLAG_COUNTING_NDS_HOOK_ZONE_FP_RUNTIMEHEALTHSUMMARYTYPES_865B17DF_V1,ADAPTER,FLAG_COUNTING_NDS_HOOK_ZONE,BLOCKED_SECURITY_REVIEW,100,100,True,True,False,sha256:d7a375ed5cecf9d1189e2191d0d6bf62688d152f5a4c3a0bf71a0675094e5f10
CHARPACKET_AE72ED2AF30489541B22013D076047AC,ADP_TOOLING_OTHER_CHECK_MQL5_COMPATIBILITY_980159CB_V1,ADAPTER,TOOLING_OTHER,BLOCKED_SECURITY_REVIEW,95,100,True,True,False,sha256:e0fdeb0e012b12ebcdec35e37cce4c5ca042002f2639f31d8ab98d8dc6c3eb96
CHARPACKET_62AB41914484FA5071259A7E05CC9790,ADP_TOOLING_OTHER_DAL_CME_BRIDGE_F84585BE_V1,ADAPTER,TOOLING_OTHER,BLOCKED_SECURITY_REVIEW,100,100,True,True,False,sha256:825ff54c62d721af5339395a34b858d705955a44cee5d8467b7726a645204829
CHARPACKET_0AF0F7C501DB6A451BBF8949BEBFE5AF,ADP_TOOLING_OTHER_DAL_CME_LIVE_PRICES_BEB6091B_V1,ADAPTER,TOOLING_OTHER,BLOCKED_SECURITY_REVIEW,80,100,True,True,False,sha256:c822aeaa40612dcec7a2806dd29cd931fc101cb0d2ced7858c6503aa0e0ab4df
CHARPACKET_B334F8DE677A546ECACEFBE7A0531FF3,ENG_ACL_OS_PLATFORM_ACTIVE_PLANNER_2AA1AC7F_V1,ENGINE,ACL_OS_PLATFORM,EXCLUDED_PROTECTED_PLATFORM,0,100,True,False,False,sha256:8e0d1e4525bffe1b902cef73ec995f48000cbb179dc0bda97e96507ce1acb4ac
CHARPACKET_634F28BEA332091B0D0833DCDFF7F283,ENG_ACL_OS_PLATFORM_ADAPTERS_68A3EA3E_V1,ENGINE,ACL_OS_PLATFORM,EXCLUDED_PROTECTED_PLATFORM,0,100,True,False,False,sha256:e958f661806fdc012eca52989221a08ccd677c23a36808612bc4e9b662cd858e
CHARPACKET_34E280BDF25E15729BD9E4E34515A74F,ENG_ACL_OS_PLATFORM_AI_GENERATOR_1D4680A0_V1,ENGINE,ACL_OS_PLATFORM,EXCLUDED_PROTECTED_PLATFORM,0,100,True,False,False,sha256:551993a1539625b46bfa9f2ba7d860c9e108f4fbea8fdbc360e1c523320f939a
CHARPACKET_8645D245BBA4FAD8F461BBCD60F0F033,ENG_ACL_OS_PLATFORM_AMBIGUITY_FC28003B_V1,ENGINE,ACL_OS_PLATFORM,EXCLUDED_PROTECTED_PLATFORM,0,100,True,True,False,sha256:de63eda42f558d74d3db2450f8fef7ddac520184765672415cd198cfad0c9ca4
CHARPACKET_FB85FCF1EDBEDBC881151BB70967DA0C,ENG_ACL_OS_PLATFORM_APPROVALS_75C22C1F_V1,ENGINE,ACL_OS_PLATFORM,EXCLUDED_PROTECTED_PLATFORM,0,100,True,False,False,sha256:91a3f0897c6242a43eddec07917721f156ac718c8886dd55cd2aaef8118e98a3
CHARPACKET_87645DFDA5B1F43C32D74E804461CB86,ENG_ACL_OS_PLATFORM_APPROVAL_BOUNDARY_20BE9099_V1,ENGINE,ACL_OS_PLATFORM,EXCLUDED_PROTECTED_PLATFORM,0,100,True,False,False,sha256:856b85f84d61cf7cb5c723972876855c1c58caddb719172bccd1a18405f245a5
CHARPACKET_D1622CDD1238BE1B2ED09E958A0E40F8,ENG_ACL_OS_PLATFORM_ARTIFACT_MANIFEST_07511D77_V1,ENGINE,ACL_OS_PLATFORM,EXCLUDED_PROTECTED_PLATFORM,0,100,True,False,False,sha256:93254e014b61075f363b21026db94a2a43962824ebf46906ce2707959e58728e
CHARPACKET_E39009850C85BCE637D17E0EAB19A989,ENG_ACL_OS_PLATFORM_ARTIFACT_MANIFEST_0B02C640_V1,ENGINE,ACL_OS_PLATFORM,EXCLUDED_PROTECTED_PLATFORM,0,100,True,False,False,sha256:fab285e4c00b2568255797bc568968e8158c71693dbd5432e134764cd1f55a65
CHARPACKET_47FDA1D2DA36BABF36110CBBCB0DBBCD,ENG_ACL_OS_PLATFORM_ARTIFACT_MANIFEST_40A0AFEF_V1,ENGINE,ACL_OS_PLATFORM,EXCLUDED_PROTECTED_PLATFORM,0,100,True,False,False,sha256:cfdca868b83c41fd2de7a651c5a2faa7f1ade5d5aa5f5333b72f78b68b4c5deb
CHARPACKET_FD806B01F3A1D012DF1DF177ECAB6383,ENG_ACL_OS_PLATFORM_ARTIFACT_MANIFEST_7062BA6B_V1,ENGINE,ACL_OS_PLATFORM,EXCLUDED_PROTECTED_PLATFORM,0,100,True,False,False,sha256:b7619dcfa150cb41ff34169cbcb61547a9dd45c0675d6ed9019ae4567451e60d
CHARPACKET_965548F4C0D4D7AC1A3399346BCF3519,ENG_ACL_OS_PLATFORM_ARTIFACT_MANIFEST_95F37DC0_V1,ENGINE,ACL_OS_PLATFORM,EXCLUDED_PROTECTED_PLATFORM,0,100,True,False,False,sha256:417f272f08b9de55dd398185fd79abebd3a638fa004eead482d708e60c7090ec
CHARPACKET_760674CFCA1756A421E732777AF8886E,ENG_ACL_OS_PLATFORM_ARTIFACT_MANIFEST_A1C44267_V1,ENGINE,ACL_OS_PLATFORM,EXCLUDED_PROTECTED_PLATFORM,0,100,True,False,False,sha256:4633aa0579fe2d50deffda13ac92d637c243dbdf880e4d21c3f5b7b8b88f70e9
CHARPACKET_BF0975CFDB62FDD95370B1EDD79FADD8,ENG_ACL_OS_PLATFORM_ARTIFACT_MANIFEST_C0136EF3_V1,ENGINE,ACL_OS_PLATFORM,EXCLUDED_PROTECTED_PLATFORM,0,100,True,False,False,sha256:696e990547532ecd391062aef13f41b4c14bff66ce49b64010464c89293abf21
CHARPACKET_AD0332F2C9CC5F725E607204B2E50165,ENG_ACL_OS_PLATFORM_ARTIFACT_MANIFEST_C08F052E_V1,ENGINE,ACL_OS_PLATFORM,EXCLUDED_PROTECTED_PLATFORM,0,100,True,False,False,sha256:73414cdb7f811acc558aaf8a2f237c5558675b419fc06a492d899e8937d9955a
CHARPACKET_B3588D850478B3ACA77B21990D69B5FB,ENG_ACL_OS_PLATFORM_ARTIFACT_MANIFEST_DD2A360B_V1,ENGINE,ACL_OS_PLATFORM,EXCLUDED_PROTECTED_PLATFORM,0,100,True,False,False,sha256:0698ab65f8fa9b931ecb29848fa2ebfc55a3183beb915cf86b400b497c03ddd7
CHARPACKET_6341EB5A219F8C9E5EEE5F6020F16A70,ENG_ACL_OS_PLATFORM_ARTIFACT_MANIFEST_E1153795_V1,ENGINE,ACL_OS_PLATFORM,EXCLUDED_PROTECTED_PLATFORM,0,100,True,False,False,sha256:1c4e89f51fed7eff614e7a2dde9fe22171f4d6249008d7ccf7055415b946053c
CHARPACKET_C167FBE50FC64B624E4AD9312E639F14,ENG_ACL_OS_PLATFORM_ARTIFACT_MANIFEST_E156E325_V1,ENGINE,ACL_OS_PLATFORM,EXCLUDED_PROTECTED_PLATFORM,0,100,True,False,False,sha256:56ebc76ed41b415be128d4865ffaaaf2b62ee4f9eea88b4409acf60c2f71b4ea
CHARPACKET_D8C08ACA5C34ABCC75B9405D11B5BD96,ENG_ACL_OS_PLATFORM_ARTIFACT_MANIFEST_E4C93A52_V1,ENGINE,ACL_OS_PLATFORM,EXCLUDED_PROTECTED_PLATFORM,0,100,True,False,False,sha256:d1772eba4cd103ce082d923dee4f25a5000ff1ccbb3e9413aa0ae05d62438108
CHARPACKET_663DB021EB5A98427088F33C49E248A0,ENG_ACL_OS_PLATFORM_ARTIFACT_MANIFEST_F6ABDD65_V1,ENGINE,ACL_OS_PLATFORM,EXCLUDED_PROTECTED_PLATFORM,0,100,True,False,False,sha256:c238dfa54273f6c879ea44e8b9993bf5672296e6262ebdbfc661bd8f8dc376b4
CHARPACKET_9883DB26837C89650F54194AFB7E7315,ENG_ACL_OS_PLATFORM_ATOM_REGISTRY_B64F854F_V1,ENGINE,ACL_OS_PLATFORM,EXCLUDED_PROTECTED_PLATFORM,20,100,True,False,False,sha256:f36f945091b0c960d47ee74d7ad7c9ebfd2dd3b9bf01e212acb7120a1fb402b4
CHARPACKET_2A9073535E4A0A4DF726597C40F03E80,ENG_ACL_OS_PLATFORM_AUDIT_AC7141FB_V1,ENGINE,ACL_OS_PLATFORM,EXCLUDED_PROTECTED_PLATFORM,50,100,True,False,False,sha256:ad3d635c61cd7de06a4b10ddf27038e3c5320f209a869cbafc32d0d89d5167b0
CHARPACKET_56D6B7637D15739DA76DF6A82ECE63B0,ENG_ACL_OS_PLATFORM_AUTHORITY_0F06A739_V1,ENGINE,ACL_OS_PLATFORM,EXCLUDED_PROTECTED_PLATFORM,0,100,True,False,False,sha256:57523475ccf516f77d1faaa6a2845096dc926cf2151c7f900c12650240e45e46
CHARPACKET_8800FE89C7FE80336D35C31739EB6EAC,ENG_ACL_OS_PLATFORM_AUTHORITY_1311C0D8_V1,ENGINE,ACL_OS_PLATFORM,EXCLUDED_PROTECTED_PLATFORM,0,100,True,False,False,sha256:4bacc6c7081786fe95b971ed236a10a235352efd361d6e7d0831c297859f16b2
CHARPACKET_891C6101C829CE0CE4DCE75180BB9FE5,ENG_ACL_OS_PLATFORM_AUTHORITY_24B310F2_V1,ENGINE,ACL_OS_PLATFORM,EXCLUDED_PROTECTED_PLATFORM,0,100,True,False,False,sha256:01a5d6e185e112d93b503f67e384cb88a358ffabdb7b7d35050975f2788a55be
CHARPACKET_599146190C035BE183445DE6218CF716,ENG_ACL_OS_PLATFORM_AUTHORITY_2CE99F4F_V1,ENGINE,ACL_OS_PLATFORM,EXCLUDED_PROTECTED_PLATFORM,0,100,True,False,False,sha256:15554decbb1b76122c6272bfe6262bafe0164592d5709b99e6b0560f91afadbf
CHARPACKET_2A6B706F03E79EFFC2514A6E4E8301C7,ENG_ACL_OS_PLATFORM_AUTHORITY_332566C3_V1,ENGINE,ACL_OS_PLATFORM,EXCLUDED_PROTECTED_PLATFORM,0,100,True,False,False,sha256:12be200423e4541d0fd6ecadf7da8d84679153bdc71c8e7bfcf5f5fadbaadc89
CHARPACKET_93180A74483E3C6ADC2C9418A713211D,ENG_ACL_OS_PLATFORM_AUTHORITY_4298AFD6_V1,ENGINE,ACL_OS_PLATFORM,EXCLUDED_PROTECTED_PLATFORM,0,100,True,False,False,sha256:06265e28bc692ec2e1b292b2ead1755e5cf88333e17d53ec1cf4029f50eb49a1
CHARPACKET_57630B004BCA105DD85E56C5D2A1C2ED,ENG_ACL_OS_PLATFORM_AUTHORITY_4C4FD02A_V1,ENGINE,ACL_OS_PLATFORM,EXCLUDED_PROTECTED_PLATFORM,0,100,True,False,False,sha256:e541e97224d23149410ab7d8b7e8616edaa0d01e7f01753797657ba55efc4ccf
CHARPACKET_B0FB42FAFE5C7F6A55FEE46A3DB42E7E,ENG_ACL_OS_PLATFORM_AUTHORITY_5AB743C2_V1,ENGINE,ACL_OS_PLATFORM,EXCLUDED_PROTECTED_PLATFORM,0,100,True,False,False,sha256:1a242a5b72116e9ef60599a637351b2fc260c750c4596c6d0130669b1f4b4500
CHARPACKET_F345C49E7FB6EA97841AB3C882465FDD,ENG_ACL_OS_PLATFORM_AUTHORITY_6ED2AABE_V1,ENGINE,ACL_OS_PLATFORM,EXCLUDED_PROTECTED_PLATFORM,0,100,True,False,False,sha256:ca6798a3ad97c242acc4552db7f0cc911f3677fb4cf51b4cf7c0b0c93a06e1be
CHARPACKET_2AE8DFABD2F79FEBCF2A642330F01482,ENG_ACL_OS_PLATFORM_AUTHORITY_B4A0A369_V1,ENGINE,ACL_OS_PLATFORM,EXCLUDED_PROTECTED_PLATFORM,0,100,True,False,False,sha256:5aac95893b3dc4ebd2ad592fe835361bd419e0670ac5052f8fb1437e0e82d49a
CHARPACKET_9C0D7688A4432E456938D3A6C2D09536,ENG_ACL_OS_PLATFORM_AUTHORITY_BINDING_7C790C0D_V1,ENGINE,ACL_OS_PLATFORM,EXCLUDED_PROTECTED_PLATFORM,0,100,True,False,False,sha256:36d6bdb5f10562f8ea7be7dee7745581d04498e53027500fc85c69faf708735a
CHARPACKET_3369FA5705C0A2036325A986C6B3AB2E,ENG_ACL_OS_PLATFORM_AUTHORITY_C9347238_V1,ENGINE,ACL_OS_PLATFORM,EXCLUDED_PROTECTED_PLATFORM,0,100,True,False,False,sha256:a1973a80ec713c5b0ff2111bd5ef50700973941c8aca925c29c5bf8a62f69074
CHARPACKET_2A0536BCC8F2756108A140D5E8BCEE29,ENG_ACL_OS_PLATFORM_AUTHORITY_DA7426BE_V1,ENGINE,ACL_OS_PLATFORM,EXCLUDED_PROTECTED_PLATFORM,0,100,True,False,False,sha256:a6428ce294ad3501437d99453df840fadfe6b46686c09ee3cf3a57470f8fb0b0
CHARPACKET_7142622F920A60A2E3007D3808C316BF,ENG_ACL_OS_PLATFORM_AUTHORITY_FE82B00B_V1,ENGINE,ACL_OS_PLATFORM,EXCLUDED_PROTECTED_PLATFORM,0,100,True,False,False,sha256:a00069013f6a63d4d5847d9e2d513243dab04f7d20fd72b39927ea7a9a0ec949
CHARPACKET_404B643E5BA147B73023E19ADA727EB9,ENG_ACL_OS_PLATFORM_BASELINES_DCDC26B2_V1,ENGINE,ACL_OS_PLATFORM,EXCLUDED_PROTECTED_PLATFORM,0,100,True,False,False,sha256:036b9adcdc18ed45c72610620e3a356e5f9942c86d6d688d8028074d3329dc82
CHARPACKET_E3BC9F2E1A9F81D628E736C6B5DAAF2C,ENG_ACL_OS_PLATFORM_BASELINE_5242EBED_V1,ENGINE,ACL_OS_PLATFORM,EXCLUDED_PROTECTED_PLATFORM,0,100,True,False,False,sha256:febab7b29efe0a93da0f79c54c7030afb27944af5ed4c4000baec60712539dd2
CHARPACKET_D6CB361B6EDC88B49A0365FA08F5189E,ENG_ACL_OS_PLATFORM_BOOTSTRAP_REGISTRY_16F1A6C6_V1,ENGINE,ACL_OS_PLATFORM,EXCLUDED_PROTECTED_PLATFORM,35,100,True,False,False,sha256:b0ebda66c42c703126afbbc5de316fb101a0f73709ceeb66c774c035fa2749d5
CHARPACKET_03BF04C83DDBD16D039A3EDCC22CEACD,ENG_ACL_OS_PLATFORM_BUDGET_3E6891E6_V1,ENGINE,ACL_OS_PLATFORM,EXCLUDED_PROTECTED_PLATFORM,0,100,True,False,False,sha256:0c73451064eb595e79ea042481ef134b3dbea0dd35b2b5f89cd114e8cef2cc64
CHARPACKET_2BE02A11F7192C64713AB156C81332C7,ENG_ACL_OS_PLATFORM_BUDGET_CDAC217C_V1,ENGINE,ACL_OS_PLATFORM,EXCLUDED_PROTECTED_PLATFORM,0,100,True,False,False,sha256:37ac25278129bcd42c13dbb68fc86228db86d381e743cae738b86b1eaf40417f
CHARPACKET_A47EDE62CED54ED83088DAAF3E29F98A,ENG_ACL_OS_PLATFORM_CACHE_781216DA_V1,ENGINE,ACL_OS_PLATFORM,EXCLUDED_PROTECTED_PLATFORM,30,100,True,False,False,sha256:61e5c848af4fade35264589a0614a0acc1cd944ca9006e009079bb93835bb941
CHARPACKET_D0249A1EFC5C349DB3B9D9050529EE64,ENG_ACL_OS_PLATFORM_CANDIDATE_691FBB42_V1,ENGINE,ACL_OS_PLATFORM,EXCLUDED_PROTECTED_PLATFORM,0,100,True,False,False,sha256:7352716c10035cd8fc9da29d06851eea6099186cfe8c9329b32b5cf4c0cd7e07
CHARPACKET_2C619F4640BDADEC181C6F50346ACBBB,ENG_ACL_OS_PLATFORM_CANDIDATE_FREEZE_86CFC5E8_V1,ENGINE,ACL_OS_PLATFORM,EXCLUDED_PROTECTED_PLATFORM,0,100,True,False,False,sha256:90e35be14d9eb4a8abc603aad6e82093241e4f94e0a04bae2fd95a70565d2dc7
CHARPACKET_67E9A1564A74002F168AC6942EB45F21,ENG_ACL_OS_PLATFORM_CANONICAL_1B4751B9_V1,ENGINE,ACL_OS_PLATFORM,EXCLUDED_PROTECTED_PLATFORM,0,100,True,False,False,sha256:e12a923eaa17e05ba31602ea98c836f5052d76f483df30dd2335a2e13067bd25
CHARPACKET_53532C9F9D2BBD168883935736FBC868,ENG_ACL_OS_PLATFORM_CANONICAL_25F53838_V1,ENGINE,ACL_OS_PLATFORM,EXCLUDED_PROTECTED_PLATFORM,55,100,True,True,False,sha256:6a34f172322ccd45a17304fe347525f64ed3ec00dd92e415cb9d456d8f0bf59c
CHARPACKET_4FFF4D3E6374CB01E5417E53DFC8B76D,ENG_ACL_OS_PLATFORM_CANONICAL_270BDC83_V1,ENGINE,ACL_OS_PLATFORM,EXCLUDED_PROTECTED_PLATFORM,55,100,True,True,False,sha256:883dc1e3afab87c34e9112f29c662b1f4a2611bec4fe9f981ad1c196fd4f62db
CHARPACKET_204BB51A98025FBE11A728861F98BB46,ENG_ACL_OS_PLATFORM_CANONICAL_27DC1B1D_V1,ENGINE,ACL_OS_PLATFORM,EXCLUDED_PROTECTED_PLATFORM,55,100,True,True,False,sha256:ef2337e84522ff102990f817e9e27f30ede1513e619e7869a2a942c71f84912b
CHARPACKET_ED3E3ED749B0A595343DBD540118AE05,ENG_ACL_OS_PLATFORM_CANONICAL_351DC928_V1,ENGINE,ACL_OS_PLATFORM,EXCLUDED_PROTECTED_PLATFORM,55,100,True,True,False,sha256:11c2aeb270d6c0476d6c931f7edab81262ddabecb12b271e9d276aea60b5235c
CHARPACKET_695EE653C0B2E4A05EA634CD5A806F55,ENG_ACL_OS_PLATFORM_CANONICAL_3914CB6D_V1,ENGINE,ACL_OS_PLATFORM,EXCLUDED_PROTECTED_PLATFORM,55,100,True,True,False,sha256:2079d07729a614db5fe98714ef61396e9dbc15e58216aff67d6e780310e04ae7
CHARPACKET_F98BE7EE921EAF6EF06943F31CF4AFBE,ENG_ACL_OS_PLATFORM_CANONICAL_47F92CFC_V1,ENGINE,ACL_OS_PLATFORM,EXCLUDED_PROTECTED_PLATFORM,55,100,True,True,False,sha256:0db8c9da2a73e15a069090f273d1f1fc10cef171d1449ea5a546bb369984144a
CHARPACKET_5822996611182DA3DA804F1561F153A2,ENG_ACL_OS_PLATFORM_CANONICAL_4B34135B_V1,ENGINE,ACL_OS_PLATFORM,EXCLUDED_PROTECTED_PLATFORM,55,100,True,True,False,sha256:043ddef8cdc9a349505ffff7931e61e2ee43e3ed817a2dd9886ccdd7ecefae06
CHARPACKET_2CEFEC3C615311D009B65924B5B917BA,ENG_ACL_OS_PLATFORM_CANONICAL_87C5C686_V1,ENGINE,ACL_OS_PLATFORM,EXCLUDED_PROTECTED_PLATFORM,0,100,True,False,False,sha256:97db53d18523f9f49ec6bab4b2bda999fccc9e2bf0d3d0d631e7d4f2578b62ba
CHARPACKET_D6CBF1600F729C5456E28B6EF7B18773,ENG_ACL_OS_PLATFORM_CANONICAL_883860F6_V1,ENGINE,ACL_OS_PLATFORM,EXCLUDED_PROTECTED_PLATFORM,55,100,True,True,False,sha256:29f9a6b445db141a28c8e68ba0a8f8f375b36934d8a959d16b6e892325592fbd
CHARPACKET_C75E9A3D9EA14822C15F242783117360,ENG_ACL_OS_PLATFORM_CANONICAL_A16CF3CE_V1,ENGINE,ACL_OS_PLATFORM,EXCLUDED_PROTECTED_PLATFORM,35,100,True,False,False,sha256:fac213dd15c5442aec68e9e4abf4c782581b33ff91b517aff1345da59a0dfe6e
CHARPACKET_29604BD8FEE5D22D124CC16EEA1F2A47,ENG_ACL_OS_PLATFORM_CANONICAL_A1D29D18_V1,ENGINE,ACL_OS_PLATFORM,EXCLUDED_PROTECTED_PLATFORM,55,100,True,True,False,sha256:db379b99a1c9d3c56b209b6fcf79dd30c2ecfb6089728a42d9c15bc21e75847b
CHARPACKET_DA82B54A1877A7D55C723050554B0829,ENG_ACL_OS_PLATFORM_CANONICAL_AB32136E_V1,ENGINE,ACL_OS_PLATFORM,EXCLUDED_PROTECTED_PLATFORM,55,100,True,True,False,sha256:d1b2444dd29b36e20698a55570aa6ce1e9376ac0519b9adae75eb5e25ae90170
CHARPACKET_F230CB456D0ADF6112DB9FE3FE9A5153,ENG_ACL_OS_PLATFORM_CANONICAL_C6BDF459_V1,ENGINE,ACL_OS_PLATFORM,EXCLUDED_PROTECTED_PLATFORM,35,100,True,True,False,sha256:65187ea89e59048b3660616d746b4dcacf89a1eb2fd788c954e4f9e750de6278
CHARPACKET_921829AB7D3B737C48A0D6812C94FBDE,ENG_ACL_OS_PLATFORM_CANONICAL_D2489446_V1,ENGINE,ACL_OS_PLATFORM,EXCLUDED_PROTECTED_PLATFORM,55,100,True,True,False,sha256:cc3259d01c564da5c61387a51e01f39864d0795b27583497b7441401761cf5b1
CHARPACKET_B20BF86FFE3C0D37EA9912D95849EA0D,ENG_ACL_OS_PLATFORM_CANONICAL_E25D3C64_V1,ENGINE,ACL_OS_PLATFORM,EXCLUDED_PROTECTED_PLATFORM,55,100,True,True,False,sha256:45dfdaa7dd6a7c1f41ee26e1002ebd9eeea7d9f0d54b2617d2057d4272e3176a
CHARPACKET_FE67E6F21109D31CF73ECA6DDEE71A3D,ENG_ACL_OS_PLATFORM_CATALOGS_27CEC026_V1,ENGINE,ACL_OS_PLATFORM,EXCLUDED_PROTECTED_PLATFORM,35,100,True,False,False,sha256:62f3ae42b7b257c3f4507337277d5c206e789ca1694c8da08971a9f69ae916a5
CHARPACKET_D54E216F3D366C9E027A6FC8A92DD476,ENG_ACL_OS_PLATFORM_CLAIMS_99C7D23D_V1,ENGINE,ACL_OS_PLATFORM,EXCLUDED_PROTECTED_PLATFORM,0,100,True,False,False,sha256:cecb5b7e5cb4c22871e3ff0c5cd621dadf36088f1d0417358f3178f4f336fc92
CHARPACKET_51A1832160A79CC7BCE6544EFD05E97E,ENG_ACL_OS_PLATFORM_CLI_0AF69C8F_V1,ENGINE,ACL_OS_PLATFORM,EXCLUDED_PROTECTED_PLATFORM,0,100,True,False,False,sha256:25f4adf0ce173ef5d5f524e5ba53384d0d916f050ee94d09e81ef993c76ea8ca
CHARPACKET_45DC45F27EF0402BEB3745663F6DA3DE,ENG_ACL_OS_PLATFORM_CLI_12EDC30C_V1,ENGINE,ACL_OS_PLATFORM,EXCLUDED_PROTECTED_PLATFORM,0,100,True,False,False,sha256:48e4fd955de4fb1893a7d7cd68c831c3f8e51a34ef5004368fef7ae218090517
CHARPACKET_01E3D915E09266AA4494012046962258,ENG_ACL_OS_PLATFORM_CLI_270FF64B_V1,ENGINE,ACL_OS_PLATFORM,EXCLUDED_PROTECTED_PLATFORM,20,100,True,False,False,sha256:5185177914c9b14a71d7001e4f3f18db89b13bc1dac220d767f63c015915b4b5
CHARPACKET_4DDC76E8D50B3E88E375045AECC7C03A,ENG_ACL_OS_PLATFORM_CLI_3AF573C1_V1,ENGINE,ACL_OS_PLATFORM,EXCLUDED_PROTECTED_PLATFORM,0,100,True,False,False,sha256:0c252cd7a41d604c95339aa2d4f231258842d845757bfd2b4dc11816523cd0ae
CHARPACKET_EEEEA292A24E5326BD90B69928C6BAE4,ENG_ACL_OS_PLATFORM_CLI_41B09B11_V1,ENGINE,ACL_OS_PLATFORM,EXCLUDED_PROTECTED_PLATFORM,0,100,True,False,False,sha256:7e09169cca98b0d24b3b48970a670495cd1f3dcbc03b8688359f37e93fc60104
CHARPACKET_D3D530BE67C67D1B8AA5F3AD86A21F33,ENG_ACL_OS_PLATFORM_CLI_47717A2B_V1,ENGINE,ACL_OS_PLATFORM,EXCLUDED_PROTECTED_PLATFORM,0,100,True,False,False,sha256:0e5ac9bce68616701f77cea13219b92fcb2d8597bdbdc7462c19df2d487cb18c
CHARPACKET_AB0F98F579E606130D8255FE73E9FFEF,ENG_ACL_OS_PLATFORM_CLI_56712584_V1,ENGINE,ACL_OS_PLATFORM,EXCLUDED_PROTECTED_PLATFORM,0,100,True,False,False,sha256:34ee8b71a98355e4184e753eacdcce69c8261d10ee3beac17ecded3646b7f38e
CHARPACKET_5800A9B5AB98A09A9E203688410B0FE1,ENG_ACL_OS_PLATFORM_CLI_6CAE6DAC_V1,ENGINE,ACL_OS_PLATFORM,EXCLUDED_PROTECTED_PLATFORM,0,100,True,False,False,sha256:4833204094afd67de54156d9ba208e5b498846a08f474b5028ca459b2aadc222
CHARPACKET_10AEDCBD16F377BE4A69532A4B670687,ENG_ACL_OS_PLATFORM_CLI_904CB1BB_V1,ENGINE,ACL_OS_PLATFORM,EXCLUDED_PROTECTED_PLATFORM,0,100,True,False,False,sha256:b66b1c7bae1d51b7ca318800e3eec0c8cf56f7bd7b2dac74d198229cf578bc04
CHARPACKET_99F57E8F07EBFA4CBD2DF830F1460D9C,ENG_ACL_OS_PLATFORM_CLI_9DD80C6F_V1,ENGINE,ACL_OS_PLATFORM,EXCLUDED_PROTECTED_PLATFORM,15,100,True,False,False,sha256:c4250bfcf360e0cf15bf397b7c8b9d0a47e0ad6c4470b6d0bbf887bdb2e248ed
CHARPACKET_A773FFF2D48D1076C949C1C2A6305B85,ENG_ACL_OS_PLATFORM_CLI_C399856B_V1,ENGINE,ACL_OS_PLATFORM,EXCLUDED_PROTECTED_PLATFORM,0,100,True,False,False,sha256:7c520a0965e4877b00972a90c7df56b6570ace62f60a731e23c403ce156ff58e
CHARPACKET_25167AF525F7FAB5C9F3B8D3D8188286,ENG_ACL_OS_PLATFORM_CLI_D18AE061_V1,ENGINE,ACL_OS_PLATFORM,EXCLUDED_PROTECTED_PLATFORM,0,100,True,False,False,sha256:0496635383f4279979663c44714931bb74fade79a5d78abc0d91888785f5bc53
CHARPACKET_575F3076E01A44893B1E64B9E1173BF9,ENG_ACL_OS_PLATFORM_CLI_D88C037B_V1,ENGINE,ACL_OS_PLATFORM,EXCLUDED_PROTECTED_PLATFORM,0,100,True,False,False,sha256:cf930bdf4a6e59704ae103d446693d67a3a1172288052d8b4d6667feb30aae64
CHARPACKET_0652E4A0939696E8B0DFD35111CB2714,ENG_ACL_OS_PLATFORM_CLI_E02BB796_V1,ENGINE,ACL_OS_PLATFORM,EXCLUDED_PROTECTED_PLATFORM,0,100,True,False,False,sha256:75636b3f9a6e475244d37a2ea32dc55089e80f01b9c23c3b88e10be56b963eed
CHARPACKET_0449A612142F97257CD1793BECA545E3,ENG_ACL_OS_PLATFORM_CLI_E9A77550_V1,ENGINE,ACL_OS_PLATFORM,EXCLUDED_PROTECTED_PLATFORM,0,100,True,False,False,sha256:626531d708ef7d482e335a2799752e721271dfa0b830de88cacf53802f44c86a
CHARPACKET_E51282F071AA1C0DF7D0DC7572F605F0,ENG_ACL_OS_PLATFORM_CLI_EFDD47F9_V1,ENGINE,ACL_OS_PLATFORM,EXCLUDED_PROTECTED_PLATFORM,0,100,True,True,False,sha256:2203eeda9f8323d67e1572ff827951d2dda2c99e7284ac42fc76405af8d601f9
CHARPACKET_022AF970E34029F4BA6B7263C0A051CD,ENG_ACL_OS_PLATFORM_CLOCKS_F9292585_V1,ENGINE,ACL_OS_PLATFORM,EXCLUDED_PROTECTED_PLATFORM,0,100,True,False,False,sha256:374ebe8b16fd9cfb2f647846dd1455b99507cbeab9bf4258f090eab639bcbfab
CHARPACKET_C8B63AB2B28C48778593A2966992AE6D,ENG_ACL_OS_PLATFORM_COMMON_94562AB3_V1,ENGINE,ACL_OS_PLATFORM,EXCLUDED_PROTECTED_PLATFORM,35,100,True,True,False,sha256:a92eacd1d3d5f4cd30e755f8f2140d5fed5e77898816a85ccfe0e8fc3c200e95
CHARPACKET_F84E97BA6590C1715D4F960C78AA3A00,ENG_ACL_OS_PLATFORM_COMPATIBILITY_9B92DD9A_V1,ENGINE,ACL_OS_PLATFORM,EXCLUDED_PROTECTED_PLATFORM,0,100,True,False,False,sha256:5245527b00bc610f5ce4c16808ab8bfdf1496e553b66a527b1fccfb7439788f8
CHARPACKET_89BBE97B0A84441CC74FE07FC60E5B52,ENG_ACL_OS_PLATFORM_COMPATIBILITY_C80274C3_V1,ENGINE,ACL_OS_PLATFORM,EXCLUDED_PROTECTED_PLATFORM,20,100,True,False,False,sha256:6c118ea0e361cc4bc7fc2bd45b370b8773bef000889bd374c3bcb8c9b9717ee7
CHARPACKET_A9D06FBDD6DC9C7614423047EE84EAE5,ENG_ACL_OS_PLATFORM_COMPILER_PLAN_FD360179_V1,ENGINE,ACL_OS_PLATFORM,EXCLUDED_PROTECTED_PLATFORM,0,100,True,False,False,sha256:2a1f7216bbc30d609a26960c5c4210932889c8fa8830e82a8c59fdb838b5050a
CHARPACKET_DE8AAE2E77B1C44D57B7A93F5997F7D7,ENG_ACL_OS_PLATFORM_COMPLETENESS_07568B0C_V1,ENGINE,ACL_OS_PLATFORM,EXCLUDED_PROTECTED_PLATFORM,0,100,True,False,False,sha256:b87efdb507e99770957a0b6611aafba1b7b1b9e562f5674f0b1faade2c7cf7d9
CHARPACKET_F8516CF18349788C73AA87DC56FDD150,ENG_ACL_OS_PLATFORM_COMPLETENESS_6F4C1DF1_V1,ENGINE,ACL_OS_PLATFORM,EXCLUDED_PROTECTED_PLATFORM,0,100,True,False,False,sha256:3776dda7e5ddb08551f33cb7a1af9e782b233704d11bfb0ee5b53d72ebb53705
CHARPACKET_FFE1B9E8387195B1414E2D5B5C695F2B,ENG_ACL_OS_PLATFORM_CONSTRAINTS_A145CDE6_V1,ENGINE,ACL_OS_PLATFORM,EXCLUDED_PROTECTED_PLATFORM,0,100,True,False,False,sha256:0653476d853a2731680c933ebe73afa215c0b2723e2f8adc3f29aab69f1efc84
CHARPACKET_A3530127DEC8D2D49714F98A65E9C247,ENG_ACL_OS_PLATFORM_CONTRACTS_3DACDA2E_V1,ENGINE,ACL_OS_PLATFORM,EXCLUDED_PROTECTED_PLATFORM,0,100,True,False,False,sha256:cf0bf6cbb84628910fed85d429bcecee3f54fb2f02a8aba126b3bf15ac632a2e
CHARPACKET_E0CE0D05EF85A44E42FFD8910F1FABBA,ENG_ACL_OS_PLATFORM_CONTRACTS_8C7ECDCB_V1,ENGINE,ACL_OS_PLATFORM,EXCLUDED_PROTECTED_PLATFORM,0,100,True,False,False,sha256:0b3be0f83c6e15495aaa088123e06666a54c4f4de591f19b3734d885ca8c7554
CHARPACKET_CE3C88601EB4A26C999453600103CED8,ENG_ACL_OS_PLATFORM_CONTRACTS_C9A0E0B8_V1,ENGINE,ACL_OS_PLATFORM,EXCLUDED_PROTECTED_PLATFORM,0,100,True,False,False,sha256:ec4616772a1064b68a668160758666dafacf266d817672aa416294ed2d6c21b3
CHARPACKET_B1A551D4B797522CD64EC8B1AA03A339,ENG_ACL_OS_PLATFORM_CONTROLS_E1B5475B_V1,ENGINE,ACL_OS_PLATFORM,EXCLUDED_PROTECTED_PLATFORM,0,100,True,False,False,sha256:781bcb8ff79f9d8891ca73a0545c9c1cd5f4119f74da58f66ce8df9c5e443675
CHARPACKET_B075EE210BBFAFBBD0BF1AB05EB18EAE,ENG_ACL_OS_PLATFORM_CUSTODY_400F92D5_V1,ENGINE,ACL_OS_PLATFORM,EXCLUDED_PROTECTED_PLATFORM,0,100,True,False,False,sha256:b6514c2b66b6780a2566b273bd350b0d933b0e761c6dbfd28fed34dbb294b261
CHARPACKET_A5E165C2002C6643B9C0B7F1C14FFC1C,ENG_ACL_OS_PLATFORM_CUSTODY_97CD73CD_V1,ENGINE,ACL_OS_PLATFORM,EXCLUDED_PROTECTED_PLATFORM,0,100,True,False,False,sha256:23131fd242d71c6e9cf41239f4c7631eb7dfe3f213cfb60559bd46e52df8d098
CHARPACKET_83C9A52A8E7D2CAD4DCB75084EF75601,ENG_ACL_OS_PLATFORM_DAG_76C26224_V1,ENGINE,ACL_OS_PLATFORM,EXCLUDED_PROTECTED_PLATFORM,30,100,True,False,False,sha256:c0e5f661b0f40079d48504a19e844771daa9b56fcc15577a60eee58e95decd51
CHARPACKET_865979427F52C3E7704B74C90B82AF64,ENG_ACL_OS_PLATFORM_DATASET_AFDE7DFD_V1,ENGINE,ACL_OS_PLATFORM,EXCLUDED_PROTECTED_PLATFORM,0,100,True,False,False,sha256:d13755a1bb10eeb1030491548d30aac4c81cd1cc7162d59ae9feab9be09da8f1
CHARPACKET_BB14883F20F10B13C4288B1F577E7D3A,ENG_ACL_OS_PLATFORM_DECISION_28D1B8F1_V1,ENGINE,ACL_OS_PLATFORM,EXCLUDED_PROTECTED_PLATFORM,0,100,True,False,False,sha256:e2559542eaa37b9ada03677520e870b4a76e92ad4d7690e034cfddd870c6e16c
CHARPACKET_4C2BD125A313AB7AE0E37BA740DF4598,ENG_ACL_OS_PLATFORM_DECISION_5439C534_V1,ENGINE,ACL_OS_PLATFORM,EXCLUDED_PROTECTED_PLATFORM,0,100,True,False,False,sha256:340bcc49fa791aec4ad2de345636a80780b485871001f92775face88fab21702
CHARPACKET_851F02F71D60D3301428FAF1D9A43D97,ENG_ACL_OS_PLATFORM_DECISION_A625DD9F_V1,ENGINE,ACL_OS_PLATFORM,EXCLUDED_PROTECTED_PLATFORM,0,100,True,False,False,sha256:56e43b9c32ad15dce2957f4e509ed72af3a66505e8ae728c757639b3b5cf717a
CHARPACKET_B8187A13D9BE446605D6BAFBD1EF32D3,ENG_ACL_OS_PLATFORM_DECISION_ENGINE_1A75E9D5_V1,ENGINE,ACL_OS_PLATFORM,EXCLUDED_PROTECTED_PLATFORM,0,100,True,False,False,sha256:be22cc0f76d6b70ae8d9892c3fa4dae4e683e00b0478451db253d8b2b176f46a
CHARPACKET_4A85C6B4AB7CBEE5731E66A7F93B128B,ENG_ACL_OS_PLATFORM_DECISION_ENGINE_FF808619_V1,ENGINE,ACL_OS_PLATFORM,EXCLUDED_PROTECTED_PLATFORM,0,100,True,False,False,sha256:ae7a94670a1242381e03c6c9b5ef88e81c1bb00a356f42dc556a1bdd6da5ed54
CHARPACKET_3F9FB7781AF954BAF62C7E998E67DD42,ENG_ACL_OS_PLATFORM_DEDUPLICATION_16BDA51E_V1,ENGINE,ACL_OS_PLATFORM,EXCLUDED_PROTECTED_PLATFORM,20,100,True,False,False,sha256:f51edc3dccf0cbf0bc6cbaa9d69fa0fb922c8d3772b585615c3d566cbbf9197f
CHARPACKET_F2819311B773A28292A5C0FC28E7DF39,ENG_ACL_OS_PLATFORM_DELIVERY_VALIDATION_3947B45E_V1,ENGINE,ACL_OS_PLATFORM,EXCLUDED_PROTECTED_PLATFORM,0,100,True,False,False,sha256:bebc0d44296c0812df23a112c3c2b1dd25a530c674e723940b6575a04dfb7a49
CHARPACKET_AA033FBCFF8F209C7423336A0A3EAEC5,ENG_ACL_OS_PLATFORM_DELIVERY_VALIDATION_4DDF40D4_V1,ENGINE,ACL_OS_PLATFORM,EXCLUDED_PROTECTED_PLATFORM,0,100,True,False,False,sha256:2f1b9582fc1e8df7e8c4c22b6582aca7215086965b87b017dfe28be732875b63
CHARPACKET_6FE5C1CEA1E1BF6DCAD9F719704B7848,ENG_ACL_OS_PLATFORM_DELIVERY_VALIDATION_70C5A8E8_V1,ENGINE,ACL_OS_PLATFORM,EXCLUDED_PROTECTED_PLATFORM,0,100,True,False,False,sha256:788a67e2a4ced983148e8628c164bed1bbc8439c358c2ad3aaf2e6cd529cd8cc
CHARPACKET_8CFEAD8A4F0492ED473D7EF95F6887AE,ENG_ACL_OS_PLATFORM_DELIVERY_VALIDATION_7D2D88DE_V1,ENGINE,ACL_OS_PLATFORM,EXCLUDED_PROTECTED_PLATFORM,0,100,True,False,False,sha256:e52d3b34fd4afe49868c358a221408547a1213d0de7fb593addfaa89a0ca4f69
CHARPACKET_F4C6C9CA896D694518C7BA3AB9F21E6D,ENG_ACL_OS_PLATFORM_DELIVERY_VALIDATION_FE05F673_V1,ENGINE,ACL_OS_PLATFORM,EXCLUDED_PROTECTED_PLATFORM,0,100,True,False,False,sha256:361c1041dc0a5551a5dd8a9fbe5afb8617def0eba7a7a51df4c096ea628214f1
CHARPACKET_97ECA822933F0D1B1C7D6C946E167FF4,ENG_ACL_OS_PLATFORM_DELIVERY_VALIDATOR_1D52AAFA_V1,ENGINE,ACL_OS_PLATFORM,EXCLUDED_PROTECTED_PLATFORM,0,100,True,False,False,sha256:fc9cc25b8e2d10e197a2a205be10ed2edd694857ebf7723270aa7a6aff40f003
CHARPACKET_EBD629374B21C0A9BAD9B8F5389AFC93,ENG_ACL_OS_PLATFORM_DELIVERY_VALIDATOR_42ABF966_V1,ENGINE,ACL_OS_PLATFORM,EXCLUDED_PROTECTED_PLATFORM,0,100,True,False,False,sha256:50fe9b0d094319f9961f5a4634b682c17c1719ae3234a99bdee1726fe281c37c
CHARPACKET_8A0F03F8540700AB6B7FF315099DF819,ENG_ACL_OS_PLATFORM_DELIVERY_VALIDATOR_851E00C4_V1,ENGINE,ACL_OS_PLATFORM,EXCLUDED_PROTECTED_PLATFORM,0,100,True,False,False,sha256:bd224ed1574452ed9a853b61de6236e4030fefb47bd730a46c5a9e4ccba4e710
CHARPACKET_8BC5D814D64825143E4F762819927D5A,ENG_ACL_OS_PLATFORM_DELIVERY_VALIDATOR_CFC8DCB0_V1,ENGINE,ACL_OS_PLATFORM,EXCLUDED_PROTECTED_PLATFORM,0,100,True,False,False,sha256:4554f8ff13fa3d157f8d6482a9753a24935bec1643c9771e9a373448c3751f5e
CHARPACKET_E63030BFD10AE6FC892FBFE9958FEBB8,ENG_ACL_OS_PLATFORM_DEPENDENCY_E4A021AA_V1,ENGINE,ACL_OS_PLATFORM,EXCLUDED_PROTECTED_PLATFORM,20,100,True,False,False,sha256:e1139d6821fbb45f9e52358e49a2e87e3d260a934ec9f4ac5c9754805ae77c4a
CHARPACKET_FE9E28A208E24E5DD6FE356D7E407903,ENG_ACL_OS_PLATFORM_DETECTOR_IR_858771FA_V1,ENGINE,ACL_OS_PLATFORM,EXCLUDED_PROTECTED_PLATFORM,100,100,True,True,False,sha256:9f643363ca0f67f2644cb84e5b4913f7e009a70e5eb1359d1edf264f8da2dc7c
CHARPACKET_903B95560033EF4C89026C5F5E882E73,ENG_ACL_OS_PLATFORM_DIFF_ENGINE_B554AA40_V1,ENGINE,ACL_OS_PLATFORM,EXCLUDED_PROTECTED_PLATFORM,0,100,True,False,False,sha256:452821deb97af1de2ad90c0d4648872241404a64a73dfb7a09aecd098957dc28
CHARPACKET_CD9E462096B4BFA736351053C48B952D,ENG_ACL_OS_PLATFORM_DISCOVERY_FE86A864_V1,ENGINE,ACL_OS_PLATFORM,EXCLUDED_PROTECTED_PLATFORM,0,100,True,False,False,sha256:1fa8d0a3bac34b9371ae82515725d77b71caf49c2ee46b06fd47e93657d9ad5d
CHARPACKET_C1DCFAF6FEF75C2CE34BB3AE405789A1,ENG_ACL_OS_PLATFORM_DUPLICATE_DETECTOR_A4C30BD5_V1,ENGINE,ACL_OS_PLATFORM,EXCLUDED_PROTECTED_PLATFORM,20,100,True,False,False,sha256:a0358e8ed3423c89432666c022a8edb472c90da44a4c77018f498f88b41ac9a8
CHARPACKET_0D85B3DA0E565E8A6A28A478DAD122E8,ENG_ACL_OS_PLATFORM_ERRORS_10E04013_V1,ENGINE,ACL_OS_PLATFORM,EXCLUDED_PROTECTED_PLATFORM,0,100,True,False,False,sha256:94bab92ca5537a2c9ada37bbb69223d1e8c9acf57cb0934c16a055d065c5dc4a
CHARPACKET_B7ECED86D7DB55B0C9183E7044893F13,ENG_ACL_OS_PLATFORM_ERRORS_3C44C08F_V1,ENGINE,ACL_OS_PLATFORM,EXCLUDED_PROTECTED_PLATFORM,0,100,True,False,False,sha256:d0cb6be3c2bf3dad029f9f9150839e43c928df43f37a702e2694600ab2b50000
CHARPACKET_15E2FA479FF7C7AF7C76CA926EC23EF1,ENG_ACL_OS_PLATFORM_ERRORS_3D8B8BB5_V1,ENGINE,ACL_OS_PLATFORM,EXCLUDED_PROTECTED_PLATFORM,0,100,True,False,False,sha256:7260c4396008aa3d8d59823d9e31cedc61e4db5566ecc8cf8eeffd0d15699511
CHARPACKET_6C8FB0A650FE4E38C643C563B34E26DE,ENG_ACL_OS_PLATFORM_ERRORS_69895DD0_V1,ENGINE,ACL_OS_PLATFORM,EXCLUDED_PROTECTED_PLATFORM,30,100,True,False,False,sha256:2334694248cee35f620078091f275bdc22c6f5063cc16c3be899d1ffab63f0d1
CHARPACKET_45591080A824D780075AD8CF7BC5D9C0,ENG_ACL_OS_PLATFORM_ERRORS_71810262_V1,ENGINE,ACL_OS_PLATFORM,EXCLUDED_PROTECTED_PLATFORM,0,100,True,False,False,sha256:75c3178c950b50b9c1cccec8ef82207d9157c0c90dbe2d49cc0a8978c293469d
CHARPACKET_21980C84484DB99A465F4D924670C10A,ENG_ACL_OS_PLATFORM_ERRORS_75E2F84B_V1,ENGINE,ACL_OS_PLATFORM,EXCLUDED_PROTECTED_PLATFORM,0,100,True,False,False,sha256:c760ce4a9a8dc4eb24028cd72788608dc6ecd2b447d0fc6b3e2d56ee4c0fdf70
CHARPACKET_999C7764BC4C8F7A230590E2AD8DA576,ENG_ACL_OS_PLATFORM_ERRORS_82CE97DF_V1,ENGINE,ACL_OS_PLATFORM,EXCLUDED_PROTECTED_PLATFORM,0,100,True,False,False,sha256:91e55479b91ce0466fddc359aa25424d31f73b39f6b8ec7e8d9a681512c3b84c
CHARPACKET_7B4D4599C6F8B0AC6591CDCBDFD0913D,ENG_ACL_OS_PLATFORM_ERRORS_9B2CBC13_V1,ENGINE,ACL_OS_PLATFORM,EXCLUDED_PROTECTED_PLATFORM,0,100,True,False,False,sha256:0a9ed14b46e564bdd24c12a33856f3c7dcf30cd7b9c164af9b80da4ef7ebab93
CHARPACKET_61A7A403334208B035A1949CC16C757E,ENG_ACL_OS_PLATFORM_ERRORS_A85AD67F_V1,ENGINE,ACL_OS_PLATFORM,EXCLUDED_PROTECTED_PLATFORM,0,100,True,False,False,sha256:e483f3de69d50cfb7d9aa8d79dcd7675bb0ee2663ec8a9268935143d03fef789
CHARPACKET_60F7C7B46583E6E766EE0CF0B792BD8A,ENG_ACL_OS_PLATFORM_ERRORS_AA175277_V1,ENGINE,ACL_OS_PLATFORM,EXCLUDED_PROTECTED_PLATFORM,0,100,True,False,False,sha256:6f5d66dfd95d1a5fc45d9478cac551ebf0c09538a738d9ba6f843cbdc25d0dad
CHARPACKET_58DDFE8CC04688E36AF7C2C11E436DDC,ENG_ACL_OS_PLATFORM_ERRORS_C9CD3FDB_V1,ENGINE,ACL_OS_PLATFORM,EXCLUDED_PROTECTED_PLATFORM,0,100,True,False,False,sha256:a62cd89fd1dcac86c5cf76ca82d6204f455237690c5db35bbc9a21a675346750
CHARPACKET_0B4160DD4C0CA84695C0E63048387AE6,ENG_ACL_OS_PLATFORM_ERRORS_D0D0EF9E_V1,ENGINE,ACL_OS_PLATFORM,EXCLUDED_PROTECTED_PLATFORM,0,100,True,False,False,sha256:70b704511857b1deb4fdfa52848ff47017bd8c038d2f3c2f635d191eefd02c8c
CHARPACKET_7059FA46C66BA4F54F341FB5EB2431D7,ENG_ACL_OS_PLATFORM_ERRORS_EB831972_V1,ENGINE,ACL_OS_PLATFORM,EXCLUDED_PROTECTED_PLATFORM,0,100,True,False,False,sha256:bd9a862e49358d0af8d4aafc5dbac4287456de168b76738694acfaceed6e757f
CHARPACKET_F87CB30B273CE88A59AEAE47A25C1059,ENG_ACL_OS_PLATFORM_ERRORS_F0D23C8B_V1,ENGINE,ACL_OS_PLATFORM,EXCLUDED_PROTECTED_PLATFORM,0,100,True,False,False,sha256:ece6dc248ac3b68fc2ac10382f855bb98c72bc49706bdc2ea05245051f973fa1
CHARPACKET_D89354846557207E586B2527A65E5FE5,ENG_ACL_OS_PLATFORM_ERRORS_F131DE8F_V1,ENGINE,ACL_OS_PLATFORM,EXCLUDED_PROTECTED_PLATFORM,0,100,True,False,False,sha256:e744f6670c7b1f48f7ec91370edf50b72a70e5dbb6bf0c9cc578e4a29670fad5
CHARPACKET_41D1DAD302640DE8F05F9AA6464A4A18,ENG_ACL_OS_PLATFORM_ERRORS_FF1D8E11_V1,ENGINE,ACL_OS_PLATFORM,EXCLUDED_PROTECTED_PLATFORM,0,100,True,False,False,sha256:4839b9332d625edd8adf124a9e90f3f600b67aaccd6904647a35dcfad3bdf01a
CHARPACKET_F68EE8301CCF4955AC7E65BA2BC42C49,ENG_ACL_OS_PLATFORM_EVENTS_07D1EE08_V1,ENGINE,ACL_OS_PLATFORM,EXCLUDED_PROTECTED_PLATFORM,0,100,True,False,False,sha256:17ff80b3de6e77aa9143048aba55744c2b2829d50871ad0864294afc1f688f7e
CHARPACKET_7BB786F5AF93EEC26C3AF2B42006D73C,ENG_ACL_OS_PLATFORM_EVENTS_161AD170_V1,ENGINE,ACL_OS_PLATFORM,EXCLUDED_PROTECTED_PLATFORM,0,100,True,False,False,sha256:f3321690d3934753928fe9e590c952ee98a945ac6535abbf9402c4c97ac6b0f3
CHARPACKET_5ED2FF965FCFEE4F2A9B53DC3A55CF61,ENG_ACL_OS_PLATFORM_EVENTS_1CAD3F1D_V1,ENGINE,ACL_OS_PLATFORM,EXCLUDED_PROTECTED_PLATFORM,0,100,True,False,False,sha256:1909985b24d7bb49a56aa2d500616ff3e840e34c4014e18d882e937685411f73
CHARPACKET_FD353E0E0AABCA1C10D593209149AF5C,ENG_ACL_OS_PLATFORM_EVENTS_9D887888_V1,ENGINE,ACL_OS_PLATFORM,EXCLUDED_PROTECTED_PLATFORM,0,100,True,False,False,sha256:25dfee51a4d14a86d2167334d8e5686ad360050ca019931f8b36e558f46a95aa
CHARPACKET_819D051F1892400BD851A9AB3B8461A1,ENG_ACL_OS_PLATFORM_EVENTS_B0E5698A_V1,ENGINE,ACL_OS_PLATFORM,EXCLUDED_PROTECTED_PLATFORM,0,100,True,False,False,sha256:1715a48ace690907cad2bfd107633da6bc36d6d3f76e47b37338339de5d5ad80
CHARPACKET_E398B5237237C1CF830258F72BCB483B,ENG_ACL_OS_PLATFORM_EVENT_LEDGER_0A9823CD_V1,ENGINE,ACL_OS_PLATFORM,EXCLUDED_PROTECTED_PLATFORM,0,100,True,False,False,sha256:fe384ed2512bdcb7c24dbe170db4a5e1c33d2fa51dd5ce0553099caebf216f2b
CHARPACKET_8A5282A7C55BD44E7E1FEC2F91C1DE2E,ENG_ACL_OS_PLATFORM_EVENT_LEDGER_3965C7A1_V1,ENGINE,ACL_OS_PLATFORM,EXCLUDED_PROTECTED_PLATFORM,0,100,True,False,False,sha256:750909ee4fe1788ef10b2c11e8918a5e5b392a489ac785cc6e3c426e52f35448
CHARPACKET_2D554252A9BB40ACC1F1E76E2F828D5F,ENG_ACL_OS_PLATFORM_EVENT_LEDGER_3BD8F0CA_V1,ENGINE,ACL_OS_PLATFORM,EXCLUDED_PROTECTED_PLATFORM,20,100,True,False,False,sha256:de4397f7c7ed8c8e0d733c87cfb5551ea36a71450d1069e31767edf35892db34
CHARPACKET_F5FE131040D27F8F55C429446B1582A3,ENG_ACL_OS_PLATFORM_EVENT_LEDGER_7599747F_V1,ENGINE,ACL_OS_PLATFORM,EXCLUDED_PROTECTED_PLATFORM,0,100,True,False,False,sha256:7d7365963b6318415ad453ec980678a1c622a2d744733c7105a7334fd58e25d9
CHARPACKET_9B4170E37F929B57D1C6DE98CE2A9AD9,ENG_ACL_OS_PLATFORM_EVENT_LEDGER_ABD97F79_V1,ENGINE,ACL_OS_PLATFORM,EXCLUDED_PROTECTED_PLATFORM,0,100,True,False,False,sha256:0ab8f10c3d66e00b5c5ca9e81fd2885c293350f38d40985c94af4932a7c5551f
CHARPACKET_20B5323E156FF27C3D4392713B6D16BD,ENG_ACL_OS_PLATFORM_EVENT_LEDGER_EC7AFF82_V1,ENGINE,ACL_OS_PLATFORM,EXCLUDED_PROTECTED_PLATFORM,0,100,True,False,False,sha256:e808738fe099073880edcb34313a154189388fa5e9e21385cfd755e9c349bb75
CHARPACKET_4D1465366A4FEFFD85B416D3F8D55337,ENG_ACL_OS_PLATFORM_EVIDENCE_54D70757_V1,ENGINE,ACL_OS_PLATFORM,EXCLUDED_PROTECTED_PLATFORM,0,100,True,False,False,sha256:83bbf585ccf3af8482ab47e4ab9a4711e130b7cd3820f15ef10a975f024128b9
CHARPACKET_4A9DCFFDA3505C0D16E1E982FC9260CC,ENG_ACL_OS_PLATFORM_EVIDENCE_D1DCC235_V1,ENGINE,ACL_OS_PLATFORM,EXCLUDED_PROTECTED_PLATFORM,0,100,True,False,False,sha256:3dd645f3895cf93a9c0032d74e8856682340871190e1dd89f2f734fc376e0439
CHARPACKET_BFA4ED02268DE2FBC22FE389084E4249,ENG_ACL_OS_PLATFORM_EVIDENCE_F1A5355D_V1,ENGINE,ACL_OS_PLATFORM,EXCLUDED_PROTECTED_PLATFORM,0,100,True,False,False,sha256:5d5336e8d842cf152e007c6d82801ff24ea8bb0aea33c59e89ae851f4729b0a9
CHARPACKET_7BB3E11FA495B6C809AA9B40722F9386,ENG_ACL_OS_PLATFORM_EXECUTION_1C906069_V1,ENGINE,ACL_OS_PLATFORM,EXCLUDED_PROTECTED_PLATFORM,0,100,True,False,False,sha256:5090b28ac205e3bbd4f4d221b749f487310ce534864b55702a6cfecf6aab2bd6
CHARPACKET_933CF8A2095056D5FD8E1E3170CA6549,ENG_ACL_OS_PLATFORM_EXECUTOR_D21C3461_V1,ENGINE,ACL_OS_PLATFORM,EXCLUDED_PROTECTED_PLATFORM,30,100,True,False,False,sha256:197550bd174d389aedc2d81e5eef64505992fd2382a4aa8c8c6c5bd292a38b28
CHARPACKET_B0EE1B0DC87864CE1B09526587DF963D,ENG_ACL_OS_PLATFORM_EXPERIENCE_EXTRACTOR_BF8B0A97_V1,ENGINE,ACL_OS_PLATFORM,EXCLUDED_PROTECTED_PLATFORM,0,100,True,False,False,sha256:7169e40cceb148941d75052535e91b8d1be2894f2e2f67bc5b2ec6ba5fada2b8
CHARPACKET_46F43EDCFE364A70E1673813FCD2A22E,ENG_ACL_OS_PLATFORM_EXPRESSIONS_BD45C068_V1,ENGINE,ACL_OS_PLATFORM,EXCLUDED_PROTECTED_PLATFORM,0,100,True,False,False,sha256:541c89cb0ec5d88e4b836229c31f740c1c81b27a1113449e626726e08da5c2fa
CHARPACKET_AF07475FEB4EF8D9ECE2E975DACA3E5D,ENG_ACL_OS_PLATFORM_EXTENSIONS_57A7AF0C_V1,ENGINE,ACL_OS_PLATFORM,EXCLUDED_PROTECTED_PLATFORM,0,100,True,False,False,sha256:09cb4be77ad2148fddb62dbd18a268a4f241987cd68290705d51bfb9f6ef60b5
CHARPACKET_899D8A0B4B8CFB9C7FA40B7F7AB306BE,ENG_ACL_OS_PLATFORM_FEATURE_BINDING_IR_322A3506_V1,ENGINE,ACL_OS_PLATFORM,EXCLUDED_PROTECTED_PLATFORM,0,100,True,False,False,sha256:107635c9054e3f8ba3dcf78670f54a20d5b9b6520a8221ad9a15358625b97411
CHARPACKET_588F3AC8CBD18674873FAD7A2B358E21,ENG_ACL_OS_PLATFORM_GATE_ENGINE_6A367B84_V1,ENGINE,ACL_OS_PLATFORM,EXCLUDED_PROTECTED_PLATFORM,0,100,True,False,False,sha256:352c387753b101960a3e9b9ab019cffbc313731f689ffc28579ebbd433032535
CHARPACKET_2894CA66085813F38F9472E70B55560E,ENG_ACL_OS_PLATFORM_GATE_REGISTRY_316C3597_V1,ENGINE,ACL_OS_PLATFORM,EXCLUDED_PROTECTED_PLATFORM,0,100,True,False,False,sha256:e07dc2ac30d8fb63c6bb7220a01609cddc0c0c85f4b03a3d83085b3ec2f64640
CHARPACKET_0EC183212F26169FA9BFC45E323C5583,ENG_ACL_OS_PLATFORM_GENERATE_CONTEXT_READINESS_REPORT_D6716FE1_V1,ENGINE,ACL_OS_PLATFORM,EXCLUDED_PROTECTED_PLATFORM,0,100,True,False,False,sha256:aea529bbb829ee312a31a845088e72d164fc82ff3bcf8ae2c985de7ab990e2c3
CHARPACKET_5577F66E24D2C92DE85E475E78049A61,ENG_ACL_OS_PLATFORM_GENERATOR_007AA025_V1,ENGINE,ACL_OS_PLATFORM,EXCLUDED_PROTECTED_PLATFORM,0,100,True,False,False,sha256:1405b2d368e960a6cca7f0180e6d642216d5719f9835f1a0d3dda27a9dc84479
CHARPACKET_9A28D17A24328DE7A5383E09D8373B50,ENG_ACL_OS_PLATFORM_GENERATOR_38637D52_V1,ENGINE,ACL_OS_PLATFORM,EXCLUDED_PROTECTED_PLATFORM,0,100,True,False,False,sha256:63ed719ed646414bf1b0a0d4008a29be06006b3e44853457c9ab16cc206ea29b
CHARPACKET_E2BD3B616CE2C52BE4D936DA700C7C1B,ENG_ACL_OS_PLATFORM_GOLDEN_REPLAY_5228A10D_V1,ENGINE,ACL_OS_PLATFORM,EXCLUDED_PROTECTED_PLATFORM,0,100,True,False,False,sha256:cd876a13fa9a4171f1933e26e514e8fee3f90197a1977131c7ff0603f8a492ae
CHARPACKET_7A9C01A28C09595D962EEA2FA7F90D3F,ENG_ACL_OS_PLATFORM_HANDOFF_004C002D_V1,ENGINE,ACL_OS_PLATFORM,EXCLUDED_PROTECTED_PLATFORM,0,100,True,False,False,sha256:510b72ed8815bafa2f6b6787b97ebef0e725276277625b70ab02e51c9efe6902
CHARPACKET_A9FC1D12EC7C63345674B0B1106B87E3,ENG_ACL_OS_PLATFORM_HANDOFF_19572E0B_V1,ENGINE,ACL_OS_PLATFORM,EXCLUDED_PROTECTED_PLATFORM,0,100,True,False,False,sha256:b6235897b888f489c909867850dc09e0580ab77441f430b6ce1bd46f280a32a5
CHARPACKET_D1472BAF47AD2F682EB0FA6FF12A1059,ENG_ACL_OS_PLATFORM_HANDOFF_43D4DA69_V1,ENGINE,ACL_OS_PLATFORM,EXCLUDED_PROTECTED_PLATFORM,0,100,True,False,False,sha256:12c6ea8ace9d5296b4709f941c69ead52e633fbc429364f6b67d4a64bf037bdf
CHARPACKET_C138E7F644D3CC0A66BBC551A39BD255,ENG_ACL_OS_PLATFORM_HANDOFF_4ADE4007_V1,ENGINE,ACL_OS_PLATFORM,EXCLUDED_PROTECTED_PLATFORM,0,100,True,False,False,sha256:ea1a488137e5240ecf08ad18989ac2e4eea315f244cd412583e0dd3197f412ed
CHARPACKET_48AD31A9AF73E07D9CAB7F2BD6EBE9EA,ENG_ACL_OS_PLATFORM_HANDOFF_5F0AA329_V1,ENGINE,ACL_OS_PLATFORM,EXCLUDED_PROTECTED_PLATFORM,0,100,True,False,False,sha256:3389244948b3908a60f91c99bd4bb25d368743759e1df89042ef86bd4f44ce77
CHARPACKET_CEB83788640376E1D0BF67216A88F2EA,ENG_ACL_OS_PLATFORM_HANDOFF_B3595B1B_V1,ENGINE,ACL_OS_PLATFORM,EXCLUDED_PROTECTED_PLATFORM,0,100,True,False,False,sha256:4961bc57a0b58c09511eb16575732653504b5c7a5ac6b1b0994a5248671fb1f0
CHARPACKET_C4A4A1ECADE2ACC90EBDE26BD7020C72,ENG_ACL_OS_PLATFORM_HANDOFF_B7D7BCD5_V1,ENGINE,ACL_OS_PLATFORM,EXCLUDED_PROTECTED_PLATFORM,0,100,True,False,False,sha256:1210d6eceace6d92a2d3bdfafec0f304c906e7f45dffa39b94c2751e1da02561
CHARPACKET_748FF249AF54CA45022D9CAF4CB3B114,ENG_ACL_OS_PLATFORM_HANDOFF_DEC2D50E_V1,ENGINE,ACL_OS_PLATFORM,EXCLUDED_PROTECTED_PLATFORM,0,100,True,False,False,sha256:9b08b3c2167d23aa1b279cd60f23f7ddba6ea959b94d78340895e34a25e44056
CHARPACKET_38EDC4FDEF29EDC8C8EC3572CF8ACB73,ENG_ACL_OS_PLATFORM_HANDOFF_E4629169_V1,ENGINE,ACL_OS_PLATFORM,EXCLUDED_PROTECTED_PLATFORM,0,100,True,False,False,sha256:8cb002d0f0ec95907ed87766b9b265b3e6ec0acb2b645fa05e7f0fd9fa1c8783
CHARPACKET_3EAEA9E0222838C5052D2D8697CBFC2E,ENG_ACL_OS_PLATFORM_HANDOFF_INPUT_27737E99_V1,ENGINE,ACL_OS_PLATFORM,EXCLUDED_PROTECTED_PLATFORM,0,100,True,False,False,sha256:a757a266c8df258be9192b16ed181c2e68d6edf229ace2eb358aefadc6bd54fc
CHARPACKET_0174C8DE15AE0DA642E9D2CC38F0DE27,ENG_ACL_OS_PLATFORM_HANDOFF_INPUT_2E7ABF36_V1,ENGINE,ACL_OS_PLATFORM,EXCLUDED_PROTECTED_PLATFORM,0,100,True,False,False,sha256:f1fd3aad0afa167649fa5332b2c09b40d398c0941376c027f100a92ca1fbd71a
CHARPACKET_6A064EF1AAD57B8581D357BC0BB72D7A,ENG_ACL_OS_PLATFORM_HANDOFF_INPUT_6198963F_V1,ENGINE,ACL_OS_PLATFORM,EXCLUDED_PROTECTED_PLATFORM,0,100,True,False,False,sha256:1d9e8c99daef85af3ffa36dc5bda83f39a834fa20245b81efebdd1a39bd99703
CHARPACKET_5335CF9058857F2E09E4FC36D08CF3CD,ENG_ACL_OS_PLATFORM_HANDOFF_INPUT_65AAED2A_V1,ENGINE,ACL_OS_PLATFORM,EXCLUDED_PROTECTED_PLATFORM,0,100,True,False,False,sha256:fdeeb057762d0d8de0adfe28964b1413de2d0a95cfd697f4a6f5f04e2ca61928
CHARPACKET_A582C500C9F113E0A3CC2C58F905A10E,ENG_ACL_OS_PLATFORM_HANDOFF_INPUT_668D4393_V1,ENGINE,ACL_OS_PLATFORM,EXCLUDED_PROTECTED_PLATFORM,0,100,True,False,False,sha256:21a418c9260465c115e010ce9d9b203c8ad3ef03e9896bd0f4816af33a223023
CHARPACKET_B1E65E90F0FED7655D2C3D34E5AA65B2,ENG_ACL_OS_PLATFORM_HANDOFF_INPUT_75F7255C_V1,ENGINE,ACL_OS_PLATFORM,EXCLUDED_PROTECTED_PLATFORM,0,100,True,False,False,sha256:1b24015eada21060e44b0eab26e942792d8fcdf2593b642703ee7650e99981e3
CHARPACKET_64B658FD68FA560ABC4234BA1880F95F,ENG_ACL_OS_PLATFORM_HANDOFF_INPUT_867AF312_V1,ENGINE,ACL_OS_PLATFORM,EXCLUDED_PROTECTED_PLATFORM,0,100,True,False,False,sha256:11541c41b71afe2b1d7ba0b9d8b9da726b42525e2fd26fbc8fdbd223b3a8521d
CHARPACKET_DF0204BB1A8A68F06C84FAFB7371CA8B,ENG_ACL_OS_PLATFORM_HANDOFF_INPUT_A0B74306_V1,ENGINE,ACL_OS_PLATFORM,EXCLUDED_PROTECTED_PLATFORM,0,100,True,False,False,sha256:9fed557ec2384890cf8201bd5e42d9a5a3d192967185d141be80eb9de7ef8e75
CHARPACKET_346904E29C6DF308B3D0D4B2105D8B44,ENG_ACL_OS_PLATFORM_HANDOFF_INPUT_A88ECDDB_V1,ENGINE,ACL_OS_PLATFORM,EXCLUDED_PROTECTED_PLATFORM,0,100,True,False,False,sha256:55b0546751cf9dc1aeb03484b92e8781f43f356109fdbaad92f3a5a58a121f3d
CHARPACKET_2FF7BED11D0AA530A921F175475C6292,ENG_ACL_OS_PLATFORM_HANDOFF_INPUT_CE46BE05_V1,ENGINE,ACL_OS_PLATFORM,EXCLUDED_PROTECTED_PLATFORM,0,100,True,False,False,sha256:e36af8502d761e7f0fd8ea383ad06cdff72b437a18e05e0b543457c9b50a826f
CHARPACKET_0CB84958043825BE3FD8CDD2C49D8F90,ENG_ACL_OS_PLATFORM_HANDOFF_INPUT_DCAF4909_V1,ENGINE,ACL_OS_PLATFORM,EXCLUDED_PROTECTED_PLATFORM,0,100,True,False,False,sha256:354aa24b8e9ce378862e0d2f3b66024206c5702eac6bb1981780f3fc650384c9
CHARPACKET_5ED0503AE8611A95B96CA01F7968EC5B,ENG_ACL_OS_PLATFORM_HANDOFF_INPUT_E1DAB518_V1,ENGINE,ACL_OS_PLATFORM,EXCLUDED_PROTECTED_PLATFORM,0,100,True,False,False,sha256:d30389dbaefc6dce04075dd07fe13ffec30580a42afa3d9007988dbadcd37e76
CHARPACKET_91EC9B9EE47EEFBF6D35542FA807A6F2,ENG_ACL_OS_PLATFORM_HUMAN_DSL_6F6823FF_V1,ENGINE,ACL_OS_PLATFORM,EXCLUDED_PROTECTED_PLATFORM,0,100,True,False,False,sha256:3cb8651b0060110035db7388afded887cce99220185087b542615dc01d3e7b0a
CHARPACKET_6925323690C311727BBE1DF1814E9E4E,ENG_ACL_OS_PLATFORM_IDENTITY_03F5B0D7_V1,ENGINE,ACL_OS_PLATFORM,EXCLUDED_PROTECTED_PLATFORM,0,100,True,True,False,sha256:faa0554ab776cef178c658894ff83ddebf9db8e7fe799a23a72f4765bd87f436
CHARPACKET_98F6A0688A05A23541903B09DF3B3C6D,ENG_ACL_OS_PLATFORM_INIT_00240C80_V1,ENGINE,ACL_OS_PLATFORM,EXCLUDED_PROTECTED_PLATFORM,0,100,True,False,False,sha256:86ec405a9d88fda8c1de17da5bce3aed8354df4b104e373a0e86bc95ae253ea0
CHARPACKET_7721FF94207DB85D7FEE087E5E42DC1A,ENG_ACL_OS_PLATFORM_INIT_089FB04F_V1,ENGINE,ACL_OS_PLATFORM,EXCLUDED_PROTECTED_PLATFORM,0,100,True,False,False,sha256:a3b18583d2334736efd9f565ef7c81ca5babaf1422f66f02e9d182b2ed63032d
CHARPACKET_599825FE96C010AA79E73E383B72FF71,ENG_ACL_OS_PLATFORM_INIT_0B5FD33B_V1,ENGINE,ACL_OS_PLATFORM,EXCLUDED_PROTECTED_PLATFORM,0,100,True,False,False,sha256:80dac5f8a8bf71413e0c09de0c7aac0abd2598612c775774e8cd32a80e87dba6
CHARPACKET_2E7CD5E7AC490E1D984079CA59D76261,ENG_ACL_OS_PLATFORM_INIT_394F9322_V1,ENGINE,ACL_OS_PLATFORM,EXCLUDED_PROTECTED_PLATFORM,0,100,True,False,False,sha256:84d2b60fb13c314bf10457e6830ea4fcf2217bcae61f22211c18dd83d144cc7f
CHARPACKET_CBF6C04038CE4E09F845877B40588860,ENG_ACL_OS_PLATFORM_INIT_44358261_V1,ENGINE,ACL_OS_PLATFORM,EXCLUDED_PROTECTED_PLATFORM,0,100,True,False,False,sha256:7695ee9de6d4220443165210c798498fbfb57b36e4addb9fc80ea3e48b27e082
CHARPACKET_62A78020C1E5116E701B8680D21AD86D,ENG_ACL_OS_PLATFORM_INIT_49E71E15_V1,ENGINE,ACL_OS_PLATFORM,EXCLUDED_PROTECTED_PLATFORM,0,100,True,False,False,sha256:04d445f869d18658d52104b5a62559b65ab3a38ac41422815f27b9c1fcdcb804
CHARPACKET_EF6DC6E052E666DEED3B87CA051F0E97,ENG_ACL_OS_PLATFORM_INIT_4D6335BE_V1,ENGINE,ACL_OS_PLATFORM,EXCLUDED_PROTECTED_PLATFORM,0,100,True,False,False,sha256:dcbc7c10679ca93fce8572d76928bed7bcd51e636d8b630df1a0056649edf967
CHARPACKET_BE45B7CEBC569A0E6FB983E861A8C6CC,ENG_ACL_OS_PLATFORM_INIT_4DC8D39F_V1,ENGINE,ACL_OS_PLATFORM,EXCLUDED_PROTECTED_PLATFORM,0,100,True,False,False,sha256:2a9727b2c7348d08f2568709ef53c5fc9498eff3dedd75a88c12cb2347388110
CHARPACKET_EFFAB165CA9FBE7E045118453F3C1277,ENG_ACL_OS_PLATFORM_INIT_6268E142_V1,ENGINE,ACL_OS_PLATFORM,EXCLUDED_PROTECTED_PLATFORM,0,100,True,False,False,sha256:cfd216f57a5e273f0647d495748f9c7136d70082591c05053841bf540af959ac
CHARPACKET_8F9213B5EFC73AE740956F47400E3BDD,ENG_ACL_OS_PLATFORM_INIT_7EE9EEC1_V1,ENGINE,ACL_OS_PLATFORM,EXCLUDED_PROTECTED_PLATFORM,0,100,True,False,False,sha256:b241fbfde29b5817366f270a8a100aebb4cf13fcf770f92e3d16c6b950cfc62e
CHARPACKET_387F90DC7872CCFD33CB685A025E0702,ENG_ACL_OS_PLATFORM_INIT_A6E7ED95_V1,ENGINE,ACL_OS_PLATFORM,EXCLUDED_PROTECTED_PLATFORM,0,100,True,False,False,sha256:7b0642d27a4251da38456b1d8bab5d32ee96314b027acd75b01fb8a814dd8742
CHARPACKET_C9C471240AB633EE990CFB27A18375BD,ENG_ACL_OS_PLATFORM_INIT_AB8E2DFE_V1,ENGINE,ACL_OS_PLATFORM,EXCLUDED_PROTECTED_PLATFORM,0,100,True,False,False,sha256:8d8c65486520c73868b0e9032d8b5614d652ee0a0690d4e954c210085adeef3c
CHARPACKET_51811382B717D0573779D293672AA2DD,ENG_ACL_OS_PLATFORM_INIT_B2BCA754_V1,ENGINE,ACL_OS_PLATFORM,EXCLUDED_PROTECTED_PLATFORM,0,100,True,False,False,sha256:16de9e3159589cb785d5ffe4d8caa5f871ecfee1683ee3383f8eda1797572633
CHARPACKET_90763BC50107DFD05DA487DE522C24C8,ENG_ACL_OS_PLATFORM_INIT_B5DCB8D5_V1,ENGINE,ACL_OS_PLATFORM,EXCLUDED_PROTECTED_PLATFORM,0,100,True,False,False,sha256:a8e79da93986bae9feedaee3b845283534736bbdc74ff522f3fcc0b5e7c894df
CHARPACKET_7BABE054634E733BE3A3161627D4FB66,ENG_ACL_OS_PLATFORM_INIT_C1637615_V1,ENGINE,ACL_OS_PLATFORM,EXCLUDED_PROTECTED_PLATFORM,0,100,True,False,False,sha256:86c1524f49b69c5a45ae2fe3c26769b6edcd31a9c3954437777be7aea40b1ba6
CHARPACKET_56C62B098B25F4A0ADD9507F7ECF0991,ENG_ACL_OS_PLATFORM_INIT_C9CE0247_V1,ENGINE,ACL_OS_PLATFORM,EXCLUDED_PROTECTED_PLATFORM,0,100,True,False,False,sha256:f22f6ac82c9e28d44adbe985553380a06180767038b3653a362ab18a20db9ae0
CHARPACKET_ED13C7F92B5B93F2C39B356F74D4D490,ENG_ACL_OS_PLATFORM_INIT_DE03842C_V1,ENGINE,ACL_OS_PLATFORM,EXCLUDED_PROTECTED_PLATFORM,0,100,True,False,False,sha256:85903ea71646b24511dd74f61318ad0de9376b9b2d20de3f9edd3e75eb08256c
CHARPACKET_1AFA454DAA4F1C14A32CC83BE799DAE4,ENG_ACL_OS_PLATFORM_INPUT_CONTRACT_997919C5_V1,ENGINE,ACL_OS_PLATFORM,EXCLUDED_PROTECTED_PLATFORM,0,100,True,False,False,sha256:e61b29e88800aecc46500e146514bda570c2ca61957f78568fd0d8b140402a87
CHARPACKET_D731386AF54EB6B1194AE315C7A1BF45,ENG_ACL_OS_PLATFORM_INTERVIEW_E1EF6719_V1,ENGINE,ACL_OS_PLATFORM,EXCLUDED_PROTECTED_PLATFORM,20,100,True,False,False,sha256:141e41d6ea1a33305db6e75846e598ef243a60153b8a9bbd7fe436e141a9cecf
CHARPACKET_FC3EF1B065AE576228BBED0E19E38659,ENG_ACL_OS_PLATFORM_IO_1450EEBE_V1,ENGINE,ACL_OS_PLATFORM,EXCLUDED_PROTECTED_PLATFORM,35,100,True,False,False,sha256:b275ab888e42169a0e7758b316f59d7c7132af78c80f36d9d2bb25023ebb663f
CHARPACKET_7ED8FAB01FA2E499B43F7F744F7610A3,ENG_ACL_OS_PLATFORM_IO_43455F5E_V1,ENGINE,ACL_OS_PLATFORM,EXCLUDED_PROTECTED_PLATFORM,35,100,True,False,False,sha256:b176fd3099b78c8f741001b092234aea67b869577273e61c68c12eec3d5b9020
CHARPACKET_5BB7664643681E40605DA6DB974E4CCF,ENG_ACL_OS_PLATFORM_IO_508F7332_V1,ENGINE,ACL_OS_PLATFORM,EXCLUDED_PROTECTED_PLATFORM,35,100,True,False,False,sha256:fa4d6592418277f754ef4c6554a21956590a4ad0e5617e75e825a0152003cc79
CHARPACKET_1328B47B18AE0FA579668B3D75D28530,ENG_ACL_OS_PLATFORM_IO_7A1F2D7C_V1,ENGINE,ACL_OS_PLATFORM,EXCLUDED_PROTECTED_PLATFORM,35,100,True,False,False,sha256:2855470ad1e394af0c06968dccf32b3910d861145f48359445c6dca2b86790ac
CHARPACKET_FD735CD8FB2D0EEF1BE97974FCBA7836,ENG_ACL_OS_PLATFORM_IO_7C4B92BF_V1,ENGINE,ACL_OS_PLATFORM,EXCLUDED_PROTECTED_PLATFORM,35,100,True,False,False,sha256:821f625159e973ab54f74189f7d9a13c6e3a92453286a37e47a8647ff9208c79
CHARPACKET_9FA2F959B67391E373CD959ECAF48A88,ENG_ACL_OS_PLATFORM_IO_85D43A85_V1,ENGINE,ACL_OS_PLATFORM,EXCLUDED_PROTECTED_PLATFORM,35,100,True,False,False,sha256:b5b02888c37c5b785d4e4847099a932408db1f6f96af8edd949ff2410b667e05
CHARPACKET_58FA886A1643CD58700368B5957F68B0,ENG_ACL_OS_PLATFORM_IO_8AE86795_V1,ENGINE,ACL_OS_PLATFORM,EXCLUDED_PROTECTED_PLATFORM,35,100,True,False,False,sha256:71093340d6ec00e8bd304d7cfd8531ff38540259d415bb173089e9bb29d39943
CHARPACKET_4E178035279C4491D265467B327F2036,ENG_ACL_OS_PLATFORM_IO_8D678168_V1,ENGINE,ACL_OS_PLATFORM,EXCLUDED_PROTECTED_PLATFORM,35,100,True,False,False,sha256:47699fac90b115d47924e34495cf3954c66fa18bbf34c24a9e81bf5cc7c9a401
CHARPACKET_130D388D764EDE2E08FC64A883079EF1,ENG_ACL_OS_PLATFORM_IO_99D4D130_V1,ENGINE,ACL_OS_PLATFORM,EXCLUDED_PROTECTED_PLATFORM,35,100,True,False,False,sha256:de0e21828849abc23bc0c62a8a8c7387aab588856876b7c89b3a6cbb39acd47a
CHARPACKET_551642CE5C108512DCF82A694661BBB3,ENG_ACL_OS_PLATFORM_IO_C8122502_V1,ENGINE,ACL_OS_PLATFORM,EXCLUDED_PROTECTED_PLATFORM,35,100,True,False,False,sha256:a0d695474795b5fbc702c0d9b7e4a2f2576b18a24b60f0ac910e00efc2861887
CHARPACKET_6D1AF4E3101D2687C9135290134CF17D,ENG_ACL_OS_PLATFORM_IO_D7C11978_V1,ENGINE,ACL_OS_PLATFORM,EXCLUDED_PROTECTED_PLATFORM,35,100,True,False,False,sha256:13507a8a1c983dec2f408100f34fbbdd9864ddb0529286cb546e54116202dfc0
CHARPACKET_6F40C57469F6FA513D347E5841EED7B6,ENG_ACL_OS_PLATFORM_IO_E88C1D18_V1,ENGINE,ACL_OS_PLATFORM,EXCLUDED_PROTECTED_PLATFORM,35,100,True,False,False,sha256:a877754e3594eb68af46f44fe951dcf1ccad547cf414095bf9a4fa2f767d177d
CHARPACKET_9B8C2817A9F585A408CC4339E2F476EF,ENG_ACL_OS_PLATFORM_IO_EC6DA38C_V1,ENGINE,ACL_OS_PLATFORM,EXCLUDED_PROTECTED_PLATFORM,35,100,True,False,False,sha256:ea97b4ae28128b85cb07e2d1dd4b77ffce034f34d1939be0672c7c3d7e9bae6e
CHARPACKET_F4ABB55E17A2E03B4628B1567BEEB0DC,ENG_ACL_OS_PLATFORM_IO_EFE97EAD_V1,ENGINE,ACL_OS_PLATFORM,EXCLUDED_PROTECTED_PLATFORM,35,100,True,False,False,sha256:70964234863b882e1fcf2b29adf41f68350017b391f342b3b4b92d658e480260
CHARPACKET_9FAE951E406BAFDD5D5CD9DE65D74515,ENG_ACL_OS_PLATFORM_IO_F9E663FA_V1,ENGINE,ACL_OS_PLATFORM,EXCLUDED_PROTECTED_PLATFORM,35,100,True,False,False,sha256:151a90ffdb67148428b78b4574b16b3760907d4c16bf6d83196750bbc043078e
CHARPACKET_B8190CD0E522C4BF5257022A4E458785,ENG_ACL_OS_PLATFORM_IO_FD940788_V1,ENGINE,ACL_OS_PLATFORM,EXCLUDED_PROTECTED_PLATFORM,35,100,True,False,False,sha256:41a97cc89ac698f0966b11fb83761b91e92ba6aeba6072af7f54ae1c6b12d4ce
CHARPACKET_5FF01EF25B5A0C9C8BB887D4962636FE,ENG_ACL_OS_PLATFORM_KNOWN_TIME_IR_46A9CEFE_V1,ENGINE,ACL_OS_PLATFORM,EXCLUDED_PROTECTED_PLATFORM,0,100,True,False,False,sha256:a5cc044bcaa689568d579fdf1344e8f29446b9fd06db70ae598767d5eee7ef7e
CHARPACKET_FE0F965A065CCD7193F846C51ACCB302,ENG_ACL_OS_PLATFORM_LIFECYCLE_4157CC10_V1,ENGINE,ACL_OS_PLATFORM,EXCLUDED_PROTECTED_PLATFORM,0,100,True,False,False,sha256:fd443da69c606c10e10fb250cfb7a7c68d0fa6c20bd098c6cb9c5eb1d3e732d9
CHARPACKET_FAB2A31BE31A953687B361F8A427092D,ENG_ACL_OS_PLATFORM_LINEAGE_01C999A9_V1,ENGINE,ACL_OS_PLATFORM,EXCLUDED_PROTECTED_PLATFORM,0,100,True,False,False,sha256:82ffe670f6496570fdf24abf486e2b8f9e9967e303335a5be177e61db7601daa
CHARPACKET_72173813DDDD2B0CBF6E0F84A7757AC2,ENG_ACL_OS_PLATFORM_LINEAGE_5F926FB2_V1,ENGINE,ACL_OS_PLATFORM,EXCLUDED_PROTECTED_PLATFORM,0,100,True,False,False,sha256:1666ccdb5a4cffefd77a1e80a46bde4e1fb6dac0888445d3f5b58ca9ec6685a8
CHARPACKET_6E60398F60F9E7E2E80CAA56A3419A15,ENG_ACL_OS_PLATFORM_LINEAGE_8F21FDFC_V1,ENGINE,ACL_OS_PLATFORM,EXCLUDED_PROTECTED_PLATFORM,0,100,True,False,False,sha256:ed18a006f3dbceffb5383cb42becc76f39157f70befa85bcec4952c36fa7a30d
CHARPACKET_90F2E6DDEFCF75B2BC75062704A97ABB,ENG_ACL_OS_PLATFORM_LINEAGE_A1F54B00_V1,ENGINE,ACL_OS_PLATFORM,EXCLUDED_PROTECTED_PLATFORM,0,100,True,False,False,sha256:0de1b5adc5b77228edab8c020b81a5f895f3a89423e05af2318893b858f24c76
CHARPACKET_D57567008F470A3FB02F6BA2AA769350,ENG_ACL_OS_PLATFORM_LOADER_93A73E61_V1,ENGINE,ACL_OS_PLATFORM,EXCLUDED_PROTECTED_PLATFORM,0,100,True,False,False,sha256:34d3a243be2c2e746ee35fbd943c4db173c2ab518b4abc130df32d7d65a2c6e8
CHARPACKET_D464F4E88DD7E0517E3C4CB4B19CC77C,ENG_ACL_OS_PLATFORM_LOCATOR_EFBD4C64_V1,ENGINE,ACL_OS_PLATFORM,EXCLUDED_PROTECTED_PLATFORM,35,100,True,False,False,sha256:3ba2d0f7dff0dacfc004599d876bde17a6ac46fc230ec44bbc6416101bafb4a9
CHARPACKET_010815C1F7ACAD4AFF20377DEB891F02,ENG_ACL_OS_PLATFORM_MEMORY_POLICY_94893F75_V1,ENGINE,ACL_OS_PLATFORM,EXCLUDED_PROTECTED_PLATFORM,0,100,True,False,False,sha256:33dff13f8d9302466c86d321c1b4ec8efcc10a40f5d2ef9a0896cf971ba49950
CHARPACKET_DBA0894CFB26DA3107F207FDF697C036,ENG_ACL_OS_PLATFORM_MEMORY_STORE_36CB375D_V1,ENGINE,ACL_OS_PLATFORM,EXCLUDED_PROTECTED_PLATFORM,0,100,True,False,False,sha256:fdfc81e1b2effb0057b2f8f5626408f849eb423cdbd9275f68850391398b7727
CHARPACKET_4E608FB83ECB99DD82BACE297730CAE4,ENG_ACL_OS_PLATFORM_METRICS_D53237F4_V1,ENGINE,ACL_OS_PLATFORM,EXCLUDED_PROTECTED_PLATFORM,0,100,True,False,False,sha256:0b49210faf33568af24e236756d86661b0a9c15895f3645a25ebb5966e50c1bc
CHARPACKET_A7EBD6A609EFD34E25B073EBF90EF2D0,ENG_ACL_OS_PLATFORM_MIGRATIONS_6B79A6A5_V1,ENGINE,ACL_OS_PLATFORM,EXCLUDED_PROTECTED_PLATFORM,0,100,True,False,False,sha256:61d423548ea387f8c9b06677870dde7a12fed2688ab7441e8601e8f808b51c7a
CHARPACKET_53CF6698CB91751D7A69A01B3D7C5CC5,ENG_ACL_OS_PLATFORM_OBJECT_STORE_C23AEB5C_V1,ENGINE,ACL_OS_PLATFORM,EXCLUDED_PROTECTED_PLATFORM,0,100,True,False,False,sha256:6a94902a5764f71561d25f5c5fad6d435303a41b5bf5ed4826ffe6908d0c4bc8
CHARPACKET_B29FF2D68B6E6FF2A68A09B297C89286,ENG_ACL_OS_PLATFORM_OBSIDIAN_02303DD2_V1,ENGINE,ACL_OS_PLATFORM,EXCLUDED_PROTECTED_PLATFORM,35,100,True,False,False,sha256:bacf714feaa808b346f627271b912e24366b3545d51dfac5668aabb3759836e7
CHARPACKET_E854BBA99A2C62CB84D777FF5D5C5135,ENG_ACL_OS_PLATFORM_OBSIDIAN_086F5F78_V1,ENGINE,ACL_OS_PLATFORM,EXCLUDED_PROTECTED_PLATFORM,35,100,True,False,False,sha256:e4722a0f3d9fb736b316c744f7c34c7eb10f4f198120a33afd9efada112143b3
CHARPACKET_CA5BDE180C5B3A3CDAEDFE7127D6ED2E,ENG_ACL_OS_PLATFORM_OBSIDIAN_1DD0F6A1_V1,ENGINE,ACL_OS_PLATFORM,EXCLUDED_PROTECTED_PLATFORM,35,100,True,False,False,sha256:55c3541ad4683025d439b65abac55f5503f01e45be72f8e74aeb57d8865f75ff
CHARPACKET_93A06B8C58C70640A42FA2F5E254ABCE,ENG_ACL_OS_PLATFORM_OBSIDIAN_C73DBFAD_V1,ENGINE,ACL_OS_PLATFORM,EXCLUDED_PROTECTED_PLATFORM,35,100,True,False,False,sha256:a9426283d00e24c1e2b06b3002f38e44b7f6610592302f604594b8970da48e77
CHARPACKET_4F8E79B5D5592CECCD39E3914604DC34,ENG_ACL_OS_PLATFORM_OBSIDIAN_FF9941E8_V1,ENGINE,ACL_OS_PLATFORM,EXCLUDED_PROTECTED_PLATFORM,35,100,True,False,False,sha256:d010d6dc2907cc524de254a051152a61973b290b3e39e008117020eff7f6a9f0
CHARPACKET_90E78370AC28BE64284212B3F9300BD3,ENG_ACL_OS_PLATFORM_OBSIDIAN_PROJECTION_4AA3F2D0_V1,ENGINE,ACL_OS_PLATFORM,EXCLUDED_PROTECTED_PLATFORM,0,100,True,False,False,sha256:bc4518ace449ee82a63f139af07e21f771b912cad5e2bd2497ef3b5e4ea8a846
CHARPACKET_5CDA51DC5D67CF0FD35814B322CBF030,ENG_ACL_OS_PLATFORM_OBSIDIAN_PROJECTION_5B5ED1CE_V1,ENGINE,ACL_OS_PLATFORM,EXCLUDED_PROTECTED_PLATFORM,0,100,True,False,False,sha256:5cb6808df4e50e9937faa19b7d657d08c74a75a961ca3296757dd1c35356c5af
CHARPACKET_897584EEF170108A0343183B8F9C4843,ENG_ACL_OS_PLATFORM_OBSIDIAN_PROJECTION_6D85CA54_V1,ENGINE,ACL_OS_PLATFORM,EXCLUDED_PROTECTED_PLATFORM,20,100,True,False,False,sha256:1872c0c0e4afb1c49ae8e548083ba06085950a8ec07683ce895c94479cb17e2c
CHARPACKET_D7CBBE169FC9B767F121124C99145103,ENG_ACL_OS_PLATFORM_OBSIDIAN_PROJECTION_797363CB_V1,ENGINE,ACL_OS_PLATFORM,EXCLUDED_PROTECTED_PLATFORM,35,100,True,False,False,sha256:72c8d5bffb1e98970a25fcc77930578de5132e3f314d6a7d50c8d52aa10ce949
CHARPACKET_84045E1810127503933F272013EDBD3E,ENG_ACL_OS_PLATFORM_OCCURRENCE_IR_D8937552_V1,ENGINE,ACL_OS_PLATFORM,EXCLUDED_PROTECTED_PLATFORM,0,100,True,False,False,sha256:6c7016c88bcf4fed9a8777414077ef6205f048f9d661290b3a7e4236fad77fd4
CHARPACKET_B4EC195F27F78BF342C61CE207EC2DAC,ENG_ACL_OS_PLATFORM_ONBOARDING_266CC584_V1,ENGINE,ACL_OS_PLATFORM,EXCLUDED_PROTECTED_PLATFORM,0,100,True,False,False,sha256:92200d976b09e903543b60bae6fc37a54512636948740ad9f2457489b4759abe
CHARPACKET_E894DFD175B2E1DE9A37EEC88421CB0D,ENG_ACL_OS_PLATFORM_OPERATIONS_AF012474_V1,ENGINE,ACL_OS_PLATFORM,EXCLUDED_PROTECTED_PLATFORM,0,100,True,False,False,sha256:54aaf5e10c9a11fbe33a36e607bbaf964e2afdb2d7da20116d2550a52ac6ac85
CHARPACKET_1C175E49913E69C7946F6818E6862230,ENG_ACL_OS_PLATFORM_OPERATOR_8D3A329B_V1,ENGINE,ACL_OS_PLATFORM,EXCLUDED_PROTECTED_PLATFORM,0,100,True,False,False,sha256:45c17d45087ceec53c84124cea0191375d258b4261c872efc155c4fb6f6f3627
CHARPACKET_B27474ED27E4EAD17B3C6A18E9E76FD2,ENG_ACL_OS_PLATFORM_OWNERSHIP_23FBC28F_V1,ENGINE,ACL_OS_PLATFORM,EXCLUDED_PROTECTED_PLATFORM,0,100,True,False,False,sha256:d91ef3bb26e8fde3e4e3c7a2028e56a8647a2d6f2edc5c6db410a8b668682b0e
CHARPACKET_D222F9D781840DFA241C67832877826C,ENG_ACL_OS_PLATFORM_PARITY_2EC34ABB_V1,ENGINE,ACL_OS_PLATFORM,EXCLUDED_PROTECTED_PLATFORM,0,100,True,False,False,sha256:e9eec2ae15048975854cebb33ee51cc19ff0280baaff5c00381f460729fe85aa
CHARPACKET_E21B90625FD0DC415E4C7EF5952ABA78,ENG_ACL_OS_PLATFORM_PATH_ACCESS_29675A9E_V1,ENGINE,ACL_OS_PLATFORM,EXCLUDED_PROTECTED_PLATFORM,0,100,True,False,False,sha256:fa787df1db62f13099e00d308d5c0257be7c32704477f959343da5e6942c225e
CHARPACKET_3B2A7C132BDCD6CA592B388A37607082,ENG_ACL_OS_PLATFORM_PATH_POLICY_9C688C6C_V1,ENGINE,ACL_OS_PLATFORM,EXCLUDED_PROTECTED_PLATFORM,0,100,True,False,False,sha256:3130d9d29c413fb7b97ef21623c64e53dcdcb153c71dadc6711f05b24de702f0
CHARPACKET_898807EB7FCFEB501157A24AC222AC00,ENG_ACL_OS_PLATFORM_PLANNER_POLICY_B8C599E9_V1,ENGINE,ACL_OS_PLATFORM,EXCLUDED_PROTECTED_PLATFORM,0,100,True,False,False,sha256:91d6f41a8d3f82079541e0ed71d4d392a523bf3e1f2b34e97acd923c8f30aef2
CHARPACKET_45D9718A955812C4436B061EE4FD4974,ENG_ACL_OS_PLATFORM_POISON_GUARD_F216A596_V1,ENGINE,ACL_OS_PLATFORM,EXCLUDED_PROTECTED_PLATFORM,0,100,True,False,False,sha256:2c1e760603f4c9e9c72862e70df8dd69706de0577009d0371823c7dc64ab4975
CHARPACKET_E473D022D706B68D8CAD818C15A16A51,ENG_ACL_OS_PLATFORM_POLICIES_0E83C54A_V1,ENGINE,ACL_OS_PLATFORM,EXCLUDED_PROTECTED_PLATFORM,0,100,True,False,False,sha256:fbbdbc367211259500a871a9f3780d868a182349d7de435b8098280e6f6a156f
CHARPACKET_3F4E41D43E217BF764C3C1B9F0F996BC,ENG_ACL_OS_PLATFORM_POLICIES_1BF7B21B_V1,ENGINE,ACL_OS_PLATFORM,EXCLUDED_PROTECTED_PLATFORM,35,100,True,False,False,sha256:df5484b8cee37756be8c1b788e5a9a6e8452fe52001d83b6daed48f644e5c09a
CHARPACKET_5B3A195D1809524B75B7D17D4BF73600,ENG_ACL_OS_PLATFORM_POLICIES_3A826945_V1,ENGINE,ACL_OS_PLATFORM,EXCLUDED_PROTECTED_PLATFORM,0,100,True,False,False,sha256:bc990a488a88bc4cb2b489a5689917172566b021851e38c577601a2761359ce9
CHARPACKET_EB27AD713F56846EA6F8742FFDD41E7F,ENG_ACL_OS_PLATFORM_POLICIES_5E1168D0_V1,ENGINE,ACL_OS_PLATFORM,EXCLUDED_PROTECTED_PLATFORM,0,100,True,False,False,sha256:7ca8bffd3ebaec855476a1d5e33aef942e652faa7c2b8154754fb45397cf928c
CHARPACKET_7E74BF61A5B3DA3AD03493A5B70CEFC8,ENG_ACL_OS_PLATFORM_POLICIES_661EE894_V1,ENGINE,ACL_OS_PLATFORM,EXCLUDED_PROTECTED_PLATFORM,0,100,True,False,False,sha256:b31884e8284c37403e59d6b011aba3124952a8cd8eeae3c43b5bb4192e432ea6
CHARPACKET_CD9266EEB720AA06B3F951E05CE12284,ENG_ACL_OS_PLATFORM_POLICIES_8920AD22_V1,ENGINE,ACL_OS_PLATFORM,EXCLUDED_PROTECTED_PLATFORM,0,100,True,False,False,sha256:7363f9a4d74b6b0f83789ba6a585d8b740b1c1eab900c809613fe4550a4d403c
CHARPACKET_8A5876AF4A94E23EF2A7C57099D7F439,ENG_ACL_OS_PLATFORM_POLICIES_9096E968_V1,ENGINE,ACL_OS_PLATFORM,EXCLUDED_PROTECTED_PLATFORM,0,100,True,False,False,sha256:f2a4b3d414afdc072cb023bb939d18f56724b2bc3f1365ded2c04dee63f7080e
CHARPACKET_2242D455657235EE2411CE28E8954EB2,ENG_ACL_OS_PLATFORM_POLICIES_933C00AC_V1,ENGINE,ACL_OS_PLATFORM,EXCLUDED_PROTECTED_PLATFORM,0,100,True,False,False,sha256:f68980c281143447ddc018316521f9d69d19e0d9183115b31e8f9afa7c908100
CHARPACKET_DE9F42E860C6B24AF60DBD5A2DD0879B,ENG_ACL_OS_PLATFORM_POLICIES_AF55C613_V1,ENGINE,ACL_OS_PLATFORM,EXCLUDED_PROTECTED_PLATFORM,0,100,True,False,False,sha256:98095b5a90d9fd5df649bd8a507276b2012471d03753672ef06fcb5c5b21330e
CHARPACKET_0FCF6E4BCA17F6D063CCF1C3B5C6BEFA,ENG_ACL_OS_PLATFORM_POLICIES_B0720298_V1,ENGINE,ACL_OS_PLATFORM,EXCLUDED_PROTECTED_PLATFORM,0,100,True,False,False,sha256:57e097af585529c937f663d005be1a4535a5475f897d07585372dd0466736e13
CHARPACKET_1BDF6723C19DFFE5FE49803460E5C485,ENG_ACL_OS_PLATFORM_POLICIES_BC939ADE_V1,ENGINE,ACL_OS_PLATFORM,EXCLUDED_PROTECTED_PLATFORM,0,100,True,False,False,sha256:746f2a0c9c803facf4279ff11d74b24d51fa4aaac4905746d30f859bbbdc1dc2
CHARPACKET_14D413484538F0AC674968A70F9FF837,ENG_ACL_OS_PLATFORM_POLICIES_C7C531B0_V1,ENGINE,ACL_OS_PLATFORM,EXCLUDED_PROTECTED_PLATFORM,0,100,True,False,False,sha256:4b38e953dbb103ce814d5a610119c0049c6fe776cda61d3860c51548f2915014
CHARPACKET_4F031F1608781F679173FD8557D40E10,ENG_ACL_OS_PLATFORM_POLICIES_DC75E69D_V1,ENGINE,ACL_OS_PLATFORM,EXCLUDED_PROTECTED_PLATFORM,0,100,True,False,False,sha256:01cd93714de10bf370c937ce6fd5c20ac5d7c672cd42ca83d1189e97a17d0d3c
CHARPACKET_5667555D75F6225DDB36414C4BAD9659,ENG_ACL_OS_PLATFORM_POLICIES_DF572A33_V1,ENGINE,ACL_OS_PLATFORM,EXCLUDED_PROTECTED_PLATFORM,0,100,True,False,False,sha256:cc19d75a68dea73d4b5dc87392f40cc57ff9d9261fa06b3f87631556617a7c75
CHARPACKET_C349E596C09CBFCF48D962BC3E58D445,ENG_ACL_OS_PLATFORM_POLICIES_EB4F3285_V1,ENGINE,ACL_OS_PLATFORM,EXCLUDED_PROTECTED_PLATFORM,0,100,True,False,False,sha256:5e4bbfb29c3c8c5dbd9dd881a2acc30256b096fa829a1694f36e638e1ec437ed
CHARPACKET_C978204E35719B3932802620AD03F316,ENG_ACL_OS_PLATFORM_POLICY_EVAL_73A9B019_V1,ENGINE,ACL_OS_PLATFORM,EXCLUDED_PROTECTED_PLATFORM,20,100,True,False,False,sha256:bf850f578829853fdd683ac7af6af197015d4ddc9b5ccbeb5ccb4e4868f3f065
CHARPACKET_6FD305CFE662EC513503CF660FF879F7,ENG_ACL_OS_PLATFORM_POLICY_IR_670A2DD7_V1,ENGINE,ACL_OS_PLATFORM,EXCLUDED_PROTECTED_PLATFORM,0,100,True,False,False,sha256:b730f855b1b43b33f6d0a8e273d7029aec1701cd0b391a8ded9b18627f5cecc5
CHARPACKET_1F7D8A0F1A567B5056640B030357CDF7,ENG_ACL_OS_PLATFORM_PORTS_43D506C4_V1,ENGINE,ACL_OS_PLATFORM,EXCLUDED_PROTECTED_PLATFORM,0,100,True,False,False,sha256:abb4cf5eca7575d487d9828294b2513e2c52e1cf34b7f04e72c285fc7c675cd1
CHARPACKET_6AAF706A3B9E652ADD1CDD3A97E7D292,ENG_ACL_OS_PLATFORM_PREREQUISITES_7B624D3D_V1,ENGINE,ACL_OS_PLATFORM,EXCLUDED_PROTECTED_PLATFORM,0,100,True,False,False,sha256:58f83668783f86bf7ba789a88620d697f1e1d7a0d2315b3b10c8d0074fa497bc
CHARPACKET_D5A33FAF808FF96A8CE47E1A758D3ECE,ENG_ACL_OS_PLATFORM_PREREQUISITE_EVALUATOR_99EB66CA_V1,ENGINE,ACL_OS_PLATFORM,EXCLUDED_PROTECTED_PLATFORM,0,100,True,False,False,sha256:c769353af7abff785304c9cd662e7fe91c73c46c90b4a94ff07f9856688cbd67
CHARPACKET_2ACEF25D984258E1F207F834CFC940AD,ENG_ACL_OS_PLATFORM_PROJECTION_0213346E_V1,ENGINE,ACL_OS_PLATFORM,EXCLUDED_PROTECTED_PLATFORM,35,100,True,False,False,sha256:4376db2187cf1f299724cab8f8e8b083ccf459304b9edda541fa841b53771189
CHARPACKET_519E9E8D49CD4DCA97328BAA1882A307,ENG_ACL_OS_PLATFORM_PROJECTION_1441EE2E_V1,ENGINE,ACL_OS_PLATFORM,EXCLUDED_PROTECTED_PLATFORM,0,100,True,False,False,sha256:8c110b002bccef9a10ece75ff327e69af209a17936f18ad8bd687fa423f94b15
CHARPACKET_F72DD27D76C935C445D3C9518212928A,ENG_ACL_OS_PLATFORM_PROJECTION_2306DC20_V1,ENGINE,ACL_OS_PLATFORM,EXCLUDED_PROTECTED_PLATFORM,0,100,True,False,False,sha256:30d80ec005ec52a8c44851e18d09c9c2755854bfecfedc4c933fbb075873a7cd
CHARPACKET_5A82CF3CCC09360C2287F143FE17F053,ENG_ACL_OS_PLATFORM_PROJECTION_BBB22B3C_V1,ENGINE,ACL_OS_PLATFORM,EXCLUDED_PROTECTED_PLATFORM,35,100,True,False,False,sha256:204e718bd37cbed525cced6ac68af05577c14415dc920a454acec4cd2f0c9682
CHARPACKET_49DF7605DA36F2EAE60E2C0EF76F5A4F,ENG_ACL_OS_PLATFORM_PROJECTION_DC73EDFE_V1,ENGINE,ACL_OS_PLATFORM,EXCLUDED_PROTECTED_PLATFORM,35,100,True,False,False,sha256:62756270114d40f3888b74e9b3e3283648fc9298d0eeaf549f3c6437a6aae24d
CHARPACKET_668369A0D745F9C39C24B2C96141FC42,ENG_ACL_OS_PLATFORM_PROMOTION_POLICY_CBD3652B_V1,ENGINE,ACL_OS_PLATFORM,EXCLUDED_PROTECTED_PLATFORM,0,100,True,False,False,sha256:080515f24ce381257aa8ced7278ec70ec124bdc86675d6abd4c23f0850c87b15
CHARPACKET_22CAAF209BE913D407BED3E51DA63743,ENG_ACL_OS_PLATFORM_PROVENANCE_1B3C9E2C_V1,ENGINE,ACL_OS_PLATFORM,EXCLUDED_PROTECTED_PLATFORM,0,100,True,False,False,sha256:b11349ab2c8da44edeef9f4861724fd494fcc6eb8c88c4c474677025cd2d658b
CHARPACKET_9C0A08042F427DEBFC84D1B569B5C734,ENG_ACL_OS_PLATFORM_PROVENANCE_346C9CD9_V1,ENGINE,ACL_OS_PLATFORM,EXCLUDED_PROTECTED_PLATFORM,0,100,True,False,False,sha256:fd0fe2a7baaeab319701b0fc0425f534e3deed13b5e719d49b305f33b34de3c8
CHARPACKET_F750B4E21F3B417F639884633BDB73A0,ENG_ACL_OS_PLATFORM_PROVENANCE_3D67670C_V1,ENGINE,ACL_OS_PLATFORM,EXCLUDED_PROTECTED_PLATFORM,0,100,True,False,False,sha256:8b078ac016afe7a485767ae1feb1363bd7ec5bfe293a6a61c9b9921b609f3da6
CHARPACKET_8798D7BDE0AF94070DF28EFF566831BF,ENG_ACL_OS_PLATFORM_PROVENANCE_49917E77_V1,ENGINE,ACL_OS_PLATFORM,EXCLUDED_PROTECTED_PLATFORM,0,100,True,False,False,sha256:906f76e4da25463aad56b22b598fb07b045747399953dc0c2627347b47073edc
CHARPACKET_2131FC9A3F80F3E219D168431E836482,ENG_ACL_OS_PLATFORM_PROVENANCE_7AA15DF2_V1,ENGINE,ACL_OS_PLATFORM,EXCLUDED_PROTECTED_PLATFORM,0,100,True,False,False,sha256:f12a721797d4a083f81d69bab3dbb09847ff2d204038943d91bc427adde80834
CHARPACKET_CF356C409C6494B2DD1D4630B0D1921A,ENG_ACL_OS_PLATFORM_PROVENANCE_96BED1C3_V1,ENGINE,ACL_OS_PLATFORM,EXCLUDED_PROTECTED_PLATFORM,0,100,True,False,False,sha256:0135608b582c28b8760755f59e8ca5fd972676f2b12af2ac85ab63021cf31361
CHARPACKET_81DA59979026396A57DAE1CD3910362F,ENG_ACL_OS_PLATFORM_PROVENANCE_97829DDC_V1,ENGINE,ACL_OS_PLATFORM,EXCLUDED_PROTECTED_PLATFORM,0,100,True,False,False,sha256:967b20486ec00f0b36b278bb6d3f8ff27fb90f8d0f6fddcdf7f2715b65da516a
CHARPACKET_982648070A8A09D9A25CDA25FA07A7AE,ENG_ACL_OS_PLATFORM_PROVENANCE_A3353F49_V1,ENGINE,ACL_OS_PLATFORM,EXCLUDED_PROTECTED_PLATFORM,0,100,True,False,False,sha256:051b818d44d3edbf51624e428b122d11a140560c9c1cc492ca4ba5286897f80f
CHARPACKET_D862A44F737720D91B275C6F0492FB35,ENG_ACL_OS_PLATFORM_PROVENANCE_C2565019_V1,ENGINE,ACL_OS_PLATFORM,EXCLUDED_PROTECTED_PLATFORM,0,100,True,False,False,sha256:fdbc5388351f3c48d53ead1692c871256cdbcffebbdecc8e934cf37a3c720647
CHARPACKET_BDADB5195F4E4FB856DAB6337886F659,ENG_ACL_OS_PLATFORM_PROVENANCE_E99A777A_V1,ENGINE,ACL_OS_PLATFORM,EXCLUDED_PROTECTED_PLATFORM,0,100,True,False,False,sha256:384140fc43e55225580966355d6810daa60fd1a3bbed16560998783ca5ba60f2
CHARPACKET_FD2DEDC9A08B25F4D7CEEB6772D3F47C,ENG_ACL_OS_PLATFORM_QA_1E6E56CB_V1,ENGINE,ACL_OS_PLATFORM,EXCLUDED_PROTECTED_PLATFORM,80,100,True,True,False,sha256:0735af9f6d47e24b5a6de947364d64e969e3223c550b9dd021a097039e394222
CHARPACKET_6A5C5B4F5D79660288E0A585BF907EBB,ENG_ACL_OS_PLATFORM_QA_20BADBE2_V1,ENGINE,ACL_OS_PLATFORM,EXCLUDED_PROTECTED_PLATFORM,80,100,True,True,False,sha256:a5ccdf4b6a74aeed92cd442c2e7065fddf67659c4e266b009b02aa221fb11fd6
CHARPACKET_24AB7B80ABB537972E56C44575F0097E,ENG_ACL_OS_PLATFORM_QA_2AA0A1A8_V1,ENGINE,ACL_OS_PLATFORM,EXCLUDED_PROTECTED_PLATFORM,80,100,True,True,False,sha256:968f675aee15c1add231321416590157cc092873bd65cb44c6c621c2f99e4599
CHARPACKET_98E69FF11A9D32E89802FD7A89706276,ENG_ACL_OS_PLATFORM_QA_4447F82F_V1,ENGINE,ACL_OS_PLATFORM,EXCLUDED_PROTECTED_PLATFORM,80,100,True,True,False,sha256:6fd8babed78cba39ab96cc0afe92b789fb79982c74141694dc87cd7fae1ad404
CHARPACKET_557EE8B16B321296BD86776C1AED80EC,ENG_ACL_OS_PLATFORM_QA_AC876575_V1,ENGINE,ACL_OS_PLATFORM,EXCLUDED_PROTECTED_PLATFORM,80,100,True,True,False,sha256:aaedc01e9eafa9deb21aa855bedf0ba433c320d8b1ba4df4251b94060c8fbb3f
CHARPACKET_D31F3AD4BB1E5286C31B2F2C1E6786EA,ENG_ACL_OS_PLATFORM_QA_C15571CD_V1,ENGINE,ACL_OS_PLATFORM,EXCLUDED_PROTECTED_PLATFORM,80,100,True,True,False,sha256:7da20bc77b5f40826689a50432d1430d558b584d2d613cd2eab93be6845a842e
CHARPACKET_6FAD9EDBED6061D794A853CF4A6E0738,ENG_ACL_OS_PLATFORM_QA_DAA124B9_V1,ENGINE,ACL_OS_PLATFORM,EXCLUDED_PROTECTED_PLATFORM,80,100,True,True,False,sha256:7657d51c060359b11e85086ac784b624650b6ccc634a936d6c7cf6fc073af796
CHARPACKET_68955E652FB59D37B5CE5B18B9D04AEF,ENG_ACL_OS_PLATFORM_QA_E477B0D3_V1,ENGINE,ACL_OS_PLATFORM,EXCLUDED_PROTECTED_PLATFORM,80,100,True,True,False,sha256:4a1c9a2d19b8eff722faffc824a068e1672897aab3195367a9aa2a2e9c82b5e2
CHARPACKET_4755E7397E9DC2FDA330720F202A4EC2,ENG_ACL_OS_PLATFORM_QA_E5791B7C_V1,ENGINE,ACL_OS_PLATFORM,EXCLUDED_PROTECTED_PLATFORM,80,100,True,True,False,sha256:8e59b532114adbf79a2d1f74ca41a05a4bfccad30f71f92efccaa327e7f49b92
CHARPACKET_7C5AA8727EC23389EB74A27B0F58C63E,ENG_ACL_OS_PLATFORM_QUESTIONNAIRE_AEFFC9B8_V1,ENGINE,ACL_OS_PLATFORM,EXCLUDED_PROTECTED_PLATFORM,0,100,True,False,False,sha256:1e3c19eee895b35e732cf25f4ecbdf55db784ebd553cf46162600293f16da87e
CHARPACKET_A9A3C8758890579A5C2D7609B2F17BE5,ENG_ACL_OS_PLATFORM_QUESTION_REGISTRY_B29E006A_V1,ENGINE,ACL_OS_PLATFORM,EXCLUDED_PROTECTED_PLATFORM,0,100,True,False,False,sha256:cd483fb9660f4a4eab24337bbb249f6289a5c0f1b484c8dc9d2290b4e927ce70
CHARPACKET_CD9911C5FB1DD371F70909AFB223CE62,ENG_ACL_OS_PLATFORM_READINESS_2A2D9F6C_V1,ENGINE,ACL_OS_PLATFORM,EXCLUDED_PROTECTED_PLATFORM,0,100,True,False,False,sha256:cb4b17240006f091b1b170f10188b9c619294428e4b6bcba4333b6cb8abc2862
CHARPACKET_0616199DBDA36C6D771CD305F300D1B3,ENG_ACL_OS_PLATFORM_READINESS_720CA591_V1,ENGINE,ACL_OS_PLATFORM,EXCLUDED_PROTECTED_PLATFORM,0,100,True,False,False,sha256:9c111dc6080b270fb977b7af713d531d6944e2320ddf3baa8efad05015969851
CHARPACKET_D15C75E91C745137A41BB4831011B155,ENG_ACL_OS_PLATFORM_READINESS_E83DA74D_V1,ENGINE,ACL_OS_PLATFORM,EXCLUDED_PROTECTED_PLATFORM,0,100,True,False,False,sha256:5e7a7080c2a9a5884b6212fc3e45fe6952d74872ed41fb363bf4dd8d7f74573c
CHARPACKET_BCE87B962212429E5F8C0A505D746970,ENG_ACL_OS_PLATFORM_REASON_CODES_8C85B80F_V1,ENGINE,ACL_OS_PLATFORM,EXCLUDED_PROTECTED_PLATFORM,0,100,True,False,False,sha256:e0852b0a3c92ed00096c892701e42ea63d2e70028afbbe9408b3c74e228a7076
CHARPACKET_7D98E3342967C9F184E14FD94EA430BC,ENG_ACL_OS_PLATFORM_REASON_CODES_CC5A0700_V1,ENGINE,ACL_OS_PLATFORM,EXCLUDED_PROTECTED_PLATFORM,0,100,True,False,False,sha256:3662dc2f8d2bc7e6c0b3eb8e992fc247ad30ff731d01011bb9d1376f7db814df
CHARPACKET_5DB9FE30A56DD22FFE9650CB95A42954,ENG_ACL_OS_PLATFORM_REDACTION_5C3A61FB_V1,ENGINE,ACL_OS_PLATFORM,EXCLUDED_PROTECTED_PLATFORM,0,100,True,False,False,sha256:f51e34dffa830f1390f0d58388ff4c76bb5ddd3b68b6192e62a532706abd4dda
CHARPACKET_C225BE44BBE13E6ABFE4729124F0DBEF,ENG_ACL_OS_PLATFORM_REGISTRIES_203F5BD5_V1,ENGINE,ACL_OS_PLATFORM,EXCLUDED_PROTECTED_PLATFORM,0,100,True,False,False,sha256:1ac94633a5c1d298ce26276399ad4bff7ed80b6ae1b12d5d7449919e8c3ec1af
CHARPACKET_742996B83806986CDAC341938B065FCF,ENG_ACL_OS_PLATFORM_REGISTRIES_5442AE99_V1,ENGINE,ACL_OS_PLATFORM,EXCLUDED_PROTECTED_PLATFORM,0,100,True,False,False,sha256:4ab4536e2caaf5ca920a80eee00b46e6869e2537c3c06d8969d1954ac37d2c48
CHARPACKET_2DD9E3B75A56E9CD51C4BE53DE2CB442,ENG_ACL_OS_PLATFORM_REGISTRY_1F837D6B_V1,ENGINE,ACL_OS_PLATFORM,EXCLUDED_PROTECTED_PLATFORM,15,100,True,False,False,sha256:5556f737efeccc85d98ae13bc021ea195554acae5bd2ccc1f58b73d84297b841
CHARPACKET_CE50B5A0B03BB0057FF06F4FD93E2417,ENG_ACL_OS_PLATFORM_REGISTRY_AA5FA2FB_V1,ENGINE,ACL_OS_PLATFORM,EXCLUDED_PROTECTED_PLATFORM,0,100,True,False,False,sha256:87173fe8c9c34969df0d76328db01f0beae8f63e4cb57b00f02eb0c47072d2e5
CHARPACKET_C82D0C34A4C65634E29DD6A918B694B2,ENG_ACL_OS_PLATFORM_REPLAY_0B715375_V1,ENGINE,ACL_OS_PLATFORM,EXCLUDED_PROTECTED_PLATFORM,0,100,True,False,False,sha256:fec8ae91620ee30fcf9eb3989b24b78d0694f3976a013e40cfd2a58b520b26c7
CHARPACKET_5BD5CA8EB818D24E935DB046041705DA,ENG_ACL_OS_PLATFORM_REPLAY_621613C1_V1,ENGINE,ACL_OS_PLATFORM,EXCLUDED_PROTECTED_PLATFORM,0,100,True,False,False,sha256:637dd4beb083f553cff5f1a15fda9d13c69e98d63fba10c231c610ad8fe429f2
CHARPACKET_A0400ECBC1C9E8104D7714B91A2540E7,ENG_ACL_OS_PLATFORM_REPLAY_VALIDATOR_7F568C0A_V1,ENGINE,ACL_OS_PLATFORM,EXCLUDED_PROTECTED_PLATFORM,35,100,True,False,False,sha256:90e793fabfdddaa3ea25578d398e6a7db15d91ad7d3338652c87029be16f1f53
CHARPACKET_38867504B655267CCA3A5BE4C5973ACA,ENG_ACL_OS_PLATFORM_REPLAY_VALIDATOR_84559D0E_V1,ENGINE,ACL_OS_PLATFORM,EXCLUDED_PROTECTED_PLATFORM,0,100,True,False,False,sha256:ace7ffecc6b77aff82aace43681ac734f42d14a703f076e79b16c6d065b2ea96
CHARPACKET_F645DFF09277759C479D7201DDD2F105,ENG_ACL_OS_PLATFORM_REPLAY_VALIDATOR_D0D0A09C_V1,ENGINE,ACL_OS_PLATFORM,EXCLUDED_PROTECTED_PLATFORM,0,100,True,False,False,sha256:6752fbaf67e300c6674356142aeca00d6d6d46ac3e663b80c80acb8dc1c3d02f
CHARPACKET_2C20543586A7F3900311643107DFCE4D,ENG_ACL_OS_PLATFORM_REPLAY_VALIDATOR_F2C1D25A_V1,ENGINE,ACL_OS_PLATFORM,EXCLUDED_PROTECTED_PLATFORM,0,100,True,False,False,sha256:161f2e516a675a4bc78a65d6419536359e3f4e855aeae4abbe9ecba8351ef81a
CHARPACKET_57089F36C1A1838B0CB4B153A0FDC2BC,ENG_ACL_OS_PLATFORM_REPORT_07150882_V1,ENGINE,ACL_OS_PLATFORM,EXCLUDED_PROTECTED_PLATFORM,0,100,True,False,False,sha256:67b724b59b941185bd65427a20c486da88520988a7cff99eabf95c522faaf2a0
CHARPACKET_67E55010120FAEC45866D8207BE17556,ENG_ACL_OS_PLATFORM_REPORT_0A976706_V1,ENGINE,ACL_OS_PLATFORM,EXCLUDED_PROTECTED_PLATFORM,0,100,True,False,False,sha256:5e956d8f05c91d23211655855df014a7e9a9a4c463eec69b7bb04624dcecc24e
CHARPACKET_B1A3EFC08E2B6ABD613CAACC139B58E2,ENG_ACL_OS_PLATFORM_REPORT_17C0966F_V1,ENGINE,ACL_OS_PLATFORM,EXCLUDED_PROTECTED_PLATFORM,0,100,True,False,False,sha256:da9c30ff5a851fba447b78d505bf4e91e2b5b24db5882ebb231f069678e4204b
CHARPACKET_12F10C6EAF285F80F433108FF2334D3D,ENG_ACL_OS_PLATFORM_REPORT_BUILDER_03A8BBAC_V1,ENGINE,ACL_OS_PLATFORM,EXCLUDED_PROTECTED_PLATFORM,0,100,True,False,False,sha256:1efa399ae10b9c9474ec445ab6bae19b98e7d6524af27bb64289987cbd53bde8
CHARPACKET_D9E297C85C5B87974B5CE1473CBBCA4B,ENG_ACL_OS_PLATFORM_REPORT_POLICY_4DB370D9_V1,ENGINE,ACL_OS_PLATFORM,EXCLUDED_PROTECTED_PLATFORM,0,100,True,False,False,sha256:1827e94ac315c22efcabe5c819bb51024c58fa746c0240e72b674432932b47ea
CHARPACKET_6731A143EF2FB8C1950BC5986B08B7AE,ENG_ACL_OS_PLATFORM_REPORT_REGISTRY_04B65C64_V1,ENGINE,ACL_OS_PLATFORM,EXCLUDED_PROTECTED_PLATFORM,0,100,True,False,False,sha256:372297df89eae4bbedf3804728fa316c5136e6965670f5012aae8859c891b62d
CHARPACKET_CF5F2DF55CA8E51D9142ACFA0BE578EC,ENG_ACL_OS_PLATFORM_REQUEST_269C9301_V1,ENGINE,ACL_OS_PLATFORM,EXCLUDED_PROTECTED_PLATFORM,0,100,True,False,False,sha256:25acd140b845c95596f69acc9af9d1b110cb249117afac8ac73f3e8be141b28d
CHARPACKET_757737EE3F61CA189C6548E18141A66A,ENG_ACL_OS_PLATFORM_RESPONSE_F57BF3DF_V1,ENGINE,ACL_OS_PLATFORM,EXCLUDED_PROTECTED_PLATFORM,0,100,True,False,False,sha256:b82a451efa241b9411599c0c7ead370ccb65362519774ecf821a12a4c0035afc
CHARPACKET_E6FE86F7F7B7DA07FF333315AE6117B3,ENG_ACL_OS_PLATFORM_RISK_090492DB_V1,ENGINE,ACL_OS_PLATFORM,EXCLUDED_PROTECTED_PLATFORM,0,100,True,False,False,sha256:49e3c3c4db29792adf5755a6a1c7a1eab942c46db481898186527bb9841d83b6
CHARPACKET_DFEE7DD6303252D593F52EF8180CE9BD,ENG_ACL_OS_PLATFORM_RUNTIME_MANIFEST_F1C7DF48_V1,ENGINE,ACL_OS_PLATFORM,EXCLUDED_PROTECTED_PLATFORM,0,100,True,False,False,sha256:001c73d27f9e4acc56c8d779f4d5a58c3fb21e1866c9facb24a478b361d5534d
CHARPACKET_38F5C1FF5A20D000B43A249E63ACFC63,ENG_ACL_OS_PLATFORM_RUN_ACL_00_FULL_QA_94DC3E01_V1,ENGINE,ACL_OS_PLATFORM,EXCLUDED_PROTECTED_PLATFORM,80,100,True,True,False,sha256:6c165c1843e007ee671ec0cbcadcc451b5dc72c36f8ccfc736b8954ea380f8c3
CHARPACKET_CD991881F194058E7A8976E6BB753ACD,ENG_ACL_OS_PLATFORM_RUN_ACL_01_FULL_QA_C8B64461_V1,ENGINE,ACL_OS_PLATFORM,EXCLUDED_PROTECTED_PLATFORM,80,100,True,True,False,sha256:2e73d3c17839396b231d580bb8b57dc852ac52b828dd530bed2962dafd6c46ab
CHARPACKET_8B4B91B6410A56E56584F3FD550C91CA,ENG_ACL_OS_PLATFORM_RUN_ACL_02_FULL_QA_21AD5653_V1,ENGINE,ACL_OS_PLATFORM,EXCLUDED_PROTECTED_PLATFORM,80,100,True,True,False,sha256:851b3c60f5bb5146d235fd81c89f9584b7ee05bbb7778370236d17d6ed73e477
CHARPACKET_5B1E5CD082316D437EC921738CAD2219,ENG_ACL_OS_PLATFORM_RUN_ACL_03_FULL_QA_6E677A5B_V1,ENGINE,ACL_OS_PLATFORM,EXCLUDED_PROTECTED_PLATFORM,80,100,True,True,False,sha256:3a3fd1b6f57e142472a66f28abea5346e57673520b77bd1187a579fea97e79c2
CHARPACKET_F4BED6CBEC396F5B53EA6237302826AE,ENG_ACL_OS_PLATFORM_RUN_ACL_04_FULL_QA_E21A5DB9_V1,ENGINE,ACL_OS_PLATFORM,EXCLUDED_PROTECTED_PLATFORM,80,100,True,True,False,sha256:9e38c4cef831f7507b0e705dfbf70f7ea2edefe2c37814fb1a960816987af551
CHARPACKET_C89ACB5E4B8A91DAF91815338E382C13,ENG_ACL_OS_PLATFORM_RUN_ACL_05_FULL_QA_E6C38EDE_V1,ENGINE,ACL_OS_PLATFORM,EXCLUDED_PROTECTED_PLATFORM,100,100,True,True,False,sha256:9c0d2456a6a4c463b76aa931855fa5ad774e7b58f541c208bdcec513edf4c3e5
CHARPACKET_479BE0F22263D6A945158AE99F0CCC83,ENG_ACL_OS_PLATFORM_RUN_ACL_06_FULL_QA_6BEBFEFF_V1,ENGINE,ACL_OS_PLATFORM,EXCLUDED_PROTECTED_PLATFORM,80,100,True,True,False,sha256:b9a970453c27fdbb69a797082956a4962f04a049f4ee40df2cb14833d71bffda
CHARPACKET_095E5B718B16DE23821B01E4731F8CD7,ENG_ACL_OS_PLATFORM_RUN_ACL_OS_ARCHITECTURE_QA_D3E0D53D_V1,ENGINE,ACL_OS_PLATFORM,EXCLUDED_PROTECTED_PLATFORM,80,100,True,True,False,sha256:255963ebe7af5ddd5a0918f06eb292d584855d42a5982df46ee88bfbfe192633
CHARPACKET_4B379D80F5735D3199DFE7C655938761,ENG_ACL_OS_PLATFORM_SCAFFOLD_AE3B118E_V1,ENGINE,ACL_OS_PLATFORM,EXCLUDED_PROTECTED_PLATFORM,35,100,True,True,False,sha256:54eddfd1bf11501c89d41f72dbf21652088ce22f763baed798d5b415abea74e1
CHARPACKET_E2E56273963964D55D2D35C052F67125,ENG_ACL_OS_PLATFORM_SCAFFOLD_CONTEXT_A5ED24E4_V1,ENGINE,ACL_OS_PLATFORM,EXCLUDED_PROTECTED_PLATFORM,35,100,True,True,False,sha256:7e7bff4f9d72a6529f0b5541c0637f3c34d826a675b46686b2a3b1458ed449ea
CHARPACKET_B8BD13E692532A5B8792D66CB22590F2,ENG_ACL_OS_PLATFORM_SCANNERS_4E4A4104_V1,ENGINE,ACL_OS_PLATFORM,EXCLUDED_PROTECTED_PLATFORM,100,100,True,True,False,sha256:aa5e137efa8b809f9fa5fcafd21689793b43090a1b9b0bebd95310b0b997cb04
CHARPACKET_516E3C0A22626BBA72B90B9EFB54277C,ENG_ACL_OS_PLATFORM_SCANNER_AD025C8D_V1,ENGINE,ACL_OS_PLATFORM,EXCLUDED_PROTECTED_PLATFORM,35,100,True,False,False,sha256:054f6fd89fe7cfcf1c2ccf65101820be6b5ddfd5cef9962917cc133f2b8b10ab
CHARPACKET_8A2BFE8DD72C982AB751591CD4180554,ENG_ACL_OS_PLATFORM_SCHEMA_EMITTER_DC65061D_V1,ENGINE,ACL_OS_PLATFORM,EXCLUDED_PROTECTED_PLATFORM,0,100,True,False,False,sha256:b539eb2c8b8c06404552fc26a111b65bbe6a2946841238d2175000e455c7781a
CHARPACKET_5C6035321ACF13C61C9864150316F91F,ENG_ACL_OS_PLATFORM_SCHEMA_VALIDATION_047C98AF_V1,ENGINE,ACL_OS_PLATFORM,EXCLUDED_PROTECTED_PLATFORM,35,100,True,False,False,sha256:f5789e9c35b1b044d71d771136158100de796b6d8ac67bcf73fd55384f2f2383
CHARPACKET_30CA4BD3CB36B8D357E6AC10AB612C90,ENG_ACL_OS_PLATFORM_SCHEMA_VALIDATION_127F3CFE_V1,ENGINE,ACL_OS_PLATFORM,EXCLUDED_PROTECTED_PLATFORM,35,100,True,False,False,sha256:b93b4d209ae15ca90dc99b147bfb20c9ab517b9dabeee03e6afa00e753192ee5
CHARPACKET_04AAAC6CD7A39C185767A4EE86C1E0EC,ENG_ACL_OS_PLATFORM_SCHEMA_VALIDATION_1AE7EDD7_V1,ENGINE,ACL_OS_PLATFORM,EXCLUDED_PROTECTED_PLATFORM,35,100,True,False,False,sha256:7163487709294213579b241d6de90d87d84cc00b2dd5df73f9958fb11020bb7d
CHARPACKET_672FBFB527780CDDEBBAF3C631DA7142,ENG_ACL_OS_PLATFORM_SCHEMA_VALIDATION_35FE259A_V1,ENGINE,ACL_OS_PLATFORM,EXCLUDED_PROTECTED_PLATFORM,0,100,True,False,False,sha256:e1f4289595c5912390217ab877b575c64fd0cde6e01aaea1c95466164b0508b8
CHARPACKET_BD3C64331CF2DAB6CBC51F3D5A246A58,ENG_ACL_OS_PLATFORM_SCHEMA_VALIDATION_3E1EE84E_V1,ENGINE,ACL_OS_PLATFORM,EXCLUDED_PROTECTED_PLATFORM,35,100,True,False,False,sha256:d27f3d4a49c2bb6c8ddd737fd2eafbbb041b71dfd2a33f5dd674a3dd875aa775
CHARPACKET_6A55A46972EA80626D937B89B6579F0D,ENG_ACL_OS_PLATFORM_SCHEMA_VALIDATION_6CDB22E2_V1,ENGINE,ACL_OS_PLATFORM,EXCLUDED_PROTECTED_PLATFORM,35,100,True,False,False,sha256:ab8af7f6cfb28bcf89ee0b5be5b95fb0f30659a7bea2a437275f10c697870cc5
CHARPACKET_68243470D179CAC27AC638B1B7DE44AA,ENG_ACL_OS_PLATFORM_SCHEMA_VALIDATION_76823B1E_V1,ENGINE,ACL_OS_PLATFORM,EXCLUDED_PROTECTED_PLATFORM,35,100,True,False,False,sha256:238ca5a11d477a57cecb532d0973203c3d66975d47ce1132778ed81e82efebad
CHARPACKET_A7E7D24C2E0EA4324148E75938675EA4,ENG_ACL_OS_PLATFORM_SCHEMA_VALIDATION_7E6DF055_V1,ENGINE,ACL_OS_PLATFORM,EXCLUDED_PROTECTED_PLATFORM,35,100,True,False,False,sha256:72cf811a463256325d29d7e137c9bf5443c0e79d3d58299ded26b72c41b5fb8c
CHARPACKET_D94362B5F415D6EF5BA17D3DC2544AC3,ENG_ACL_OS_PLATFORM_SCHEMA_VALIDATION_9BE7D454_V1,ENGINE,ACL_OS_PLATFORM,EXCLUDED_PROTECTED_PLATFORM,35,100,True,False,False,sha256:6268100fc648ed38f0335f86fbb89c10aa602af64c4e39dcc445bb140356ecc5
CHARPACKET_B5A5B3A27CB6D0277B215149886A9147,ENG_ACL_OS_PLATFORM_SCHEMA_VALIDATION_A3A74B3C_V1,ENGINE,ACL_OS_PLATFORM,EXCLUDED_PROTECTED_PLATFORM,35,100,True,False,False,sha256:ca1c22ec228ec6d9212536240798a6660ba969639e8187216a71d17bee30d1bc
CHARPACKET_EBB71F04AF216D5AFC537F92B264A6F6,ENG_ACL_OS_PLATFORM_SCHEMA_VALIDATION_AAB7E014_V1,ENGINE,ACL_OS_PLATFORM,EXCLUDED_PROTECTED_PLATFORM,35,100,True,False,False,sha256:603fc9d467af2e549e859bf24eaa2d30269af3b6c44d4d9711cbcec6cd896082
CHARPACKET_2678BD050A432345D298F3EDAD34C21B,ENG_ACL_OS_PLATFORM_SCHEMA_VALIDATION_B0DFC7DC_V1,ENGINE,ACL_OS_PLATFORM,EXCLUDED_PROTECTED_PLATFORM,35,100,True,False,False,sha256:df9bfdc3437eae0c25495a271bdb9da262e1e8432d86e6c2d2d5450cb9ae13b8
CHARPACKET_1593F4B547364C2A33DDDB074AB0B0C3,ENG_ACL_OS_PLATFORM_SCHEMA_VALIDATION_BDFA95A1_V1,ENGINE,ACL_OS_PLATFORM,EXCLUDED_PROTECTED_PLATFORM,35,100,True,False,False,sha256:1149241760e103ed07f186a5653513b4e6f9a20e3551894193b8474b70bb4da3
CHARPACKET_840618A88013D464E183E9EDB7796F8A,ENG_ACL_OS_PLATFORM_SEARCH_AUTHORITY_92A93D5C_V1,ENGINE,ACL_OS_PLATFORM,EXCLUDED_PROTECTED_PLATFORM,0,100,True,False,False,sha256:fff809f7509a3a4f120f6a1b524a83fcd1f4ee307ee43749dd3bf8dea911d269
CHARPACKET_7181552A85595CAC960B29B670671B6E,ENG_ACL_OS_PLATFORM_SECURITY_0548240B_V1,ENGINE,ACL_OS_PLATFORM,EXCLUDED_PROTECTED_PLATFORM,0,100,True,False,False,sha256:4e57e65a5f26ac857b2eda68b40829461b4e880d87f2c069321e8844e709ab30
CHARPACKET_B981313014417F3ABDD737EA758251A9,ENG_ACL_OS_PLATFORM_SECURITY_1AEA3CB1_V1,ENGINE,ACL_OS_PLATFORM,EXCLUDED_PROTECTED_PLATFORM,100,100,True,True,False,sha256:429932c3130a093e2a1fd57f7720c9d1a955741f951c9b7ede730e7b5f3bcc0a
CHARPACKET_22424C6343807807D2B55A4FA8A44D4E,ENG_ACL_OS_PLATFORM_SECURITY_59745148_V1,ENGINE,ACL_OS_PLATFORM,EXCLUDED_PROTECTED_PLATFORM,0,100,True,False,False,sha256:a9db57f553ee7d6a0d28bd69535cf9272e68829e1ec2067d14787749ba6abc26
CHARPACKET_8ACC48529132025DFABDD5273EDE4DDE,ENG_ACL_OS_PLATFORM_SECURITY_822746EE_V1,ENGINE,ACL_OS_PLATFORM,EXCLUDED_PROTECTED_PLATFORM,100,100,True,False,False,sha256:9eeca092ab25576b2d4a42e8779691d28bdb6bde919c7edf6321228cca30dc6c
CHARPACKET_5E8CB7366E9B693A8F2A6BDB7C44F442,ENG_ACL_OS_PLATFORM_SECURITY_A243864A_V1,ENGINE,ACL_OS_PLATFORM,EXCLUDED_PROTECTED_PLATFORM,100,100,True,False,False,sha256:f95f9535fa47cbd2ae617574957f74f8463915fa1b0d490c632c1abbe9f473df
CHARPACKET_94D58F16402BC7DE1D6AC42DDC110BF6,ENG_ACL_OS_PLATFORM_SECURITY_AB6302E1_V1,ENGINE,ACL_OS_PLATFORM,EXCLUDED_PROTECTED_PLATFORM,0,100,True,False,False,sha256:610ca819a58731805d08adb7cdcf3d3e643f99ea1e2252112efe171eb700ef31
CHARPACKET_F94CFBB1E5870C616DA41E9AF5D1EA54,ENG_ACL_OS_PLATFORM_SECURITY_C2BD9C3F_V1,ENGINE,ACL_OS_PLATFORM,EXCLUDED_PROTECTED_PLATFORM,0,100,True,False,False,sha256:5a81cdeba66e414f5123c1c392a92705eb6308a9ba7f6682462104f1a0108996
CHARPACKET_BA7BAD213878313160743B14483B8CC3,ENG_ACL_OS_PLATFORM_SECURITY_CCA9AFE5_V1,ENGINE,ACL_OS_PLATFORM,EXCLUDED_PROTECTED_PLATFORM,0,100,True,False,False,sha256:6c51efd2a0dd9c1d63e7bb96d310200f790cf87672c0621e3f0b6710aebb44fd
CHARPACKET_8549B74BA10B07F45AA1F24C391B98F3,ENG_ACL_OS_PLATFORM_SECURITY_DA14625E_V1,ENGINE,ACL_OS_PLATFORM,EXCLUDED_PROTECTED_PLATFORM,0,100,True,False,False,sha256:cdaa5a6f510aaaa1ae23110c6364e11e23f420210124dfe5ac859415ef7fa6fb
CHARPACKET_B12F6EDF0F6C08848B86256EEDEB22D1,ENG_ACL_OS_PLATFORM_SECURITY_F77730BC_V1,ENGINE,ACL_OS_PLATFORM,EXCLUDED_PROTECTED_PLATFORM,0,100,True,False,False,sha256:1979f872e53a12827f2e7b709376343b26510d8994832f5b1bbf2543c6beb9b5
CHARPACKET_4BF00E39F5D1E52BF77EB3AF9E62B977,ENG_ACL_OS_PLATFORM_SECURITY_F80DD54D_V1,ENGINE,ACL_OS_PLATFORM,EXCLUDED_PROTECTED_PLATFORM,0,100,True,False,False,sha256:bc233cf9d1d27b9e51f82a46cba75ae015c3726a0fc8664af02f200510e90775
CHARPACKET_14BABBC24FC2EC489A3095E2AA2EBECC,ENG_ACL_OS_PLATFORM_SEMANTICS_1371CCF6_V1,ENGINE,ACL_OS_PLATFORM,EXCLUDED_PROTECTED_PLATFORM,0,100,True,False,False,sha256:3e2097d2cc82409b85b87ec0a874fe84740ef18009019d0eb630c56ecb3f255e
CHARPACKET_AA9FEB66DE31DFD56ADD81BACE1E7C33,ENG_ACL_OS_PLATFORM_SEMVER_12450354_V1,ENGINE,ACL_OS_PLATFORM,EXCLUDED_PROTECTED_PLATFORM,0,100,True,True,False,sha256:29e2cc8a3d55d1ce7f05ebfda7389c3272365509d58b26bb71940417a8ddb929
CHARPACKET_4D3A501EC53D7377AF832E9C531C3EE3,ENG_ACL_OS_PLATFORM_SERVICE_02FE88C5_V1,ENGINE,ACL_OS_PLATFORM,EXCLUDED_PROTECTED_PLATFORM,55,100,True,False,False,sha256:1dac76e93ce492d254d57a6e487e7df9220f26461abf63e535fb076dce455ffe
CHARPACKET_4F7358EF3D7E1CF0B4A5079161300E38,ENG_ACL_OS_PLATFORM_SERVICE_03268F78_V1,ENGINE,ACL_OS_PLATFORM,EXCLUDED_PROTECTED_PLATFORM,35,100,True,False,False,sha256:64c89d01c565d38c467307a1d1d5f0d3897e0500908c7bca0616d9ac0d809c03
CHARPACKET_75F5553FF292B94FD903E4AF04399A84,ENG_ACL_OS_PLATFORM_SERVICE_125DB7C2_V1,ENGINE,ACL_OS_PLATFORM,EXCLUDED_PROTECTED_PLATFORM,0,100,True,False,False,sha256:cb4398a5abd37dfba077e7c7d1e8d7d9cf43b98276afc277e9b183bb0c3d8b5f
CHARPACKET_5E2DFFAE249F99CC5801D271F0651F6B,ENG_ACL_OS_PLATFORM_SERVICE_40CBD037_V1,ENGINE,ACL_OS_PLATFORM,EXCLUDED_PROTECTED_PLATFORM,65,100,True,False,False,sha256:43859531cf47740d65fc1eca02e145b5133775d1c6024f24926a1af7205918ad
CHARPACKET_47662377DD929E5794592D7D3F51242B,ENG_ACL_OS_PLATFORM_SERVICE_4C1B8539_V1,ENGINE,ACL_OS_PLATFORM,EXCLUDED_PROTECTED_PLATFORM,35,100,True,False,False,sha256:13bd0d506f6dd4c23187bf8c110a5ff8e7521a24bb263090f2d4e671c67d37fa
CHARPACKET_5E9DA5F504E60EEC7F7B631D0D62F108,ENG_ACL_OS_PLATFORM_SERVICE_520775C1_V1,ENGINE,ACL_OS_PLATFORM,EXCLUDED_PROTECTED_PLATFORM,35,100,True,False,False,sha256:f41d8a226508305bd04bbbc2bbae3b7178694b9435194a74a210367d2280d815
CHARPACKET_70D9977030F90EDC4707AF1C46ACF614,ENG_ACL_OS_PLATFORM_SERVICE_6252D1F1_V1,ENGINE,ACL_OS_PLATFORM,EXCLUDED_PROTECTED_PLATFORM,35,100,True,False,False,sha256:0dc2a6cbbe4a8cd12fec488856920fbc7caeaec4b7f61a531746cb41028adb2b
CHARPACKET_8531F941788C15C03A30C3559FCBFCDF,ENG_ACL_OS_PLATFORM_SERVICE_631B786C_V1,ENGINE,ACL_OS_PLATFORM,EXCLUDED_PROTECTED_PLATFORM,0,100,True,True,False,sha256:7f21a416c41691d1aeb7e8bedb88655f0607ca1ee2f1c7d568e6fc1f74b24874
CHARPACKET_650FADBFB509A086BE4E2EF358F7EAC5,ENG_ACL_OS_PLATFORM_SERVICE_646BD1A7_V1,ENGINE,ACL_OS_PLATFORM,EXCLUDED_PROTECTED_PLATFORM,35,100,True,False,False,sha256:4e395eb9f15baad7caf77c597305ea9d886039a47807becc8fc79180b133fc91
CHARPACKET_F39340579CD01B17766A0B1F5D0826DC,ENG_ACL_OS_PLATFORM_SERVICE_78AD4965_V1,ENGINE,ACL_OS_PLATFORM,EXCLUDED_PROTECTED_PLATFORM,35,100,True,False,False,sha256:931485e2f801bbe34c92b8da4205fa2d044f389984a3aef6c042c6b44f675393
CHARPACKET_9EC4FBCA88B1AAB1BA2E8F70E545F55D,ENG_ACL_OS_PLATFORM_SERVICE_87F89173_V1,ENGINE,ACL_OS_PLATFORM,EXCLUDED_PROTECTED_PLATFORM,15,100,True,False,False,sha256:b8a8122eb5dfbe7ccbf4f01ea674776f9da330ed7f6413a29092b43c3b8d0162
CHARPACKET_8B2E151EC820E21FF597AE86179171C1,ENG_ACL_OS_PLATFORM_SERVICE_8AE440D0_V1,ENGINE,ACL_OS_PLATFORM,EXCLUDED_PROTECTED_PLATFORM,0,100,True,False,False,sha256:fe210fce739a3d8e3b464752f9d5acb1545eb0ec3104025e637af2f6ab331138
CHARPACKET_3CA601F978D60C08A5F2B834DACEB25B,ENG_ACL_OS_PLATFORM_SERVICE_AA322288_V1,ENGINE,ACL_OS_PLATFORM,EXCLUDED_PROTECTED_PLATFORM,35,100,True,False,False,sha256:e491ae16c736f87cc0c685b30974d45965dd15ce500366a1d75c9b82c5bd6195
CHARPACKET_776BDDB12559C87454AE2DB554D6D9C6,ENG_ACL_OS_PLATFORM_SERVICE_C892B8FA_V1,ENGINE,ACL_OS_PLATFORM,EXCLUDED_PROTECTED_PLATFORM,35,100,True,False,False,sha256:43b0711e27966283db5ebe37f4204bc1b181e4cb7e342a1718ea88fc64199be9
CHARPACKET_6198DAE2E600EA71C3E5AA2BEDDA8FCC,ENG_ACL_OS_PLATFORM_SERVICE_D71660C2_V1,ENGINE,ACL_OS_PLATFORM,EXCLUDED_PROTECTED_PLATFORM,35,100,True,False,False,sha256:a0d43ea01d122a844c016a7c3b7cf189e370c7dedbd8038aaeb7280aaed7a98a
CHARPACKET_99FFB8AE4AC674D7BADC52072FE5E350,ENG_ACL_OS_PLATFORM_SERVICE_F4738D05_V1,ENGINE,ACL_OS_PLATFORM,EXCLUDED_PROTECTED_PLATFORM,0,100,True,False,False,sha256:baeba768c1dc88cad733febd2838d8ffed5a12a6253ade16cbe6a90ecf31c8ed
CHARPACKET_A6F7EAFE5B96C7CCF9CC6C135EB27476,ENG_ACL_OS_PLATFORM_SLICE_83BDD03B_V1,ENGINE,ACL_OS_PLATFORM,EXCLUDED_PROTECTED_PLATFORM,0,100,True,False,False,sha256:9255a3e76b4e9c30c10a5badb9dfdedc9f5db1dad04b574edb413908d12e76d2
CHARPACKET_69D36FBFA4B3B2842DB7E45F19AB9D9D,ENG_ACL_OS_PLATFORM_SOURCE_SNAPSHOT_D966753A_V1,ENGINE,ACL_OS_PLATFORM,EXCLUDED_PROTECTED_PLATFORM,0,100,True,False,False,sha256:6c59846f376f0ea1d697b78dbec5ebe062009c1324cb1ac630b266f4ded50bfa
CHARPACKET_D1589E06CA36CE3153274DF7FB79690C,ENG_ACL_OS_PLATFORM_STATE_REGISTRY_AECE485F_V1,ENGINE,ACL_OS_PLATFORM,EXCLUDED_PROTECTED_PLATFORM,0,100,True,False,False,sha256:8cc9afbc231066b673bdea4a09dba6425f4899342bc6a6f28b48c6ef2e87ff95
CHARPACKET_F03548ABFDAA4975B7C34C293D608DDD,ENG_ACL_OS_PLATFORM_STATIC_VALIDATION_253FDE58_V1,ENGINE,ACL_OS_PLATFORM,EXCLUDED_PROTECTED_PLATFORM,100,100,True,True,False,sha256:3ea0572416d620e513b506fe141555e081b5b0b97b25eb2102d6128e85b08202
CHARPACKET_872E31E3087A275A3BBF50011A1B82B3,ENG_ACL_OS_PLATFORM_STATIC_VALIDATION_4C63F2C4_V1,ENGINE,ACL_OS_PLATFORM,EXCLUDED_PROTECTED_PLATFORM,100,100,True,True,False,sha256:3091eb9ca75ef4a86b19e47111ff955ead2c069f9a440b330b191de2198270e1
CHARPACKET_E2AAB1616CCBA4FDE4EEC6DFA9C3031B,ENG_ACL_OS_PLATFORM_STATIC_VALIDATION_A3A5901A_V1,ENGINE,ACL_OS_PLATFORM,EXCLUDED_PROTECTED_PLATFORM,100,100,True,False,False,sha256:9523d6e558a634549982233dfcd41e3b42c63d256790cfc11828fba5805fff24
CHARPACKET_66B0DD0B91F00C7EDDFA7B8EC8C1E68C,ENG_ACL_OS_PLATFORM_STATIC_VALIDATION_BE9B1968_V1,ENGINE,ACL_OS_PLATFORM,EXCLUDED_PROTECTED_PLATFORM,100,100,True,False,False,sha256:fd167575ed3df7282c63633fef29daba02748ea8dcd1d71cc3447cfc4e143aa8
CHARPACKET_1EA4A305426C1B936966F095C668420A,ENG_ACL_OS_PLATFORM_STATIC_VALIDATION_D602B807_V1,ENGINE,ACL_OS_PLATFORM,EXCLUDED_PROTECTED_PLATFORM,100,100,True,False,False,sha256:591dfbf31d644ee78ab03918e77e21ec16ec6ad5ff5e93b39ff2547c5c91e6f2
CHARPACKET_A911E2AF998DC336FAF3DA2C52F2A415,ENG_ACL_OS_PLATFORM_STATIC_VALIDATOR_C77A0BA5_V1,ENGINE,ACL_OS_PLATFORM,EXCLUDED_PROTECTED_PLATFORM,35,100,True,False,False,sha256:77cf26b5d9b81bdab6bef6843a18ab0faebf6a331dae8674c455c9a0d949e1e2
CHARPACKET_842FA1F016A5D8F75F4D3DD981CF5AD1,ENG_ACL_OS_PLATFORM_STATIC_VALIDATOR_D50008A9_V1,ENGINE,ACL_OS_PLATFORM,EXCLUDED_PROTECTED_PLATFORM,35,100,True,False,False,sha256:759c4901a6f729a7fc471bf172f4ecd9cbf4ea78edcb5dff03d233fc6e58a257
CHARPACKET_C37EA3D99D7AC661791D5F33B741604F,ENG_ACL_OS_PLATFORM_STATIC_VALIDATOR_F3B731F7_V1,ENGINE,ACL_OS_PLATFORM,EXCLUDED_PROTECTED_PLATFORM,35,100,True,False,False,sha256:3d919436b36187e812d92645d789f1d2d3c4ec09fc77fbe6d3831b328847b864
CHARPACKET_DCB6BF73C3CAE1ADA3EABFA57C0766E5,ENG_ACL_OS_PLATFORM_STATIC_VALIDATOR_F7D1B4CC_V1,ENGINE,ACL_OS_PLATFORM,EXCLUDED_PROTECTED_PLATFORM,35,100,True,False,False,sha256:40cdc1b99433392754ca58d55c62788c0663bd9ee43f901d47650b801711830d
CHARPACKET_6936DCBD0EC90BF67ED9A8B56829FB1F,ENG_ACL_OS_PLATFORM_STATISTICS_2153EB9D_V1,ENGINE,ACL_OS_PLATFORM,EXCLUDED_PROTECTED_PLATFORM,20,100,True,False,False,sha256:fc7d0528a825a6c8bd59499a67644115c087ff9607ecfef7b5607774cfd2e88d
CHARPACKET_E37EFF18D2E13DBC6D03E081E901BD49,ENG_ACL_OS_PLATFORM_STORE_E4EB6C43_V1,ENGINE,ACL_OS_PLATFORM,EXCLUDED_PROTECTED_PLATFORM,0,100,True,False,False,sha256:46bb8b0145cbf349151c0768c7ef5b2af6ac077f0755bae34f65408d91fb5a7c
CHARPACKET_CF1363720633C496E206F4029B330D22,ENG_ACL_OS_PLATFORM_SUBJECT_PROJECTION_2DD9FBD8_V1,ENGINE,ACL_OS_PLATFORM,EXCLUDED_PROTECTED_PLATFORM,0,100,True,False,False,sha256:8ab14efb844fc0b6986c3743ca5da309463d40385f3ef44c9386799416e1907d
CHARPACKET_291CA765F5F9E4681A430E2648763C0E,ENG_ACL_OS_PLATFORM_SUPPLY_CHAIN_FCB6E58E_V1,ENGINE,ACL_OS_PLATFORM,EXCLUDED_PROTECTED_PLATFORM,0,100,True,False,False,sha256:3cfe91b618d93baf405f52ae93db9eb1f464da144f8a97c5130cd1d2a265ec0f
CHARPACKET_A987B82341CBDD284BEFA54041B9DE6C,ENG_ACL_OS_PLATFORM_SUPPORT_F43D37DA_V1,ENGINE,ACL_OS_PLATFORM,EXCLUDED_PROTECTED_PLATFORM,0,100,True,False,False,sha256:f1a51aa1ebccd2ce959dbe20f3ebef81f4b45c75ff7eb326f0d22c8e87926db9
CHARPACKET_7CA984B9599B975A6AA7982FCA9F51BE,ENG_ACL_OS_PLATFORM_TASK_REGISTRY_2FFED76C_V1,ENGINE,ACL_OS_PLATFORM,EXCLUDED_PROTECTED_PLATFORM,0,100,True,False,False,sha256:8b71b9d0458eb814efcc12b413d2f3c0889ee75270f82816328bc2d6a95f8c32
CHARPACKET_789C5324FFD57ABDEA2BF21131BB5BCA,ENG_ACL_OS_PLATFORM_THREATS_BC2A3163_V1,ENGINE,ACL_OS_PLATFORM,EXCLUDED_PROTECTED_PLATFORM,0,100,True,False,False,sha256:747f45154b6e23b9162d7debbe38e43eaf4db8d395f2c7111ba8eda5bf0f56a0
CHARPACKET_699C4ABFB538FC5EE1D1DA89200754F8,ENG_ACL_OS_PLATFORM_TREATMENT_4402717C_V1,ENGINE,ACL_OS_PLATFORM,EXCLUDED_PROTECTED_PLATFORM,0,100,True,False,False,sha256:82805167c95c8be966c29be1451f5c95ba870151f370b5dee66171cc9054f6fb
CHARPACKET_B376927FC4F96921A7D4EBDE5F438F23,ENG_ACL_OS_PLATFORM_TYPES_31125A4F_V1,ENGINE,ACL_OS_PLATFORM,EXCLUDED_PROTECTED_PLATFORM,0,100,True,False,False,sha256:db966c4f6597fee0f6b182caff5c0605f37c9e4022c63d51a51b9db6f03cce0f
CHARPACKET_A0497DF19564D8C67475F1FF559F4B28,ENG_ACL_OS_PLATFORM_TYPES_39CEDE66_V1,ENGINE,ACL_OS_PLATFORM,EXCLUDED_PROTECTED_PLATFORM,0,100,True,False,False,sha256:9265e08888e140a286034ca4cfb7a15e7f3ae0d194731d7e4ba5012bae4a0cca
CHARPACKET_0125AD786A53FF8822EF97CEF8F42301,ENG_ACL_OS_PLATFORM_TYPES_6C9790A8_V1,ENGINE,ACL_OS_PLATFORM,EXCLUDED_PROTECTED_PLATFORM,0,100,True,False,False,sha256:075e89f2e17a17ff94542f9cee938e4e61dc0d2ebf7749ef318b37d6685413b4
CHARPACKET_9C033BF8AF426598AA4CF44643145866,ENG_ACL_OS_PLATFORM_TYPES_B27C0C3B_V1,ENGINE,ACL_OS_PLATFORM,EXCLUDED_PROTECTED_PLATFORM,0,100,True,False,False,sha256:55d089b9c72a744fbe7fe0639d40735e06cab6d66196bb00857ec3eba52c3c71
CHARPACKET_910B2830DE206EA108F70BB8AC22CCF3,ENG_ACL_OS_PLATFORM_TYPES_F42C326F_V1,ENGINE,ACL_OS_PLATFORM,EXCLUDED_PROTECTED_PLATFORM,0,100,True,False,False,sha256:aa2cc542e6c6a155d121f9639b93c1cdd822a304f0bb7d03eef469c63e3ecdaa
CHARPACKET_34E6ADDD0DAEBC7119A4B5A567D84D90,ENG_ACL_OS_PLATFORM_UNCERTAINTY_D716FE00_V1,ENGINE,ACL_OS_PLATFORM,EXCLUDED_PROTECTED_PLATFORM,0,100,True,False,False,sha256:ac778e6ae8b597a2f9a8fde99397d4cba2453f9b98400dcdc84c9baf2c4882e7
CHARPACKET_BBA427324DD6996A2693BD6B62045951,ENG_ACL_OS_PLATFORM_VALIDATE_ACL_00_92111E20_V1,ENGINE,ACL_OS_PLATFORM,EXCLUDED_PROTECTED_PLATFORM,100,100,True,False,False,sha256:a9120682c0b1caa6e38c1ce932e12f0acafd5446684b63d96ab48b7cecae94e2
CHARPACKET_CA6C6F3A09988C6F0E8AD483A41E37BF,ENG_ACL_OS_PLATFORM_VALIDATE_ACL_00_DELIVERY_551A0789_V1,ENGINE,ACL_OS_PLATFORM,EXCLUDED_PROTECTED_PLATFORM,35,100,True,False,False,sha256:48fe2c680d9085287d2ba1383757b4b4dee8edc0b24c15bb125f7068bbd5db64
CHARPACKET_7CA696162C6AA9093D06F58F8E61FFB7,ENG_ACL_OS_PLATFORM_VALIDATE_ACL_01_9FA0DC7F_V1,ENGINE,ACL_OS_PLATFORM,EXCLUDED_PROTECTED_PLATFORM,100,100,True,True,False,sha256:4975d85275ff9626f974e3b1bf2f71eae4bbfe11304504093520830972deac38
CHARPACKET_49AF063CBB92DB6F9652AD34B3DFC552,ENG_ACL_OS_PLATFORM_VALIDATE_ACL_01_DELIVERY_DED5838F_V1,ENGINE,ACL_OS_PLATFORM,EXCLUDED_PROTECTED_PLATFORM,35,100,True,False,False,sha256:10760787cfa533d46594db9acded0f08e61f24917bbdfa0826f644ece73bbda3
CHARPACKET_C46E18F4407086732BC2EF350E1C7E27,ENG_ACL_OS_PLATFORM_VALIDATE_ACL_02_72DF43B1_V1,ENGINE,ACL_OS_PLATFORM,EXCLUDED_PROTECTED_PLATFORM,100,100,True,False,False,sha256:1f4c799fbd1af027f632616bfe523a3dab99a1c3024dddbd1856550cc1002fe6
CHARPACKET_3E78D7073EFCE4C5D6CD7460443DE690,ENG_ACL_OS_PLATFORM_VALIDATE_ACL_02_DELIVERY_13767400_V1,ENGINE,ACL_OS_PLATFORM,EXCLUDED_PROTECTED_PLATFORM,35,100,True,False,False,sha256:a26ee71d007339b8747299cd5bfe467935c469991793bddf0286edbf1fa328f7
CHARPACKET_2764626F1D25B160ED5E239C3D909306,ENG_ACL_OS_PLATFORM_VALIDATE_ACL_03_83F60DA9_V1,ENGINE,ACL_OS_PLATFORM,EXCLUDED_PROTECTED_PLATFORM,100,100,True,False,False,sha256:298db33d34e0773582d8a56db4ffaa32697159ebff748181c6f1966aa772fc7a
CHARPACKET_0431990FB8072F83AADE2CF95710A30A,ENG_ACL_OS_PLATFORM_VALIDATE_ACL_03_DELIVERY_5C43114F_V1,ENGINE,ACL_OS_PLATFORM,EXCLUDED_PROTECTED_PLATFORM,35,100,True,False,False,sha256:77b1013fa7a08bd2dc15a52c619dfde7408c5e6728e62c75b597c8d054ce48a2
CHARPACKET_94E4F3FCF4972F39F3032F3611BB7A97,ENG_ACL_OS_PLATFORM_VALIDATE_ACL_04_36C82AB3_V1,ENGINE,ACL_OS_PLATFORM,EXCLUDED_PROTECTED_PLATFORM,100,100,True,False,False,sha256:efbb648722f35811db9966822bd3fc44b20dd5654ea0e8be7e8da4f9f4d6bf8e
CHARPACKET_CC64DA03EB50B4F44A177383E8E7FA41,ENG_ACL_OS_PLATFORM_VALIDATE_ACL_04_DELIVERY_83A2296E_V1,ENGINE,ACL_OS_PLATFORM,EXCLUDED_PROTECTED_PLATFORM,35,100,True,False,False,sha256:55c987a88855c046fad451f063eff970611dc47b72cab65869b973750402f013
CHARPACKET_70E1DAFFC910DE8728AF6F66D036C39F,ENG_ACL_OS_PLATFORM_VALIDATE_ACL_05_DELIVERY_1DD60C03_V1,ENGINE,ACL_OS_PLATFORM,EXCLUDED_PROTECTED_PLATFORM,0,100,True,False,False,sha256:f7351139c8e314320d0d28b0fb0623f5ab14f25457abb97b14a52ab59dfcb34d
CHARPACKET_82E61E945BC2734DB11DC745ADF7A0F8,ENG_ACL_OS_PLATFORM_VALIDATE_ACL_05_ECE28804_V1,ENGINE,ACL_OS_PLATFORM,EXCLUDED_PROTECTED_PLATFORM,100,100,True,True,False,sha256:62fe5542f2b323cbc80f649e0508eaca21181fb1469724995044b6b02b80c560
CHARPACKET_6CDC625B65BB5D3C5169A5C50DF7205C,ENG_ACL_OS_PLATFORM_VALIDATE_ACL_06_CB566A21_V1,ENGINE,ACL_OS_PLATFORM,EXCLUDED_PROTECTED_PLATFORM,0,100,True,True,False,sha256:7015d5c882f698dff5b90c4e3c54129f4a90114818c158947f9997aab2a16911
CHARPACKET_F73FCA8363063B2973B7A5FCB261B78F,ENG_ACL_OS_PLATFORM_VALIDATE_ACL_06_DELIVERY_1156D92E_V1,ENGINE,ACL_OS_PLATFORM,EXCLUDED_PROTECTED_PLATFORM,0,100,True,False,False,sha256:1cfb80f3b333b41cede790aa4e773bafbd891cbf19097a71be45dc86a4dec068
CHARPACKET_4CA20C09F90840EBA04EC53B1E37546B,ENG_ACL_OS_PLATFORM_VALIDATE_ACL_OS_ARCHITECTURE_C08DEEA9_V1,ENGINE,ACL_OS_PLATFORM,EXCLUDED_PROTECTED_PLATFORM,35,100,True,True,False,sha256:b92029a1985828a51eb8e2e0aee69c4257de5f5bfb040bcc2c6b20bea4105c06
CHARPACKET_8C994353291B83A78D6BDFA662315B62,ENG_ACL_OS_PLATFORM_VALIDATE_ACL_OS_ARCHITECTURE_DELIVERY_79C1A84C_V1,ENGINE,ACL_OS_PLATFORM,EXCLUDED_PROTECTED_PLATFORM,35,100,True,False,False,sha256:a267a84cf0174f5484baf2c56943e2a81ed12b00dc75978da81234d94423b054
CHARPACKET_801522DE5FCD29906381AF4157D81D1D,ENG_ACL_OS_PLATFORM_VALIDATE_CONTEXT_PACKAGE_3A1CE529_V1,ENGINE,ACL_OS_PLATFORM,EXCLUDED_PROTECTED_PLATFORM,35,100,True,False,False,sha256:f34338a3dce18f64dda837028f3fd66c50c5525913785591eb0360f0022eedf9
CHARPACKET_1813D14B2718175F8157F37938C8EBEC,ENG_ACL_OS_PLATFORM_VALIDATION_POLICY_A41DB773_V1,ENGINE,ACL_OS_PLATFORM,EXCLUDED_PROTECTED_PLATFORM,0,100,True,False,False,sha256:f085648e122e63e0eb66832e7b338d877e1782ccf2af7eb28a2381d74eb4b755
CHARPACKET_16E3E8845AF9F2C6A172262937D52C80,ENG_ACL_OS_PLATFORM_VALUE_5B601066_V1,ENGINE,ACL_OS_PLATFORM,EXCLUDED_PROTECTED_PLATFORM,0,100,True,False,False,sha256:d3c3c409b5d94dffb69140eb9276ec8ebf5281aae8d3d66a5e7d8be60b6fe0e3
CHARPACKET_7D68264B99B2E600B50E9B2FE6D452B2,ENG_ACL_OS_PLATFORM_VERIFY_2F6FF362_V1,ENGINE,ACL_OS_PLATFORM,EXCLUDED_PROTECTED_PLATFORM,0,100,True,False,False,sha256:59a1db2e658f2516fe558eded3d774cf14b2a5f52978197a7b0c41aea3ecdf63
CHARPACKET_FE339F25D34B24183296C24F5A54B205,ENG_ACL_OS_PLATFORM_VERIFY_71010533_V1,ENGINE,ACL_OS_PLATFORM,EXCLUDED_PROTECTED_PLATFORM,0,100,True,False,False,sha256:2f80695477a43b0955ef61dcd50ed40d430b871dcab8fe4fd8873d94dc333ccf
CHARPACKET_3FC73C05602E2332F8B9DF96826DFE0C,ENG_ACL_OS_PLATFORM_VERIFY_81EFC35C_V1,ENGINE,ACL_OS_PLATFORM,EXCLUDED_PROTECTED_PLATFORM,0,100,True,False,False,sha256:55e9051c77b1466b74825e5a2f4fc787d027d4f2a5eb7cd74be837de81912905
CHARPACKET_51306F18373219F95BD337159CC0B834,ENG_ACL_OS_PLATFORM_VERIFY_A8732622_V1,ENGINE,ACL_OS_PLATFORM,EXCLUDED_PROTECTED_PLATFORM,0,100,True,False,False,sha256:e8178bc2f5a7f19d4b0393892e050546257401c09f805edddd256375a24f9c3e
CHARPACKET_50CED1D2399404F143FB89902D3896DD,ENG_ACL_OS_PLATFORM_VERIFY_F0B08164_V1,ENGINE,ACL_OS_PLATFORM,EXCLUDED_PROTECTED_PLATFORM,0,100,True,False,False,sha256:bf73f66b6851586e9c7aba801730bd755deb7d2c9f71865cb59115c4af31d3b4
CHARPACKET_03113E1AB82348EFD443D3566CFE6DBA,ENG_ACL_OS_PLATFORM_WAIVERS_186D2329_V1,ENGINE,ACL_OS_PLATFORM,EXCLUDED_PROTECTED_PLATFORM,0,100,True,False,False,sha256:0bc8a7ec94c6ba63e9122658c29384e4f6567435f7692bf291a3728919ff20f4
CHARPACKET_FA8EB8331548F1D208754C62BE74F223,ENG_ACL_OS_PLATFORM_WIZARD_797527B8_V1,ENGINE,ACL_OS_PLATFORM,EXCLUDED_PROTECTED_PLATFORM,20,100,True,False,False,sha256:971dfc4478dbfb31ac4d27dc838bbd71b037e2797ccd2f460ef9d436ee698560
CHARPACKET_527DA6AF1F605D04AECE8E74ABE4AFB9,ENG_DOCUMENTATION_OTHER_VALIDATE_VAULT_2D9D6666_V1,ENGINE,DOCUMENTATION_OTHER,BLOCKED_SECURITY_REVIEW,35,100,True,True,False,sha256:7475a785862159c45ff7388b8b4adf77198cb8fc530256294ea9f35bf7b914f6
CHARPACKET_FD5F950FDBF0D73AEF5BEF9E1A4DE3FC,ENG_DOCUMENTATION_OTHER_VALIDATE_VAULT_EFF4CF7E_V1,ENGINE,DOCUMENTATION_OTHER,BLOCKED_SECURITY_REVIEW,35,100,True,True,False,sha256:50c0232f6e147eff62c7cba9a9418ea50332fc941a2c998b3232a27f3d3f6391
CHARPACKET_A55D90CD0F8C194E78B3FE8EE36C3A71,ENG_EXP0019_FAERIE_PROTOCOL_CANONICAL_ADC8F8AD_V1,ENGINE,EXP0019_FAERIE_PROTOCOL,BLOCKED_SECURITY_REVIEW,0,100,True,True,False,sha256:7a2c61a3f779db26c57a0904a646e4d6fc3e2473730652f91815a5663fc430e9
CHARPACKET_5B054281A623F68FB5B02C00C8E6DE1C,ENG_LAB_OTHER_ENGINE_49FBC7E3_V1,ENGINE,LAB_OTHER,BLOCKED_SECURITY_REVIEW,0,100,True,True,False,sha256:00586d6a814e7efb1c66a9a88e46c035e81fbf9de93daafee26d55878f378067
CHARPACKET_F307A6B5AA23B5CE62B1908E8902E496,ENG_LAB_OTHER_UTILS_998C5C7F_V1,ENGINE,LAB_OTHER,BLOCKED_SECURITY_REVIEW,0,100,True,True,False,sha256:e16902270dd21b73e01926f2d2de9b50fabee832cc54643ce8e930f623f8917b
CHARPACKET_8EC5B630FB58663919684A65F12059CE,ENG_LAB_OTHER_UTILS_D9A86501_V1,ENGINE,LAB_OTHER,BLOCKED_SECURITY_REVIEW,0,100,True,True,False,sha256:dffe29d42ac99f0e3b4d7eb83b3b552ce3a7e2723e3c395991790538310450ec
CHARPACKET_B6C0D214A4A6A9EC58F4A535A8ABFA6B,ENG_STRATEGY_FACTORY_PLATFORM_AUTHORITY_0E4B0CDE_V1,ENGINE,STRATEGY_FACTORY_PLATFORM,EXCLUDED_PROTECTED_PLATFORM,0,100,True,False,False,sha256:fe5365537df89f3cf953adffb9531644c9c24221e9f2ab92e738c697d32cd526
CHARPACKET_68254FBB1258F49F820F351A0A5F0771,ENG_STRATEGY_FACTORY_PLATFORM_COLLAPSEGUARD_87F5340D_V1,ENGINE,STRATEGY_FACTORY_PLATFORM,EXCLUDED_PROTECTED_PLATFORM,0,100,True,False,False,sha256:2ba8dc63f6a50dfcaf2b506d29b5e05d350f0326d758509b919996963ed36f08
CHARPACKET_EA4FE3E2DBDFBEF572E420575B986778,ENG_STRATEGY_FACTORY_PLATFORM_DATAFOUNDATIONALL_E70AEC6F_V1,ENGINE,STRATEGY_FACTORY_PLATFORM,EXCLUDED_PROTECTED_PLATFORM,0,100,True,False,False,sha256:9e4f6100bebbd91c06680da432a9e6255833972111fed0d9bcd8c978a68c5808
CHARPACKET_FB2901A4588030F4ABE5347FF0E68F5E,ENG_STRATEGY_FACTORY_PLATFORM_DATAFOUNDATIONCATALOG_6A0E9193_V1,ENGINE,STRATEGY_FACTORY_PLATFORM,EXCLUDED_PROTECTED_PLATFORM,0,100,True,False,False,sha256:628d3f6c37631bf09caeb015981324a2e76f1e04636055fe4a7ef27c84188b24
CHARPACKET_A27643197C0BAE10DC505F723D089A4D,ENG_STRATEGY_FACTORY_PLATFORM_DATAFOUNDATIONCONTRACTS_77D8744E_V1,ENGINE,STRATEGY_FACTORY_PLATFORM,EXCLUDED_PROTECTED_PLATFORM,0,100,True,False,False,sha256:8edd7efab46b62d099abc193bdf64f576c68ce1cef15c9464c407aa9c0fd7b61
CHARPACKET_9493281A77E4DF4AD443EBDC40A3A8AC,ENG_STRATEGY_FACTORY_PLATFORM_DATAFOUNDATIONENUMS_5714A454_V1,ENGINE,STRATEGY_FACTORY_PLATFORM,EXCLUDED_PROTECTED_PLATFORM,0,100,True,False,False,sha256:17d4977146f3a0ce0056a826647483ad975c3fc752a94dc7aa0f62d76c9898be
CHARPACKET_53BE66EA8C0292584EC505714AC089A3,ENG_STRATEGY_FACTORY_PLATFORM_DATAFOUNDATIONINTEGRITY_73255F13_V1,ENGINE,STRATEGY_FACTORY_PLATFORM,EXCLUDED_PROTECTED_PLATFORM,30,100,True,False,False,sha256:962b6663dbbcec7e50acf22260413e33faa1b6c00d74bc4fc6ebd13b849366cc
CHARPACKET_9FE7BD42985B5AF5DEE93AED4F7B47DE,ENG_STRATEGY_FACTORY_PLATFORM_DATAFOUNDATIONREVISION_01CB84C7_V1,ENGINE,STRATEGY_FACTORY_PLATFORM,EXCLUDED_PROTECTED_PLATFORM,30,100,True,False,False,sha256:8fbe2c78b8c3e243cec08bb9a91e74cec5187a8063dc28f0fdd87d86c66c7cfe
CHARPACKET_0A76099898692214B6A26D2BF7ADE908,ENG_STRATEGY_FACTORY_PLATFORM_DATAFOUNDATIONROLEGATE_C453D1F2_V1,ENGINE,STRATEGY_FACTORY_PLATFORM,EXCLUDED_PROTECTED_PLATFORM,30,100,True,False,False,sha256:511f05c3b2938d654b8b7e87e16f5622657046382d81803570b44d4038bf3443
CHARPACKET_C9940D232F915D2895A8F9EA1CA5CDB6,ENG_STRATEGY_FACTORY_PLATFORM_DATAFOUNDATIONSNAPSHOT_8DF20871_V1,ENGINE,STRATEGY_FACTORY_PLATFORM,EXCLUDED_PROTECTED_PLATFORM,30,100,True,False,False,sha256:2d1a01740299e3eadcf4fd86e6474aa62c03cc5373ed8dc8936771de3d0c07c6
CHARPACKET_0F990C0CC96C9E2259C9CA3A2F763E5E,ENG_STRATEGY_FACTORY_PLATFORM_DATAFOUNDATIONTEMPORAL_B997778F_V1,ENGINE,STRATEGY_FACTORY_PLATFORM,EXCLUDED_PROTECTED_PLATFORM,30,100,True,False,False,sha256:512fd4d737604778c60aca99f51745e092c42193218640d21276cb9b74aecf7c
CHARPACKET_E479246F211C5E3EC990F651DD872287,ENG_STRATEGY_FACTORY_PLATFORM_DATAFOUNDATIONTWINSEED_EF0D2779_V1,ENGINE,STRATEGY_FACTORY_PLATFORM,EXCLUDED_PROTECTED_PLATFORM,30,100,True,False,False,sha256:00b0646782631ada7bb9124268040932be00c7d0f4be91a5199080f1a68c690e
CHARPACKET_388DC5A8F2FF1DC8A2191659C9D38D59,ENG_STRATEGY_FACTORY_PLATFORM_DISAGREEMENTGUARD_1437223E_V1,ENGINE,STRATEGY_FACTORY_PLATFORM,EXCLUDED_PROTECTED_PLATFORM,0,100,True,False,False,sha256:908dd0bccda5923ff782a5961527c8a54225d5d4f69efc88abad734b17ffba0c
CHARPACKET_56649F8D1C65F3383817255BE328E055,ENG_STRATEGY_FACTORY_PLATFORM_EVENTALL_D32D02BD_V1,ENGINE,STRATEGY_FACTORY_PLATFORM,EXCLUDED_PROTECTED_PLATFORM,0,100,True,False,False,sha256:870f7ad9439f04a060cf53f21019b8fc31aa0e88761252de8c5f5cd96f7ef478
CHARPACKET_182B26A83D4AD80FE2389A550C44D908,ENG_STRATEGY_FACTORY_PLATFORM_EVENTAUTHORITY_ACBD6B16_V1,ENGINE,STRATEGY_FACTORY_PLATFORM,EXCLUDED_PROTECTED_PLATFORM,0,100,True,False,False,sha256:97b1858b13cd5a1d41d8444af47d726a276592f15661d7f9a205a5c4e314e35b
CHARPACKET_9E2163CE9A870AF40F8ECF55452CFAE7,ENG_STRATEGY_FACTORY_PLATFORM_EVENTCANONICAL_345AF786_V1,ENGINE,STRATEGY_FACTORY_PLATFORM,EXCLUDED_PROTECTED_PLATFORM,0,100,True,False,False,sha256:e6d0e2a89d30f7c748558d65245634bd804b390c931b06f2a250405b372e872c
CHARPACKET_5DF08550596FBEC0F293ACB5A3C9A23F,ENG_STRATEGY_FACTORY_PLATFORM_EVENTCONTRACTS_E728803C_V1,ENGINE,STRATEGY_FACTORY_PLATFORM,EXCLUDED_PROTECTED_PLATFORM,0,100,True,False,False,sha256:8da6a8e1c4f1728a99a62f5a8b6b7cf0b89927427ff9f59a7ad7f451293f97bc
CHARPACKET_562EBE85254EFF51410B5AA6C37E2300,ENG_STRATEGY_FACTORY_PLATFORM_EVENTDIAGNOSTICS_235DFACE_V1,ENGINE,STRATEGY_FACTORY_PLATFORM,EXCLUDED_PROTECTED_PLATFORM,0,100,True,False,False,sha256:5a12fa2c0a6f871aafba4b37c630c4804cc044769b581c45a2adeb4b55d27134
CHARPACKET_28C4F14B1285EBE3C530277D202280F7,ENG_STRATEGY_FACTORY_PLATFORM_EVENTENUMS_78870C29_V1,ENGINE,STRATEGY_FACTORY_PLATFORM,EXCLUDED_PROTECTED_PLATFORM,0,100,True,False,False,sha256:37d633461993c35d87d15d8a32dadd25822e57aba8363fcd55978192c7fa5176
CHARPACKET_5D80690535F6E0A9EB754945F74CD7B6,ENG_STRATEGY_FACTORY_PLATFORM_EVENTINTEGRITY_89E23EED_V1,ENGINE,STRATEGY_FACTORY_PLATFORM,EXCLUDED_PROTECTED_PLATFORM,0,100,True,False,False,sha256:5964050027426b43c2adad81d99653ced4f94865ee92e40fa241207b1afaab73
CHARPACKET_9C3B00E8D9C3EF4242286F1678F07154,ENG_STRATEGY_FACTORY_PLATFORM_EVENTORDERING_D86F6E69_V1,ENGINE,STRATEGY_FACTORY_PLATFORM,EXCLUDED_PROTECTED_PLATFORM,0,100,True,False,False,sha256:6e073d0cf9742dd66be37ccbf4672291e444f3e2ace7ecc338894b1706140d20
CHARPACKET_858B4BB50924CBA57E7B0BCA2B2532F5,ENG_STRATEGY_FACTORY_PLATFORM_EVENTPROJECTION_865620CA_V1,ENGINE,STRATEGY_FACTORY_PLATFORM,EXCLUDED_PROTECTED_PLATFORM,0,100,True,False,False,sha256:392cd0e44f48c55e01c93d4f4b39d43b366110977bca9ec42da202a3acea94c6
CHARPACKET_3F6AA5E7C76BE007034BDC3F37ECBA5F,ENG_STRATEGY_FACTORY_PLATFORM_EVENTWATERMARK_DFD6B97A_V1,ENGINE,STRATEGY_FACTORY_PLATFORM,EXCLUDED_PROTECTED_PLATFORM,0,100,True,False,False,sha256:8037752dbd2ce216a37f79ae7203acb40fafecfd6abeedd8976f0cc2315272d3
CHARPACKET_D10091160AD989CC079274A3B387F5FA,ENG_STRATEGY_FACTORY_PLATFORM_FP_SAEDV430ASSIGNMENT_2CE8BF5B_V1,ENGINE,STRATEGY_FACTORY_PLATFORM,EXCLUDED_PROTECTED_PLATFORM,0,100,True,False,False,sha256:4d1e9d61a8b38a3fa5963102902813e0067fb7b6e1a9fbfad0c644dfb369b24c
CHARPACKET_1E69CBB1A16C4AEE09DD4E2F031C606F,ENG_STRATEGY_FACTORY_PLATFORM_FP_SAEDV430AUTHORITY_B6D78512_V1,ENGINE,STRATEGY_FACTORY_PLATFORM,EXCLUDED_PROTECTED_PLATFORM,0,100,True,False,False,sha256:62ed8a63065a867d76927eeb16f8d1c1f689a176d80b7b5448d7f0cc88e0a753
CHARPACKET_0FF991619EC7C813666D5B915193BF0D,ENG_STRATEGY_FACTORY_PLATFORM_FP_SAEDV430CERTIFICATE_792184C8_V1,ENGINE,STRATEGY_FACTORY_PLATFORM,EXCLUDED_PROTECTED_PLATFORM,0,100,True,False,False,sha256:6dcaab171956755222428522cf349dc2dbfff4cca2d3efefb05ee9d662705714
CHARPACKET_C1DB000400C061ED12845F3A2AC8A642,ENG_STRATEGY_FACTORY_PLATFORM_FP_SAEDV430CHAIN_A1A69C76_V1,ENGINE,STRATEGY_FACTORY_PLATFORM,EXCLUDED_PROTECTED_PLATFORM,0,100,True,False,False,sha256:8a2cc9123a9de094f86744a322f72430ddc0f62382aa47ea5b8b2255a54ca52f
CHARPACKET_375A268DD9328D20EA75E1B13ACCD66E,ENG_STRATEGY_FACTORY_PLATFORM_FP_SAEDV430CONSTANTS_7DB9B813_V1,ENGINE,STRATEGY_FACTORY_PLATFORM,EXCLUDED_PROTECTED_PLATFORM,0,100,True,False,False,sha256:81cd3226fa1c215ad47e59b530c39530f1aa2cb2233af6d216bae325524eaad8
CHARPACKET_0FE828E8D583387B33AC8AFF3042E099,ENG_STRATEGY_FACTORY_PLATFORM_FP_SAEDV430COVERAGE_5517DBB4_V1,ENGINE,STRATEGY_FACTORY_PLATFORM,EXCLUDED_PROTECTED_PLATFORM,0,100,True,False,False,sha256:1a05e9d29b62a78076b900ea2fab49eee8ff26eb563fe27e2e39e9b3975ad9b8
CHARPACKET_96D206FF8DCA96276733AA2F576436C3,ENG_STRATEGY_FACTORY_PLATFORM_FP_SAEDV430DISAGREEMENT_CB8A3988_V1,ENGINE,STRATEGY_FACTORY_PLATFORM,EXCLUDED_PROTECTED_PLATFORM,0,100,True,False,False,sha256:2de526b97228e9e1087e5177509a845c00d4cdcd7a74427e4a80e8d52973b825
CHARPACKET_85AC8DDE60C14492C38E79DEAEDB9CAE,ENG_STRATEGY_FACTORY_PLATFORM_FP_SAEDV430ENVIRONMENT_1C6577D8_V1,ENGINE,STRATEGY_FACTORY_PLATFORM,EXCLUDED_PROTECTED_PLATFORM,0,100,True,False,False,sha256:94395d9de0160e204f7dc102e964f3a7c6df04a347bdb5e774d8c7ebcfeb3fa5
CHARPACKET_DBA6AB2ED36FD516581AE827D7019E01,ENG_STRATEGY_FACTORY_PLATFORM_FP_SAEDV430EXCHANGE_E49AEC6F_V1,ENGINE,STRATEGY_FACTORY_PLATFORM,EXCLUDED_PROTECTED_PLATFORM,0,100,True,False,False,sha256:33cf82e1ced49d1b922724052c01cad3c92cdf404313e4103f24990fc79b4625
CHARPACKET_DA4B0B94F81F40923872368268DCF2DE,ENG_STRATEGY_FACTORY_PLATFORM_FP_SAEDV430HANDOFF_18E00B3A_V1,ENGINE,STRATEGY_FACTORY_PLATFORM,EXCLUDED_PROTECTED_PLATFORM,0,100,True,False,False,sha256:72f2a84bf4be497ddebe3bb4733618ad72dc2ab594cedf0edc2b3c41d9498c50
CHARPACKET_4C3CBD0B15C0A74AA3CFD835CA6C4D37,ENG_STRATEGY_FACTORY_PLATFORM_FP_SAEDV430INDEPENDENCE_EAB60062_V1,ENGINE,STRATEGY_FACTORY_PLATFORM,EXCLUDED_PROTECTED_PLATFORM,0,100,True,False,False,sha256:588a70d3dad6892769d0ef9e7714f4c4e694289f2e55349db84d3374d06297e7
CHARPACKET_401D678E4ECF7919182C1A59FB1D08A7,ENG_STRATEGY_FACTORY_PLATFORM_FP_SAEDV430LAB_9919ACB9_V1,ENGINE,STRATEGY_FACTORY_PLATFORM,EXCLUDED_PROTECTED_PLATFORM,0,100,True,False,False,sha256:55d80aef4324554e505428ad74a23c5dce24ffd61ec86f2f156dedd2ff753bf4
CHARPACKET_5BC3468B8439855104757248526B5357,ENG_STRATEGY_FACTORY_PLATFORM_FP_SAEDV430METRICRECONCILIATION_3682CEAA_V1,ENGINE,STRATEGY_FACTORY_PLATFORM,EXCLUDED_PROTECTED_PLATFORM,0,100,True,False,False,sha256:509810727782a1126f6fbf82751cefa74e9a9aa799d7273803d331f2d151326c
CHARPACKET_4F1BD7C6F206CB91BCCF8ECF0AE5D6C3,ENG_STRATEGY_FACTORY_PLATFORM_FP_SAEDV430PACKAGE_5B59CD54_V1,ENGINE,STRATEGY_FACTORY_PLATFORM,EXCLUDED_PROTECTED_PLATFORM,0,100,True,False,False,sha256:b8465403878be92ff3e89141affe902af254b0e428e08a82700f327d9c8ac238
CHARPACKET_498ADF34D8FEDA53F4398F568D88E3DB,ENG_STRATEGY_FACTORY_PLATFORM_FP_SAEDV430PREREGISTRATION_46821AA5_V1,ENGINE,STRATEGY_FACTORY_PLATFORM,EXCLUDED_PROTECTED_PLATFORM,0,100,True,False,False,sha256:08f35703269600952edf2d0bfed728942971b6eb91d784cd9be0fcc972876241
CHARPACKET_559382B5CA11A7FAD858F6D26E903B9F,ENG_STRATEGY_FACTORY_PLATFORM_FP_SAEDV430PROTOCOL_8A477268_V1,ENGINE,STRATEGY_FACTORY_PLATFORM,EXCLUDED_PROTECTED_PLATFORM,0,100,True,False,False,sha256:5ea706c32bbb7852e24840427263bb62f067cc822628e4f66bdfbeaba6eb5678
CHARPACKET_39E4683FBE80A2FCD246705BFA439155,ENG_STRATEGY_FACTORY_PLATFORM_FP_SAEDV430REPLAY_3BA895E7_V1,ENGINE,STRATEGY_FACTORY_PLATFORM,EXCLUDED_PROTECTED_PLATFORM,0,100,True,False,False,sha256:47439af5b0b9e3ba2ffe8f1ba42a8090ac6796c83707e627efb99fc8ead2fdd0
CHARPACKET_AAF6FD37D4D7DBD2642556ABD3258AD6,ENG_STRATEGY_FACTORY_PLATFORM_FP_SAEDV430RESULT_374B4159_V1,ENGINE,STRATEGY_FACTORY_PLATFORM,EXCLUDED_PROTECTED_PLATFORM,0,100,True,False,False,sha256:923a6ce70f73a24ec26e4f09a3ad9f61c06390ad7b1b799f1584c565f5f52071
CHARPACKET_C5AAAB6D11EDC861FED497DE94FDDEA2,ENG_STRATEGY_FACTORY_PLATFORM_FP_SAEDV430RUN_06E66DA5_V1,ENGINE,STRATEGY_FACTORY_PLATFORM,EXCLUDED_PROTECTED_PLATFORM,0,100,True,False,False,sha256:806d3668f6e7636c7535f7798108b0f1a57b4e63f00ca3d76d484585c57d9b12
CHARPACKET_8840AFC70AC11193D2559F641C9EAB7B,ENG_STRATEGY_FACTORY_PLATFORM_FP_SAEDV430SECURITY_3908998A_V1,ENGINE,STRATEGY_FACTORY_PLATFORM,EXCLUDED_PROTECTED_PLATFORM,0,100,True,False,False,sha256:0613d0d5a27cab9165dfef9c33628e1d5948c78ff26baca9ee04abae7e3c6e3e
CHARPACKET_B67DB18DDC99E633C3EC891D62DE15AC,ENG_STRATEGY_FACTORY_PLATFORM_FP_SAEDV430SEMANTICRECONCILIATION_8FB328EA_V1,ENGINE,STRATEGY_FACTORY_PLATFORM,EXCLUDED_PROTECTED_PLATFORM,0,100,True,False,False,sha256:6beb9154b1538f59481aa92a9af8dd57cc9975719483133f775f8c58fe72afdb
CHARPACKET_A7DCD5C1C194742A6B1AF1961C2EA66A,ENG_STRATEGY_FACTORY_PLATFORM_FP_SAEDV431ASSURANCECASE_5EC4DC4A_V1,ENGINE,STRATEGY_FACTORY_PLATFORM,EXCLUDED_PROTECTED_PLATFORM,30,100,True,False,False,sha256:a073d768127945c1cf1b5f6962118b37f64759c29ba018efa870ec26e21c815f
CHARPACKET_533610F287B4887A55FE60B488D99587,ENG_STRATEGY_FACTORY_PLATFORM_FP_SAEDV431AUTHORITY_FCCCF3EE_V1,ENGINE,STRATEGY_FACTORY_PLATFORM,EXCLUDED_PROTECTED_PLATFORM,30,100,True,False,False,sha256:7218a90c801d70c0750129e83a4c9e07e3c15f7a75e8783ccbd7ac7dcd87b8e3
CHARPACKET_04B62E456B1C27458F63AA4702707301,ENG_STRATEGY_FACTORY_PLATFORM_FP_SAEDV431CERTIFICATE_5BBE8E6B_V1,ENGINE,STRATEGY_FACTORY_PLATFORM,EXCLUDED_PROTECTED_PLATFORM,30,100,True,False,False,sha256:f33be4b55091492c51daf5eca6be2977c2bd3a8750aa07df55efd581104a5bb4
CHARPACKET_2D97D7FCA2CC5B77D379F4B248134E05,ENG_STRATEGY_FACTORY_PLATFORM_FP_SAEDV431CONSTANTS_9C318ACB_V1,ENGINE,STRATEGY_FACTORY_PLATFORM,EXCLUDED_PROTECTED_PLATFORM,30,100,True,False,False,sha256:d1fda471657eea78c221c57a378b2c9cd2b7be310cd7e61cf84d6939b0373b5d
CHARPACKET_5912417CB612880DB3AB6951CA936E54,ENG_STRATEGY_FACTORY_PLATFORM_FP_SAEDV431COUNTEREXAMPLE_B5CAF739_V1,ENGINE,STRATEGY_FACTORY_PLATFORM,EXCLUDED_PROTECTED_PLATFORM,30,100,True,False,False,sha256:0daa28e31a3230f195b396272fca9d67c2761818a8e2da04844828a576016f14
CHARPACKET_FAD7CBAA78CF412B35C9AE2799A7A3BD,ENG_STRATEGY_FACTORY_PLATFORM_FP_SAEDV431COVERAGE_7AD21B3F_V1,ENGINE,STRATEGY_FACTORY_PLATFORM,EXCLUDED_PROTECTED_PLATFORM,30,100,True,False,False,sha256:91f67507b2adcd59a5c5d99d02b4091df409a44888acadb7e79d8371314bdd8c
CHARPACKET_0A1BCAEFAF32F6219FB16FC7E8B2E5B2,ENG_STRATEGY_FACTORY_PLATFORM_FP_SAEDV431EXPRESSION_2E98F0BA_V1,ENGINE,STRATEGY_FACTORY_PLATFORM,EXCLUDED_PROTECTED_PLATFORM,30,100,True,False,False,sha256:a6f158b725763515f613a5fc4c6b5e27207b5f5318255168830812d89312c57a
CHARPACKET_A371F41735906C8D701EBEDBD9252B33,ENG_STRATEGY_FACTORY_PLATFORM_FP_SAEDV431HANDOFF_E166716E_V1,ENGINE,STRATEGY_FACTORY_PLATFORM,EXCLUDED_PROTECTED_PLATFORM,30,100,True,False,False,sha256:1aca4112795fe325664b1379128a0018fa088b54a286209415f529a9a7655960
CHARPACKET_7A647D65E6A419367B11518F1DB6ECEA,ENG_STRATEGY_FACTORY_PLATFORM_FP_SAEDV431HAZARD_E9B700C6_V1,ENGINE,STRATEGY_FACTORY_PLATFORM,EXCLUDED_PROTECTED_PLATFORM,30,100,True,False,False,sha256:dadff46c60f102895e3273059c73f5611c001191f760fd7951b127de4774fd5f
CHARPACKET_2D36CC71A6C019BEB324002C91D77D2E,ENG_STRATEGY_FACTORY_PLATFORM_FP_SAEDV431INVARIANT_D3BF8BC8_V1,ENGINE,STRATEGY_FACTORY_PLATFORM,EXCLUDED_PROTECTED_PLATFORM,30,100,True,False,False,sha256:a548ad3e95ab64711752da8632059f46f524f0651190ba35ccfd7ffcf55063dd
CHARPACKET_60AE8DA5CE297211D2AB585080A9D887,ENG_STRATEGY_FACTORY_PLATFORM_FP_SAEDV431MITIGATION_7580D673_V1,ENGINE,STRATEGY_FACTORY_PLATFORM,EXCLUDED_PROTECTED_PLATFORM,30,100,True,False,False,sha256:e5c3f2e8ea14177ae670f065e21c8e10622f5b01fc4521afe351351d817e31a9
CHARPACKET_F2C878F4AE98000CA4326E935C881B26,ENG_STRATEGY_FACTORY_PLATFORM_FP_SAEDV431MODELCHECKER_1811B7D1_V1,ENGINE,STRATEGY_FACTORY_PLATFORM,EXCLUDED_PROTECTED_PLATFORM,30,100,True,False,False,sha256:f8742b06cd79fb8dd870291cd42bb0b3ebd0acd94bd0b84477f66ee5c3899d19
CHARPACKET_9FCED2E2D49A405E860216F9C78BEF95,ENG_STRATEGY_FACTORY_PLATFORM_FP_SAEDV431MUTATION_46993979_V1,ENGINE,STRATEGY_FACTORY_PLATFORM,EXCLUDED_PROTECTED_PLATFORM,30,100,True,False,False,sha256:d05a4cbea909262ed0fc5a0432417c9ce49d22f2ef72cb3ba72e743a738640b8
CHARPACKET_70EC9D8DC2D153E4388E7CE97B67C44C,ENG_STRATEGY_FACTORY_PLATFORM_FP_SAEDV431PROOFLEDGER_799A1461_V1,ENGINE,STRATEGY_FACTORY_PLATFORM,EXCLUDED_PROTECTED_PLATFORM,30,100,True,False,False,sha256:b72f7e4fd1b3a7dea7718a57f347a8207d8311852ffed5d1926bfb1ad964bb05
CHARPACKET_583E1CAFABAC3F3D2AA9451E0BBC9645,ENG_STRATEGY_FACTORY_PLATFORM_FP_SAEDV431PROOFOBLIGATION_3A235C0A_V1,ENGINE,STRATEGY_FACTORY_PLATFORM,EXCLUDED_PROTECTED_PLATFORM,30,100,True,False,False,sha256:6342c26d68a4c8f5da74ec560e7068cada6034068326c423875cd7660ac315bd
CHARPACKET_9F50B0A016AE6D618D2D31AAC748161D,ENG_STRATEGY_FACTORY_PLATFORM_FP_SAEDV431RESIDUALRISK_B9042CB4_V1,ENGINE,STRATEGY_FACTORY_PLATFORM,EXCLUDED_PROTECTED_PLATFORM,30,100,True,False,False,sha256:66ce9c571e7b4c07103077472a1c2819779f73594b0b8d629b196273054114d7
CHARPACKET_27F09253644FAC528F30BE9FE43B34D7,ENG_STRATEGY_FACTORY_PLATFORM_FP_SAEDV431SAFETYCONSTRAINT_1148F1AC_V1,ENGINE,STRATEGY_FACTORY_PLATFORM,EXCLUDED_PROTECTED_PLATFORM,30,100,True,False,False,sha256:0c2a5c468f34c2f4edd03607cb50ccaeb1029e0d8d18d6543e92564bf90f5ca8
CHARPACKET_7C82FFFDA7DC0E819ABB4DF1FCC563AC,ENG_STRATEGY_FACTORY_PLATFORM_FP_SAEDV431STATE_9D3A939A_V1,ENGINE,STRATEGY_FACTORY_PLATFORM,EXCLUDED_PROTECTED_PLATFORM,30,100,True,False,False,sha256:488dac411e4f44db41ad348bfe7f5926452d5dd5acba851ac66e2323a79d3fa1
CHARPACKET_19C50869C6D819B57B8DBD15F159E4ED,ENG_STRATEGY_FACTORY_PLATFORM_FP_SAEDV431TEMPORAL_7D038B38_V1,ENGINE,STRATEGY_FACTORY_PLATFORM,EXCLUDED_PROTECTED_PLATFORM,30,100,True,False,False,sha256:d8e788997633713d5ecf9516f63fb7013841e1a818c07b01cb417bd3740b1ee5
CHARPACKET_EE5AF35F43D43C933DFB6DE3247C05B8,ENG_STRATEGY_FACTORY_PLATFORM_FP_SAEDV431TRACEABILITY_FFC416CE_V1,ENGINE,STRATEGY_FACTORY_PLATFORM,EXCLUDED_PROTECTED_PLATFORM,30,100,True,False,False,sha256:91c62644f7c7a7c886fc1ce307c209424d31474b738ceead53812db6f69c24f1
CHARPACKET_500A9E90BF07E83288ED2CB950C75BFF,ENG_STRATEGY_FACTORY_PLATFORM_FP_SAEDV431TRANSITION_3E67452D_V1,ENGINE,STRATEGY_FACTORY_PLATFORM,EXCLUDED_PROTECTED_PLATFORM,30,100,True,False,False,sha256:7b46491a2fbf3c0b422fdce58d14892371e5f48701bbf7b808c67df1a4a4d923
CHARPACKET_87FB7897F217215BC34E7289AB0822AC,ENG_STRATEGY_FACTORY_PLATFORM_FP_SAEDV432ADVERSARY_89006D4E_V1,ENGINE,STRATEGY_FACTORY_PLATFORM,EXCLUDED_PROTECTED_PLATFORM,0,100,True,False,False,sha256:1d311b21fd76943bb08f6d0821b9760b8d857e1799ec11d0b32e9d2a5c64ea77
CHARPACKET_A714F427803E2A3153289C0985B52DA1,ENG_STRATEGY_FACTORY_PLATFORM_FP_SAEDV432AGENTIDENTITY_140C35C7_V1,ENGINE,STRATEGY_FACTORY_PLATFORM,EXCLUDED_PROTECTED_PLATFORM,0,100,True,False,False,sha256:8c67da2479c4cde85fc0db5a596da2a5d40a3fe97ccb5ccedeb39eb1cb4eeed3
CHARPACKET_EBD87B6B184669232CA19399019F1952,ENG_STRATEGY_FACTORY_PLATFORM_FP_SAEDV432AUTHORITY_35873B58_V1,ENGINE,STRATEGY_FACTORY_PLATFORM,EXCLUDED_PROTECTED_PLATFORM,0,100,True,False,False,sha256:1194d4bd8f63ce7e641ba113e4eff4840ee9d1de8dc2c288832dc7bedc1c42e2
CHARPACKET_E2BADBC6E1153F842220E700B1F1C630,ENG_STRATEGY_FACTORY_PLATFORM_FP_SAEDV432BUDGET_6B62C7B5_V1,ENGINE,STRATEGY_FACTORY_PLATFORM,EXCLUDED_PROTECTED_PLATFORM,0,100,True,False,False,sha256:8e276c64b70c817e6ca72f1c4dfb52c2ea3a6cd01cab7dcee6bd6f76ac4ed748
CHARPACKET_67623E71843F7AE143E42E543E8CA14A,ENG_STRATEGY_FACTORY_PLATFORM_FP_SAEDV432CAPABILITYTOKEN_DC37DCDF_V1,ENGINE,STRATEGY_FACTORY_PLATFORM,EXCLUDED_PROTECTED_PLATFORM,0,100,True,False,False,sha256:0648f2b05c4010f21d40c0c7c968b621b21a099e122d9bb0e0273e3f42c4b148
CHARPACKET_D15323CB909035192F64FEBF3C12DD0C,ENG_STRATEGY_FACTORY_PLATFORM_FP_SAEDV432CAPABILITY_29343793_V1,ENGINE,STRATEGY_FACTORY_PLATFORM,EXCLUDED_PROTECTED_PLATFORM,0,100,True,False,False,sha256:7f5579884f5c00d08fa577bd19c7a4608d69e6696ad18254fcdfde15fce6b040
CHARPACKET_F0AC71B9BD77B48460CF54A719E929D7,ENG_STRATEGY_FACTORY_PLATFORM_FP_SAEDV432CERTIFICATE_14700199_V1,ENGINE,STRATEGY_FACTORY_PLATFORM,EXCLUDED_PROTECTED_PLATFORM,0,100,True,False,False,sha256:79fe2a193fecc4139a04f7ea8cb93e17a730501446a91fc006e0e72154115add
CHARPACKET_8742EBFB45D7AA4D35C76C13470CE49E,ENG_STRATEGY_FACTORY_PLATFORM_FP_SAEDV432CLAIM_11F1EDEA_V1,ENGINE,STRATEGY_FACTORY_PLATFORM,EXCLUDED_PROTECTED_PLATFORM,0,100,True,False,False,sha256:f6475c6a7a24020720f7939120609a08096014eba11c234f161e332ed80884c1
CHARPACKET_4767352507B94498B80C30B23AFE799A,ENG_STRATEGY_FACTORY_PLATFORM_FP_SAEDV432CONSTANTS_5746A767_V1,ENGINE,STRATEGY_FACTORY_PLATFORM,EXCLUDED_PROTECTED_PLATFORM,0,100,True,False,False,sha256:ffcd5f7c3059af0b2e5bbff402bfb90c809c1e766522190cdc1cc8f5a764cbf7
CHARPACKET_202456C7011738935B2F2C7417BF54F4,ENG_STRATEGY_FACTORY_PLATFORM_FP_SAEDV432CONSTITUTION_B50A3DC2_V1,ENGINE,STRATEGY_FACTORY_PLATFORM,EXCLUDED_PROTECTED_PLATFORM,0,100,True,False,False,sha256:866db1ce0e5cbf9d476c4e3283302e0648648551c3abcb4c5a2ff9da0841977b
CHARPACKET_D280465D0DB0F74847F8EF67DF5F3723,ENG_STRATEGY_FACTORY_PLATFORM_FP_SAEDV432CONTRADICTION_3BAAEDB0_V1,ENGINE,STRATEGY_FACTORY_PLATFORM,EXCLUDED_PROTECTED_PLATFORM,0,100,True,False,False,sha256:e461a9bee0ef9b85a6e28ceadccc135903fb9b5d3857e186b592c95fd68be148
CHARPACKET_7066128774EAC457DB0B3F0B54BDFF50,ENG_STRATEGY_FACTORY_PLATFORM_FP_SAEDV432DELEGATION_DCED1551_V1,ENGINE,STRATEGY_FACTORY_PLATFORM,EXCLUDED_PROTECTED_PLATFORM,0,100,True,False,False,sha256:36c2bbb42e09ab78761a5d6a0a1d4cf56667df348eb22b922d47af71c4bd5f26
CHARPACKET_BFD6AA02F11F7F089A3ABA0F52F4561E,ENG_STRATEGY_FACTORY_PLATFORM_FP_SAEDV432EXPOSURE_4C138A7F_V1,ENGINE,STRATEGY_FACTORY_PLATFORM,EXCLUDED_PROTECTED_PLATFORM,0,100,True,False,False,sha256:719d148cf0636a398a6cdd6d890361a0d5d9e755b84a6c80ae2d5d2eddd5af21
CHARPACKET_E76A1F4B31177A23E3E847AE73975A88,ENG_STRATEGY_FACTORY_PLATFORM_FP_SAEDV432HANDOFF_9BEE0C9A_V1,ENGINE,STRATEGY_FACTORY_PLATFORM,EXCLUDED_PROTECTED_PLATFORM,0,100,True,False,False,sha256:e1a117a23845c7d0106aac29987fea365eaa53b90a50fbac173a19f51ab6fea6
CHARPACKET_392ED2250BD7EA5962486724E32FF6A9,ENG_STRATEGY_FACTORY_PLATFORM_FP_SAEDV432HUMANREVIEW_4519A2CC_V1,ENGINE,STRATEGY_FACTORY_PLATFORM,EXCLUDED_PROTECTED_PLATFORM,0,100,True,False,False,sha256:ec2a468b6140ef204f1040320a09f1c4e36181a4bfa854634c77e57e31aff768
CHARPACKET_085E9DED3791788764AC367889299AF1,ENG_STRATEGY_FACTORY_PLATFORM_FP_SAEDV432INCIDENT_8FCD1794_V1,ENGINE,STRATEGY_FACTORY_PLATFORM,EXCLUDED_PROTECTED_PLATFORM,0,100,True,False,False,sha256:70a228cf38ef485535d72f0ee744190038e1e4f5be8d47587e87fac9dea52d8d
CHARPACKET_68BAD5B1719EDB6364D66BB1549C4683,ENG_STRATEGY_FACTORY_PLATFORM_FP_SAEDV432MEMORYBOUNDARY_E05668C1_V1,ENGINE,STRATEGY_FACTORY_PLATFORM,EXCLUDED_PROTECTED_PLATFORM,0,100,True,False,False,sha256:d10536d0280a291a13f3522c0f175db2a2e9e88b42dea88d0d5283d4b0d225be
CHARPACKET_C2303E778DC5A1D153C2544D518FDF52,ENG_STRATEGY_FACTORY_PLATFORM_FP_SAEDV432POLICY_F2E1BA9E_V1,ENGINE,STRATEGY_FACTORY_PLATFORM,EXCLUDED_PROTECTED_PLATFORM,0,100,True,False,False,sha256:78721557a62840a30cbd7be3708b49033580f8b583c1243a5f418d50c84043db
CHARPACKET_565460029CCCBA4D7F01901A09FDD9C5,ENG_STRATEGY_FACTORY_PLATFORM_FP_SAEDV432PROMPTTASKOUTPUT_06160971_V1,ENGINE,STRATEGY_FACTORY_PLATFORM,EXCLUDED_PROTECTED_PLATFORM,0,100,True,False,False,sha256:0edeeb6c46c567b3eaffde4d290150fcedc5121d8246e012080831b8d3fdf1ae
CHARPACKET_3B5533E379DFBC55BD5B7BD5B44F881D,ENG_STRATEGY_FACTORY_PLATFORM_FP_SAEDV432QUORUM_21AF8AB2_V1,ENGINE,STRATEGY_FACTORY_PLATFORM,EXCLUDED_PROTECTED_PLATFORM,0,100,True,False,False,sha256:b806e0e76443808bc317746cc6eb5f211e491d14b93dea1347eed165ba24a2e0
CHARPACKET_F45508CEDB98962DC84185EC30B05761,ENG_STRATEGY_FACTORY_PLATFORM_FP_SAEDV432ROLE_87353A22_V1,ENGINE,STRATEGY_FACTORY_PLATFORM,EXCLUDED_PROTECTED_PLATFORM,0,100,True,False,False,sha256:81753756e4cb92c3f637f59f48321ba6f06756597852dcd0f15f4f9c3f0d93ff
CHARPACKET_0B243BC52FFCBEB9019F2431F7678267,ENG_STRATEGY_FACTORY_PLATFORM_FP_SAEDV432SOURCE_9997CC6F_V1,ENGINE,STRATEGY_FACTORY_PLATFORM,EXCLUDED_PROTECTED_PLATFORM,0,100,True,False,False,sha256:7d80a4a1e0a720114fe90590b75148d6eea8a65ccfbaa6b036ad67387fa0d886
CHARPACKET_36BC99646E013703B440B67B55A46DF0,ENG_STRATEGY_FACTORY_PLATFORM_FP_SAEDV432TASKENVELOPE_B8E9B63B_V1,ENGINE,STRATEGY_FACTORY_PLATFORM,EXCLUDED_PROTECTED_PLATFORM,0,100,True,False,False,sha256:b88eaaa02ad0c4b23b5ef065c7bcb902e378f038e1c2db7701d95d04c1e7a404
CHARPACKET_7B8448165D6DF0C5824BBD6FB428A00E,ENG_STRATEGY_FACTORY_PLATFORM_FUSIONALL_1DD1D48A_V1,ENGINE,STRATEGY_FACTORY_PLATFORM,EXCLUDED_PROTECTED_PLATFORM,0,100,True,False,False,sha256:c16f80cb714e7776f6129103436d41aac9786352dfdaef80ad9dd4404c55e1ba
CHARPACKET_700514899888B72204AC6D9325A24695,ENG_STRATEGY_FACTORY_PLATFORM_FUSIONCONTRACTS_958F8A2D_V1,ENGINE,STRATEGY_FACTORY_PLATFORM,EXCLUDED_PROTECTED_PLATFORM,30,100,True,False,False,sha256:4511b136952b21ebaf2034d8367dceb059b35352ed9cab5407811d84adbaa2f9
CHARPACKET_904CB97485BEE5A4A222BF0E35D97799,ENG_STRATEGY_FACTORY_PLATFORM_FUSIONENUMS_0356FAE2_V1,ENGINE,STRATEGY_FACTORY_PLATFORM,EXCLUDED_PROTECTED_PLATFORM,30,100,True,False,False,sha256:bcbdb8a25aca2716d18242ce6388e95fd1c1c9f0233cc46cdef7d35921cbc346
CHARPACKET_B439741BAA575A4BCD4C9EA358AE8843,ENG_STRATEGY_FACTORY_PLATFORM_FUSIONREGISTRY_562E634A_V1,ENGINE,STRATEGY_FACTORY_PLATFORM,EXCLUDED_PROTECTED_PLATFORM,0,100,True,False,False,sha256:5923b95557a17fa91a89e6b4496bd59c875de97808b6bca48f48f6f27f4050c4
CHARPACKET_944671852752DA20957E3C0BDB54AAA7,ENG_STRATEGY_FACTORY_PLATFORM_GRAPHALL_0ACCAA5B_V1,ENGINE,STRATEGY_FACTORY_PLATFORM,EXCLUDED_PROTECTED_PLATFORM,0,100,True,False,False,sha256:1a84074ca3b874b38c88afbd453f219438bd3f95e580b20eefb729546ad578b1
CHARPACKET_4D52C17E1777899C8915B7CA87DABEED,ENG_STRATEGY_FACTORY_PLATFORM_GRAPHAUTHORITY_C041D9AB_V1,ENGINE,STRATEGY_FACTORY_PLATFORM,EXCLUDED_PROTECTED_PLATFORM,0,100,True,False,False,sha256:f17d039f9688fc0a181572b4a00ff8afe55b6fa43f1f7be4a372e7689f902dd7
CHARPACKET_5CA71EC585B53E31C1A47A740D6BA44C,ENG_STRATEGY_FACTORY_PLATFORM_GRAPHCANONICAL_321397A9_V1,ENGINE,STRATEGY_FACTORY_PLATFORM,EXCLUDED_PROTECTED_PLATFORM,0,100,True,False,False,sha256:b0edf91200b5eddc45c08ffe790c7f51771b539cd9b8dc7dcddfb82140a1fe62
CHARPACKET_59BFF82ACD43019555FCB786BA181E92,ENG_STRATEGY_FACTORY_PLATFORM_GRAPHCONTRACTS_368D7654_V1,ENGINE,STRATEGY_FACTORY_PLATFORM,EXCLUDED_PROTECTED_PLATFORM,0,100,True,False,False,sha256:80bcbb8cf472f88f962049be95fcafbcb164fa714828fa28aa8c54c1efe8a923
CHARPACKET_522760B6C1C167FCD0067256CD476C43,ENG_STRATEGY_FACTORY_PLATFORM_GRAPHDIAGNOSTICS_FD44065D_V1,ENGINE,STRATEGY_FACTORY_PLATFORM,EXCLUDED_PROTECTED_PLATFORM,0,100,True,False,False,sha256:cefebe1db0b8b8c5abab46caf955f5485cbc76afd4bbad325e24b617ea5bda47
CHARPACKET_11042C4566A7A294D14A2189AA2196C2,ENG_STRATEGY_FACTORY_PLATFORM_GRAPHENUMS_2D138C7E_V1,ENGINE,STRATEGY_FACTORY_PLATFORM,EXCLUDED_PROTECTED_PLATFORM,0,100,True,False,False,sha256:d1441ef6d71872df1a0bce81e0b2c4e2b34c75e607ab9bb2f84b74fe5fdf7081
CHARPACKET_3E2C24FE917DDBDD0F772612D16FAD51,ENG_STRATEGY_FACTORY_PLATFORM_GRAPHPROJECTION_0A809851_V1,ENGINE,STRATEGY_FACTORY_PLATFORM,EXCLUDED_PROTECTED_PLATFORM,0,100,True,False,False,sha256:035579ae37d4a3b475f43bc3bed18d19af0d8493a47ae49ee07d468ca6c7b289
CHARPACKET_D48B1601576F10645523495C09C14E10,ENG_STRATEGY_FACTORY_PLATFORM_GRAPHREGISTRY_4C0E4EB3_V1,ENGINE,STRATEGY_FACTORY_PLATFORM,EXCLUDED_PROTECTED_PLATFORM,0,100,True,False,False,sha256:351ddbfc5fedcad89c55996ea497c09ee2063ab1b29f07a0a2e457d9efce7a71
CHARPACKET_B78C20825AB2D40764E02A69287B9BB8,ENG_STRATEGY_FACTORY_PLATFORM_GRAPHTEMPORAL_3414F93D_V1,ENGINE,STRATEGY_FACTORY_PLATFORM,EXCLUDED_PROTECTED_PLATFORM,0,100,True,False,False,sha256:5ab1cf568d714a213660b73c9f1d27f2c5e277605e385f23683c89f27dbb5230
CHARPACKET_5DF4CD67DF1D9537B57A7567D5685FFB,ENG_STRATEGY_FACTORY_PLATFORM_GRAPHVALIDATION_66AC36E5_V1,ENGINE,STRATEGY_FACTORY_PLATFORM,EXCLUDED_PROTECTED_PLATFORM,0,100,True,False,False,sha256:c573f1b7af134fddb22ef90a422e92627f5a4e706d828fb2102125aa8a1c4a76
CHARPACKET_7E0AE6437627151D6132E101B0019F68,ENG_STRATEGY_FACTORY_PLATFORM_ISF02_ANATOMYPROVIDER_9D0E4320_V1,ENGINE,STRATEGY_FACTORY_PLATFORM,EXCLUDED_PROTECTED_PLATFORM,0,100,True,False,False,sha256:e08e7d00392e2d94654ffc52d571f97cdf99fe78586af5a3febdabb93fe65d9a
CHARPACKET_1E576EC8F7F8FAF48C8EF0241DE971D3,ENG_STRATEGY_FACTORY_PLATFORM_ISF02_CLOCKPORT_58906534_V1,ENGINE,STRATEGY_FACTORY_PLATFORM,EXCLUDED_PROTECTED_PLATFORM,15,100,True,False,False,sha256:17c4676b754f5324f18bc6d8a364f3b0f4dcc2ab4d3d44877f3ff0fcde29466a
CHARPACKET_EBEC8080AB63A25426EFB31BE145CEE8,ENG_STRATEGY_FACTORY_PLATFORM_ISF02_EXECUTIONBOUNDARY_DBFE444E_V1,ENGINE,STRATEGY_FACTORY_PLATFORM,EXCLUDED_PROTECTED_PLATFORM,0,100,True,False,False,sha256:accbeafad7dcc68aa05af15e5b8bcf9e0c6219f4af625d89fada8d31ed5301dc
CHARPACKET_43F93FEC066F68D50EAFFC7083263787,ENG_STRATEGY_FACTORY_PLATFORM_ISF02_FEATUREPROVIDER_50B0C220_V1,ENGINE,STRATEGY_FACTORY_PLATFORM,EXCLUDED_PROTECTED_PLATFORM,0,100,True,False,False,sha256:1b9df6056072f4c583f5f61fea46388562964ddb7588ec20d95cbc2bb2c1389a
CHARPACKET_42FDD9E82702BA1611293292CB5E77F0,ENG_STRATEGY_FACTORY_PLATFORM_ISF02_LIFECYCLESERVICE_858798BE_V1,ENGINE,STRATEGY_FACTORY_PLATFORM,EXCLUDED_PROTECTED_PLATFORM,0,100,True,False,False,sha256:d6832afa7acab58fe95ec7b8e27d6676e3011d84b56f9518e4c215c6a294d7f5
CHARPACKET_8D8AEAE09A2CA908ECEE89036519637C,ENG_STRATEGY_FACTORY_PLATFORM_ISF02_MARKETDATAPORT_3624A02C_V1,ENGINE,STRATEGY_FACTORY_PLATFORM,EXCLUDED_PROTECTED_PLATFORM,15,100,True,False,False,sha256:5b02c58f047dc42bb34f75c2a66dbcdf67f32615dc872c92ce5cffa6aa4e027f
CHARPACKET_DA1B455346DA7EB2955987D7956F4A6A,ENG_STRATEGY_FACTORY_PLATFORM_ISF02_RESULTSINK_06383EDC_V1,ENGINE,STRATEGY_FACTORY_PLATFORM,EXCLUDED_PROTECTED_PLATFORM,0,100,True,False,False,sha256:87dddc9954ac0605ee40c9c3391da409f3299d8a568da00a6410270805d0a50c
CHARPACKET_BF86375EFF8B7EB3D4666A73B7EF9619,ENG_STRATEGY_FACTORY_PLATFORM_ISF02_SYMBOLSPECPORT_F3B961BE_V1,ENGINE,STRATEGY_FACTORY_PLATFORM,EXCLUDED_PROTECTED_PLATFORM,0,100,True,False,False,sha256:3770ae8686cb2d2bb6f43db79cf85b0f20608894eef13cd04b110bc5dde7c97d
CHARPACKET_55331BE0A107179D3567551FCCC30A53,ENG_STRATEGY_FACTORY_PLATFORM_ISF03_MARKETSOURCE_D0D0153D_V1,ENGINE,STRATEGY_FACTORY_PLATFORM,EXCLUDED_PROTECTED_PLATFORM,15,100,True,False,False,sha256:e9d89c8c0267dafda98b2c59caedc0684e8af992c237067f2b71910a48c58cd3
CHARPACKET_9DB22D43D88429B4FC89C91B5A987B78,ENG_STRATEGY_FACTORY_PLATFORM_ISF04_ANATOMYPLUGIN_2C88ED1E_V1,ENGINE,STRATEGY_FACTORY_PLATFORM,EXCLUDED_PROTECTED_PLATFORM,0,100,True,False,False,sha256:aa6946736953cd9a816b35f30cf7e606aab521a29d3ed1a515f3bf5e33671c9a
CHARPACKET_E6791AF1062349C738B4B2C6AC18E0BB,ENG_STRATEGY_FACTORY_PLATFORM_ISF04_PLUGINFACTORY_B1CBFD7E_V1,ENGINE,STRATEGY_FACTORY_PLATFORM,EXCLUDED_PROTECTED_PLATFORM,0,100,True,False,False,sha256:8e25f8560adfc3926a48d430555ae266b52b5a7db4b6da199aa58975501a9381
CHARPACKET_399396B6E4DC656B40B69D3D1D4EBAD8,ENG_STRATEGY_FACTORY_PLATFORM_ISF05_VERSIONEDRESULTSINK_04D79850_V1,ENGINE,STRATEGY_FACTORY_PLATFORM,EXCLUDED_PROTECTED_PLATFORM,0,100,True,False,False,sha256:fe9fa3e132fa3edaafbf0512b4beae4b505d3574b9fd9392e28e38bc7b2fede4
CHARPACKET_7D6D3620220745F6504DD93705C1419E,ENG_STRATEGY_FACTORY_PLATFORM_ISF07_FEATURENODE_661A3CBC_V1,ENGINE,STRATEGY_FACTORY_PLATFORM,EXCLUDED_PROTECTED_PLATFORM,0,100,True,False,False,sha256:b5c124c011fb91233c17dd2c209692a1d945b9ce5601d838e1c8caf35793e939
CHARPACKET_820EA13296CDE61845000996B46B1602,ENG_STRATEGY_FACTORY_PLATFORM_ISF08_ENTRYPOLICY_146B4C16_V1,ENGINE,STRATEGY_FACTORY_PLATFORM,EXCLUDED_PROTECTED_PLATFORM,0,100,True,False,False,sha256:681542234e08a995f9d1ac610d98b8a82af78bddae9d33fe5bf2387da8369492
CHARPACKET_87ED883F1BC09979316D1F2366F95702,ENG_STRATEGY_FACTORY_PLATFORM_ISF08_EXITPOLICY_76DA5918_V1,ENGINE,STRATEGY_FACTORY_PLATFORM,EXCLUDED_PROTECTED_PLATFORM,0,100,True,False,False,sha256:ac68c90cc22b87614f356cc751ab542e101c4fd1d5d918f43e1de42299876da2
CHARPACKET_B2374C79417C9D63138BC9EE861C44FA,ENG_STRATEGY_FACTORY_PLATFORM_ISF08_STOPPOLICY_014BF72F_V1,ENGINE,STRATEGY_FACTORY_PLATFORM,EXCLUDED_PROTECTED_PLATFORM,0,100,True,False,False,sha256:4e8761c1fcd1574a9cb1872f96398aced5c6f0865f43350e76af9b4bad382de9
CHARPACKET_2DC4FD5622CA6BD4B43BAA360DDD6796,ENG_STRATEGY_FACTORY_PLATFORM_MISSINGNESSGUARD_62212A91_V1,ENGINE,STRATEGY_FACTORY_PLATFORM,EXCLUDED_PROTECTED_PLATFORM,0,100,True,False,False,sha256:0ebbbfc0e3fdb2b966f0ac07d586d13f2481f4ec6f330edadbc74073d505c960
CHARPACKET_9493CE714E0878FF9D2D64565097169E,ENG_STRATEGY_FACTORY_PLATFORM_OPERATIONSCATALOG_4B6757F6_V1,ENGINE,STRATEGY_FACTORY_PLATFORM,EXCLUDED_PROTECTED_PLATFORM,0,100,True,False,False,sha256:9a53f5508b8d0eece4454f445db72c1098bf414a1dacf424fcb6ebef17e8fed6
CHARPACKET_E91AC69EDCF52BC03FAB973EDB816685,ENG_STRATEGY_FACTORY_PLATFORM_OPERATIONSCHANGEGUARD_54E953AF_V1,ENGINE,STRATEGY_FACTORY_PLATFORM,EXCLUDED_PROTECTED_PLATFORM,0,100,True,False,False,sha256:b9d2a6f318b0dbc49eb0028c63845b007ee16a263924955f9edfbe90d7b6d8f3
CHARPACKET_1313860EC5CE8A74A7375F7F988DF60F,ENG_STRATEGY_FACTORY_PLATFORM_OPERATIONSCYCLEAUTHORIZATION_8F9BD612_V1,ENGINE,STRATEGY_FACTORY_PLATFORM,EXCLUDED_PROTECTED_PLATFORM,0,100,True,False,False,sha256:fed667da45f18474e3f9524d8316d3e293ed88f6c22a0fa213562450a2c5e690
CHARPACKET_77B46D0E517C4394186CFBD4A1233095,ENG_STRATEGY_FACTORY_PLATFORM_OPERATIONSENUMS_1FC8A80F_V1,ENGINE,STRATEGY_FACTORY_PLATFORM,EXCLUDED_PROTECTED_PLATFORM,0,100,True,False,False,sha256:91a8771679cb5550fcfdf2b464b206fdec919367bfbe0165afa10682c3b9b929
CHARPACKET_24162A4C9AFA8C2DA78878CC203E26E7,ENG_STRATEGY_FACTORY_PLATFORM_OPERATIONSEODGUARD_8789B59E_V1,ENGINE,STRATEGY_FACTORY_PLATFORM,EXCLUDED_PROTECTED_PLATFORM,0,100,True,False,False,sha256:d224e9853d01c3f4b99e2428c98caabaa998ae1056f7814a2d6209f7e48949e8
CHARPACKET_E6C68382444744BF9C92D75E718FD225,ENG_STRATEGY_FACTORY_PLATFORM_OPERATIONSHASHGUARD_B9CD8482_V1,ENGINE,STRATEGY_FACTORY_PLATFORM,EXCLUDED_PROTECTED_PLATFORM,0,100,True,False,False,sha256:e818b888e9b30b339b79cbbc974bde30c85ed82db9f212d5f980b9c9bb48dfd9
CHARPACKET_14634A8BA2CFF47D57E98CD3D11E2168,ENG_STRATEGY_FACTORY_PLATFORM_OPERATIONSHEALTHGATE_D7C9E583_V1,ENGINE,STRATEGY_FACTORY_PLATFORM,EXCLUDED_PROTECTED_PLATFORM,0,100,True,False,False,sha256:18a3b16e08006048d95ebe819a32f76b38ff9077eaddcad7a10a0b6b95957716
CHARPACKET_B091539684033146818BE4DC17309BA7,ENG_STRATEGY_FACTORY_PLATFORM_OPERATIONSINCIDENTGATE_AC695C31_V1,ENGINE,STRATEGY_FACTORY_PLATFORM,EXCLUDED_PROTECTED_PLATFORM,0,100,True,False,False,sha256:b0a9afa8374ec023323ba6f54b877c70fcc8eaaea6aac93213d7f7b5c41780b9
CHARPACKET_1840D31B9AE8F72975D951C3B92D8D93,ENG_STRATEGY_FACTORY_PLATFORM_OPERATIONSKILLSWITCH_591DBAA6_V1,ENGINE,STRATEGY_FACTORY_PLATFORM,EXCLUDED_PROTECTED_PLATFORM,0,100,True,False,False,sha256:f572c865ad35e923abc14f0ee27dc5ad5c43cafd6ed330040bfa62a14b137070
CHARPACKET_76541784D15F726BC3FC9CFFCCA89130,ENG_STRATEGY_FACTORY_PLATFORM_OPERATIONSRAMPGATE_46BE8723_V1,ENGINE,STRATEGY_FACTORY_PLATFORM,EXCLUDED_PROTECTED_PLATFORM,20,100,True,False,False,sha256:91a05e7b62edc6d64c837c81a42b8bf8c8143fbcb0e7f3b42fe6b9201e1d9d69
CHARPACKET_6470182D8990F41A484CB05A7AA8CC33,ENG_STRATEGY_FACTORY_PLATFORM_OPERATIONSRECONCILIATIONGUARD_6C7A6861_V1,ENGINE,STRATEGY_FACTORY_PLATFORM,EXCLUDED_PROTECTED_PLATFORM,0,100,True,False,False,sha256:267850540cc2823ad4091c63fb04fe6966edba45ec9c2cb737af68e94da133eb
CHARPACKET_E0BA7B58F13695E11F97E6B58D541575,ENG_STRATEGY_FACTORY_PLATFORM_OPERATIONSRELEASEBINDING_5756BFCC_V1,ENGINE,STRATEGY_FACTORY_PLATFORM,EXCLUDED_PROTECTED_PLATFORM,0,100,True,False,False,sha256:5a87788e1ff0a37290e3970ea885335f27d6ccdeadb483b4712f60ee317e78dc
CHARPACKET_7F17F18A005C58021E7ADFE48F06795A,ENG_STRATEGY_FACTORY_PLATFORM_OPERATIONSRETIREMENTGUARD_AEAA4BD7_V1,ENGINE,STRATEGY_FACTORY_PLATFORM,EXCLUDED_PROTECTED_PLATFORM,0,100,True,False,False,sha256:1a506b0598cc49cce2700fd4e48b2ac03677836054e4b511d9762657bedb60f9
CHARPACKET_DA85F52E232AC2248BC812DE16D0502F,ENG_STRATEGY_FACTORY_PLATFORM_OPERATIONSRISKENVELOPE_F3440CDD_V1,ENGINE,STRATEGY_FACTORY_PLATFORM,EXCLUDED_PROTECTED_PLATFORM,0,100,True,False,False,sha256:3870e9c63277f149f7988bcbd2294b308cd080246d07bd9bae96e7009217fe26
CHARPACKET_E4CD167461355C0DE980A8653B109F59,ENG_STRATEGY_FACTORY_PLATFORM_OPERATIONSROLLBACKGUARD_961AE59D_V1,ENGINE,STRATEGY_FACTORY_PLATFORM,EXCLUDED_PROTECTED_PLATFORM,0,100,True,False,False,sha256:34a076c4643f4f02bc5fde200156cb71abb6480432332153376ec50bc985afb5
CHARPACKET_CB5D6A0E178AB495D53E49E42BE00F13,ENG_STRATEGY_FACTORY_PLATFORM_OPERATIONSRUNTIMELEASE_E5C2D95E_V1,ENGINE,STRATEGY_FACTORY_PLATFORM,EXCLUDED_PROTECTED_PLATFORM,0,100,True,False,False,sha256:170e9d2a1b3c41c37d492c9e987a66c1c7083b4e208d2eba3fc188480f0283d8
CHARPACKET_08D3AABC7F9E4FE8D6DEC3D08B202FDA,ENG_STRATEGY_FACTORY_PLATFORM_OPERATIONSTARGETBINDING_807AE242_V1,ENGINE,STRATEGY_FACTORY_PLATFORM,EXCLUDED_PROTECTED_PLATFORM,0,100,True,False,False,sha256:f40d6bcede3cb18b0db609b31bd199e6df9d1105aa076c4ec89b103c9208887f
CHARPACKET_C6C7B16E6D2A38E47CAF858663001078,ENG_STRATEGY_FACTORY_PLATFORM_OPERATIONSTELEMETRY_96DB7919_V1,ENGINE,STRATEGY_FACTORY_PLATFORM,EXCLUDED_PROTECTED_PLATFORM,0,100,True,False,False,sha256:3135e6393812a41b5db08c95e2fe6d311b671958e03df76b47cd5b3b6ea22304
CHARPACKET_7FFA6CE3992450CCF0599AF5DA18E66F,ENG_STRATEGY_FACTORY_PLATFORM_PORTFOLIOALLOCATOR_D0F0C478_V1,ENGINE,STRATEGY_FACTORY_PLATFORM,EXCLUDED_PROTECTED_PLATFORM,0,100,True,False,False,sha256:818e339b0e74677d0bb8c2239247a91304fbe7be5f85b1c39b31f0553906317d
CHARPACKET_0EB438152D47F1BE89C4FE988C7933E6,ENG_STRATEGY_FACTORY_PLATFORM_PORTFOLIOALL_DE7E073A_V1,ENGINE,STRATEGY_FACTORY_PLATFORM,EXCLUDED_PROTECTED_PLATFORM,0,100,True,False,False,sha256:32804f101f4bdf854bbb78afc8d52a8cf05f9ff41575dba413c7f159f4b4a460
CHARPACKET_D4D3864B554EC4C228D05FBEB4BD5012,ENG_STRATEGY_FACTORY_PLATFORM_PORTFOLIOCAPACITY_6C1F67F2_V1,ENGINE,STRATEGY_FACTORY_PLATFORM,EXCLUDED_PROTECTED_PLATFORM,0,100,True,False,False,sha256:b25d4bb0581dafc46bde7886b56e70998db411e2f8bec02607bca9380c5d06ba
CHARPACKET_E6C0E857986027ADB96F9F5F696DAF1B,ENG_STRATEGY_FACTORY_PLATFORM_PORTFOLIOCATALOG_7E9FA01D_V1,ENGINE,STRATEGY_FACTORY_PLATFORM,EXCLUDED_PROTECTED_PLATFORM,0,100,True,False,False,sha256:1e9d9578fc295e2b0c0a1477875863b86658089900cbbd6db88f94844f169702
CHARPACKET_6DBB386A3EA2282264A053D3DCDAE167,ENG_STRATEGY_FACTORY_PLATFORM_PORTFOLIODEPENDENCE_7DEA034A_V1,ENGINE,STRATEGY_FACTORY_PLATFORM,EXCLUDED_PROTECTED_PLATFORM,0,100,True,False,False,sha256:28d444ee9a147f7e95388d258ce0f3fbd67410b0c595f22b20f4d04e4f4c0615
CHARPACKET_79BFBC0D5E3117ECF13DA97D51F8B08E,ENG_STRATEGY_FACTORY_PLATFORM_PORTFOLIOENUMS_F3533354_V1,ENGINE,STRATEGY_FACTORY_PLATFORM,EXCLUDED_PROTECTED_PLATFORM,0,100,True,False,False,sha256:dfabbda76239c1a51a9ff0243b53db5aa14f217f67a87eeb7b2ef0fa36dc2cea
CHARPACKET_6ED72F788D53E55C56514FFF1BEA99E8,ENG_STRATEGY_FACTORY_PLATFORM_PORTFOLIOINTERACTION_9B06A4DA_V1,ENGINE,STRATEGY_FACTORY_PLATFORM,EXCLUDED_PROTECTED_PLATFORM,0,100,True,False,False,sha256:e25dd5a94053f1f8da9be815ad3a284529ca40a1289cbf0e49358b55e35f1433
CHARPACKET_3E7B8CDC16DDF0AEA2F5175F326143CB,ENG_STRATEGY_FACTORY_PLATFORM_PORTFOLIOLIMITS_59603671_V1,ENGINE,STRATEGY_FACTORY_PLATFORM,EXCLUDED_PROTECTED_PLATFORM,0,100,True,False,False,sha256:291cb6429b2cbf672b0dc4e7d92523e2ecfaa867f8ce0c5d41dd7478d64aa430
CHARPACKET_E54879FBBBBFCB92659B637BA6A866E8,ENG_STRATEGY_FACTORY_PLATFORM_PORTFOLIOMONITORING_039DE954_V1,ENGINE,STRATEGY_FACTORY_PLATFORM,EXCLUDED_PROTECTED_PLATFORM,0,100,True,False,False,sha256:fc84ec743a5bb90d3dadb582f278f5b115c51aff60b89a339504b7eb1e8543ba
CHARPACKET_4E4D49B225F63379612B0060F930A0CE,ENG_STRATEGY_FACTORY_PLATFORM_PORTFOLIOOPPORTUNITY_178FE9BD_V1,ENGINE,STRATEGY_FACTORY_PLATFORM,EXCLUDED_PROTECTED_PLATFORM,0,100,True,False,False,sha256:a5528ea9637f56e1aa0d5295f2ae7e15739edb3bc7d7cb8255ae1778fe1af974
CHARPACKET_1921880D5B9D7E0B951C9B66FB149AAA,ENG_STRATEGY_FACTORY_PLATFORM_PORTFOLIORECONCILIATION_61555F32_V1,ENGINE,STRATEGY_FACTORY_PLATFORM,EXCLUDED_PROTECTED_PLATFORM,0,100,True,False,False,sha256:9e1752eb8eb0e35a3df611c53664ecbbc8f0d2adb3ef1e968e69b716f1b94eb1
CHARPACKET_2BD76A1E2F3B3C75FE6546341DDA88F4,ENG_STRATEGY_FACTORY_PLATFORM_PORTFOLIORESERVATION_4B93227C_V1,ENGINE,STRATEGY_FACTORY_PLATFORM,EXCLUDED_PROTECTED_PLATFORM,0,100,True,False,False,sha256:4a9eca8a5b42d1213754eaa26d19553a16fca3f43e9a7dcfcb73f706434693b8
CHARPACKET_B46215F19D42898CCFEB7A7E41C9E2DC,ENG_STRATEGY_FACTORY_PLATFORM_PORTFOLIORUNTIMEBUNDLE_F5F6741E_V1,ENGINE,STRATEGY_FACTORY_PLATFORM,EXCLUDED_PROTECTED_PLATFORM,0,100,True,False,False,sha256:d7898bd632798674dd9d6048a122f53b0c2c9efe09777edb1f16b0e55a90bd42
CHARPACKET_480783D41859F2E92B1AD887BDB89BD3,ENG_STRATEGY_FACTORY_PLATFORM_QUALIFICATIONARTIFACTVERIFIER_50B33C4A_V1,ENGINE,STRATEGY_FACTORY_PLATFORM,EXCLUDED_PROTECTED_PLATFORM,0,100,True,False,False,sha256:e5ac0dd9aac6f99e145f68d4b9d758e5425bb9e0fa1cb4e0cffc43cef9d6088b
CHARPACKET_48BAC43EE8FD1DFD0A0870881F81CECD,ENG_STRATEGY_FACTORY_PLATFORM_QUALIFICATIONCATALOG_6C3F0FA5_V1,ENGINE,STRATEGY_FACTORY_PLATFORM,EXCLUDED_PROTECTED_PLATFORM,0,100,True,False,False,sha256:7e911b08ba54956066cd7b31877370d0a9e98fdb8ba17cfb8648f0efb3dc44f0
CHARPACKET_B2A706494BE0D645A8FE1EFEBAE0B6BC,ENG_STRATEGY_FACTORY_PLATFORM_QUALIFICATIONCHAOSEVIDENCE_2909F2E1_V1,ENGINE,STRATEGY_FACTORY_PLATFORM,EXCLUDED_PROTECTED_PLATFORM,0,100,True,False,False,sha256:5b80295bf9e6aaf5229a65786cbec97bdede59031b4e49776f9a496e2d190743
CHARPACKET_F6E1063A1F81109328FE7CBB3B5DE4D1,ENG_STRATEGY_FACTORY_PLATFORM_QUALIFICATIONCOMPILEEVIDENCE_78064F10_V1,ENGINE,STRATEGY_FACTORY_PLATFORM,EXCLUDED_PROTECTED_PLATFORM,0,100,True,False,False,sha256:c0245fe2b4c63776cdca8a53ce87f4c6e48231bccbf26f37b09ab4649f194901
CHARPACKET_8FB974178E69310FF5FFC90D8FE88B95,ENG_STRATEGY_FACTORY_PLATFORM_QUALIFICATIONDIFFERENTIALEVIDENCE_6244F4CA_V1,ENGINE,STRATEGY_FACTORY_PLATFORM,EXCLUDED_PROTECTED_PLATFORM,0,100,True,False,False,sha256:617ea82a4fa6a31ecb87ce5cb041df3b46716755149eed915ca75ef7af2ef77c
CHARPACKET_B7F8F410DCB7D04ED752D8B0572402A8,ENG_STRATEGY_FACTORY_PLATFORM_QUALIFICATIONENUMS_55A6B5C6_V1,ENGINE,STRATEGY_FACTORY_PLATFORM,EXCLUDED_PROTECTED_PLATFORM,0,100,True,False,False,sha256:46b0ef972fa8c87085ef67ee6947d02b50e6258dc151e0ade8b80f663a883fbb
CHARPACKET_B3167629B514CBE9A35B4010AE786933,ENG_STRATEGY_FACTORY_PLATFORM_QUALIFICATIONGATE_5978C51E_V1,ENGINE,STRATEGY_FACTORY_PLATFORM,EXCLUDED_PROTECTED_PLATFORM,0,100,True,False,False,sha256:bd4dedccb2c95b6fbeb44447d1f6baeec20664c48a71dc7af708548299a548f5
CHARPACKET_F208F892CC4E2CF79354EE418A5BDFF6,ENG_STRATEGY_FACTORY_PLATFORM_QUALIFICATIONKILLSWITCH_73C81D3A_V1,ENGINE,STRATEGY_FACTORY_PLATFORM,EXCLUDED_PROTECTED_PLATFORM,0,100,True,False,False,sha256:5daeb710066e0a141be40f4fbf2ea1f8115f2a8bc65841677410e2532764529a
CHARPACKET_19A8F6C24DA72E6F9CD75F2803E3BC12,ENG_STRATEGY_FACTORY_PLATFORM_QUALIFICATIONPROSPECTIVESTAGE_6D772D48_V1,ENGINE,STRATEGY_FACTORY_PLATFORM,EXCLUDED_PROTECTED_PLATFORM,20,100,True,False,False,sha256:0555992fadd18914af7610c22ae8402a092ef4eeb6511e2c2a340781f5b3d08c
CHARPACKET_47EFB393EFCFD4827AA557C4097B40EE,ENG_STRATEGY_FACTORY_PLATFORM_QUALIFICATIONRECONCILIATIONGUARD_95A74B55_V1,ENGINE,STRATEGY_FACTORY_PLATFORM,EXCLUDED_PROTECTED_PLATFORM,0,100,True,False,False,sha256:842fbeb4691dac7ab322336daa35a0e48c48ecc2432a70835a806e0934399cc3
CHARPACKET_BB6ABFB5588438D1DCAE7EE09E5B16F6,ENG_STRATEGY_FACTORY_PLATFORM_QUALIFICATIONRECOVERYEVIDENCE_3D28EB26_V1,ENGINE,STRATEGY_FACTORY_PLATFORM,EXCLUDED_PROTECTED_PLATFORM,0,100,True,False,False,sha256:4df46a52e4706bbd9ee698ddc23c4390ed458ae8e3f459d4317f89b7048c9f0c
CHARPACKET_B2E793EE1CAAFAAEAED43DB90C3DCDCF,ENG_STRATEGY_FACTORY_PLATFORM_QUALIFICATIONRELEASEMANIFEST_193FDFF8_V1,ENGINE,STRATEGY_FACTORY_PLATFORM,EXCLUDED_PROTECTED_PLATFORM,0,100,True,False,False,sha256:682d67b021f63f50e9dfc57567fd9dfd34619ff4425effa4a2675ffdd79e2d04
CHARPACKET_E12CCF26065E0FE68C9C8A99F376824E,ENG_STRATEGY_FACTORY_PLATFORM_QUALIFICATIONSECURITYEVIDENCE_3D36A1F0_V1,ENGINE,STRATEGY_FACTORY_PLATFORM,EXCLUDED_PROTECTED_PLATFORM,0,100,True,False,False,sha256:6b80dc86d9b936e142fa5b75fd898b40d05073df8bb688993a1b355020b78209
CHARPACKET_033DA6DD2BF74EF2062CC7B5C5D712BF,ENG_STRATEGY_FACTORY_PLATFORM_QUALIFICATIONSOAKEVIDENCE_9C7C9147_V1,ENGINE,STRATEGY_FACTORY_PLATFORM,EXCLUDED_PROTECTED_PLATFORM,0,100,True,False,False,sha256:2d9060ddbc2d4a9ac07afbca6750e82eec6c6773ad048c5731ffc0422757c698
CHARPACKET_14AF887FDF077F84805B045D77E413E1,ENG_STRATEGY_FACTORY_PLATFORM_QUALIFICATIONTELEMETRY_BC73A803_V1,ENGINE,STRATEGY_FACTORY_PLATFORM,EXCLUDED_PROTECTED_PLATFORM,0,100,True,False,False,sha256:54d4ddf168f0bb4ec86c11e525d2df3b6c05dcbe3f5ef59c21afd9ee83413e62
CHARPACKET_DE6ABEF5EA5B0F0F4FE1E4D937E1229F,ENG_STRATEGY_FACTORY_PLATFORM_QUALITYGATE_AEF8D040_V1,ENGINE,STRATEGY_FACTORY_PLATFORM,EXCLUDED_PROTECTED_PLATFORM,0,100,True,False,False,sha256:76f573408773be787db27b42663c896b8583740f45d38d296f0f8b4152c213c0
CHARPACKET_16C16432CB00EC9BB0218EE613A06432,ENG_STRATEGY_FACTORY_PLATFORM_SAEDV400_ALL_0E66DDD1_V1,ENGINE,STRATEGY_FACTORY_PLATFORM,EXCLUDED_PROTECTED_PLATFORM,0,100,True,False,False,sha256:0761d61654a0d97ceb632041aa27e5824f20c31940638731641e6ec237d490d6
CHARPACKET_6E8E3D9015E9F05215B361B0A6304181,ENG_STRATEGY_FACTORY_PLATFORM_SAEDV400_AUTHORITY_338F39CB_V1,ENGINE,STRATEGY_FACTORY_PLATFORM,EXCLUDED_PROTECTED_PLATFORM,30,100,True,False,False,sha256:1c955ff3d095c88423e13c09f5443db46942503cfcb11cad5b8aa4f47be39a53
CHARPACKET_25EC1F90223456241120D38C297CC990,ENG_STRATEGY_FACTORY_PLATFORM_SAEDV400_CONSTITUTION_80108D7E_V1,ENGINE,STRATEGY_FACTORY_PLATFORM,EXCLUDED_PROTECTED_PLATFORM,0,100,True,False,False,sha256:6f424372c2b026f38ca658151bc107aec10a4416c72b7c633e449de09957b628
CHARPACKET_581B16B148D06A68ECD58ECE09C70C29,ENG_STRATEGY_FACTORY_PLATFORM_SAEDV400_CONTRACTS_BF6DE206_V1,ENGINE,STRATEGY_FACTORY_PLATFORM,EXCLUDED_PROTECTED_PLATFORM,0,100,True,False,False,sha256:a9c8049c769abfa1a8e0c7cff00a7dcae25019fdfc137bd5b7d263e8856d3138
CHARPACKET_E85B9EB998AA6BD0B673AD7A5D2ECAEC,ENG_STRATEGY_FACTORY_PLATFORM_SAEDV400_CROSSWALK_D7E6EED7_V1,ENGINE,STRATEGY_FACTORY_PLATFORM,EXCLUDED_PROTECTED_PLATFORM,30,100,True,False,False,sha256:08b4bed60fb4a945d1879501b47ce8730d6be09956ae7d5db8bb58d37b6f7795
CHARPACKET_AB57EA86DEFE2BB8B866A1D7E017C330,ENG_STRATEGY_FACTORY_PLATFORM_SAEDV400_ENUMS_E9B1DA9F_V1,ENGINE,STRATEGY_FACTORY_PLATFORM,EXCLUDED_PROTECTED_PLATFORM,0,100,True,False,False,sha256:ccabdb7bcb63aee5702357ce33837ec2981eae199a6e1898a5d4a47815b603d5
CHARPACKET_B40B902D21DE19DF9E491B9B66D511D8,ENG_STRATEGY_FACTORY_PLATFORM_SAEDV400_EVIDENCEFIREWALL_E2C43BEF_V1,ENGINE,STRATEGY_FACTORY_PLATFORM,EXCLUDED_PROTECTED_PLATFORM,30,100,True,False,False,sha256:936c5b74946cca5e9d1853bfca4e14393697e7ea95b5d15fee3b7b643cb96751
CHARPACKET_C56867E9EEB563937B36B01E80461E71,ENG_STRATEGY_FACTORY_PLATFORM_SAEDV410AUTHORITY_825A6CFB_V1,ENGINE,STRATEGY_FACTORY_PLATFORM,EXCLUDED_PROTECTED_PLATFORM,0,100,True,False,False,sha256:48449e66a0316050ebe669d0227682684e1a8511a5cb93b71f7caa7e38de04f0
CHARPACKET_1932781333DB95A97163AEAB22200E66,ENG_STRATEGY_FACTORY_PLATFORM_SAEDV410BASELINE_3BFBFBCB_V1,ENGINE,STRATEGY_FACTORY_PLATFORM,EXCLUDED_PROTECTED_PLATFORM,0,100,True,False,False,sha256:d509fe0ffb66fab573843935f86f7fb47056223841d44a1ac6ef302db74995fb
CHARPACKET_07FD63CD2C3A208D91D8E5DDADA24099,ENG_STRATEGY_FACTORY_PLATFORM_SAEDV410CANONICAL_01E5D700_V1,ENGINE,STRATEGY_FACTORY_PLATFORM,EXCLUDED_PROTECTED_PLATFORM,0,100,True,False,False,sha256:135e8fcef5cac821c8d9cd364c84b4b4ee97e975500d95fdb53542508f2e5d74
CHARPACKET_CB4712EBF818017AB4ED16D02797FCCB,ENG_STRATEGY_FACTORY_PLATFORM_SAEDV410CONFORMANCE_58A21BF6_V1,ENGINE,STRATEGY_FACTORY_PLATFORM,EXCLUDED_PROTECTED_PLATFORM,0,100,True,False,False,sha256:2862a3f8f1a7c5a041a2bd60e51c2722dbb80143f2ab74dda1d1c2bf42b8e3d3
CHARPACKET_29EEA3EDA245F792295AF355D0743054,ENG_STRATEGY_FACTORY_PLATFORM_SAEDV410INTERPRETER_F362D648_V1,ENGINE,STRATEGY_FACTORY_PLATFORM,EXCLUDED_PROTECTED_PLATFORM,0,100,True,False,False,sha256:06f40536a02ce717103699d7513b84ce9a95ce109692c9478353be986ad5ddb0
CHARPACKET_63CA001C6399609D3AF375169BF030C2,ENG_STRATEGY_FACTORY_PLATFORM_SAEDV410PROGRAM_522C9F84_V1,ENGINE,STRATEGY_FACTORY_PLATFORM,EXCLUDED_PROTECTED_PLATFORM,0,100,True,False,False,sha256:d4bc4715c933e72e651e8b3ae5c6e6e4bddcc730e65e90de83c5dc574b8e8252
CHARPACKET_A791F1E7CFDA9BEE6709A89243289864,ENG_STRATEGY_FACTORY_PLATFORM_SAEDV410TYPES_85A3357D_V1,ENGINE,STRATEGY_FACTORY_PLATFORM,EXCLUDED_PROTECTED_PLATFORM,0,100,True,False,False,sha256:8584cab0d90dfd43c5d0a52b43d91ee83dcdd55eb0a869cdaf94dba44d1d6f66
CHARPACKET_1D7FEC7DF4941129AA5218C8D09B8C23,ENG_STRATEGY_FACTORY_PLATFORM_SAEDV410VERSION_21665C22_V1,ENGINE,STRATEGY_FACTORY_PLATFORM,EXCLUDED_PROTECTED_PLATFORM,0,100,True,False,False,sha256:e6042305248e8f9bc217d7da00df0e71914a913507056789f04120b40ecc1ca5
CHARPACKET_98461A9545272344B28216BEC4D7BDED,ENG_STRATEGY_FACTORY_PLATFORM_SAEDV411AUTHORITY_60F2D22A_V1,ENGINE,STRATEGY_FACTORY_PLATFORM,EXCLUDED_PROTECTED_PLATFORM,0,100,True,False,False,sha256:a6f47579259f8dcf0161cbc8c788e16f61ac5fe2953722310124d40a65bfd409
CHARPACKET_554583A887EAEAEE7D0D9E45BF5B08D0,ENG_STRATEGY_FACTORY_PLATFORM_SAEDV411CANONICAL_249279E8_V1,ENGINE,STRATEGY_FACTORY_PLATFORM,EXCLUDED_PROTECTED_PLATFORM,0,100,True,False,False,sha256:ff87739bc6a672a8e49364dbf386e2c0dc16ee731dd20b3e8cc93eedfd8884ea
CHARPACKET_E9D28A983D7B8F1F891B5F24B00C3901,ENG_STRATEGY_FACTORY_PLATFORM_SAEDV411CHECKPOINT_C7BE69E0_V1,ENGINE,STRATEGY_FACTORY_PLATFORM,EXCLUDED_PROTECTED_PLATFORM,0,100,True,False,False,sha256:ad823586fb4d8f95e4ced0cf90068bc9d82f8b8f703182e1d3b5ddeab239f6fe
CHARPACKET_7E5948C5B5818ABFD10B43CC5B616964,ENG_STRATEGY_FACTORY_PLATFORM_SAEDV411CONTRACTS_61431043_V1,ENGINE,STRATEGY_FACTORY_PLATFORM,EXCLUDED_PROTECTED_PLATFORM,0,100,True,False,False,sha256:ae8dfddb05eda2121c1477030309c72062651739afcb3d21951eee103af244ae
CHARPACKET_7B24D9E8DA9AE4C8E2387E2786A13C24,ENG_STRATEGY_FACTORY_PLATFORM_SAEDV411HANDOFF_49BE9EFD_V1,ENGINE,STRATEGY_FACTORY_PLATFORM,EXCLUDED_PROTECTED_PLATFORM,0,100,True,False,False,sha256:bba77bf96fdad0fdbe9177fbf4c4bc5a7cb7ffc749ca06d9ca509a81f3653978
CHARPACKET_23E33B272BDB199162021C89076E310F,ENG_STRATEGY_FACTORY_PLATFORM_SAEDV411STATICMIRROR_F16669B3_V1,ENGINE,STRATEGY_FACTORY_PLATFORM,EXCLUDED_PROTECTED_PLATFORM,0,100,True,False,False,sha256:46edc47609d04ac640fa08cb7e2dee16b6e4de973fa10c5905767b0e4ebaf35d
CHARPACKET_37BB907002B222744DA4475B1955CFC4,ENG_STRATEGY_FACTORY_PLATFORM_SAEDV411TELEMETRY_ACA633D3_V1,ENGINE,STRATEGY_FACTORY_PLATFORM,EXCLUDED_PROTECTED_PLATFORM,0,100,True,False,False,sha256:6453e22542636cd4fc9c55d85bdf52e9124eac905bd8b494e7e371691bc40dcf
CHARPACKET_D098F5305EFBE943CE6435DD77A75CE8,ENG_STRATEGY_FACTORY_PLATFORM_SAEDV411TOKENSTREAM_7536DDBA_V1,ENGINE,STRATEGY_FACTORY_PLATFORM,EXCLUDED_PROTECTED_PLATFORM,0,100,True,False,False,sha256:471c8654ed826e4c2a8e602ff862202c8a07c3e54a07d8fe18d4b513bb55fb9b
CHARPACKET_4B3EF2848FE9D69B9A23D1825997AB81,ENG_STRATEGY_FACTORY_PLATFORM_SAEDV411VERSION_75725032_V1,ENGINE,STRATEGY_FACTORY_PLATFORM,EXCLUDED_PROTECTED_PLATFORM,0,100,True,False,False,sha256:1f45d4b6e34ec43ddd5dd73749755194e680674ad4a38596dfbd4ae64977a12d
CHARPACKET_A8347AE7C7183F563BF2EEFA05F3C073,ENG_STRATEGY_FACTORY_PLATFORM_SAEDV413AUTHORITYBOUNDARY_2D9DC7FF_V1,ENGINE,STRATEGY_FACTORY_PLATFORM,EXCLUDED_PROTECTED_PLATFORM,0,100,True,False,False,sha256:c99b2b7d486e69647c8e43a24540f78ffc7703efbcfa2c58512062f3191d9869
CHARPACKET_9AD2EF178AF4855C2051F0EFA170FE00,ENG_STRATEGY_FACTORY_PLATFORM_SAEDV413CHECKPOINTCONTRACT_58226800_V1,ENGINE,STRATEGY_FACTORY_PLATFORM,EXCLUDED_PROTECTED_PLATFORM,0,100,True,False,False,sha256:57f1a958cb7ce914e944a24ff2b10bba638e5a33c5ecf977732b9d87cb5af3b8
CHARPACKET_B4A08099FC8F9B1C02C65D0177C5BD95,ENG_STRATEGY_FACTORY_PLATFORM_SAEDV413CONFORMANCE_D0F49AE5_V1,ENGINE,STRATEGY_FACTORY_PLATFORM,EXCLUDED_PROTECTED_PLATFORM,0,100,True,False,False,sha256:b1f2907332891c7d529e7892724e605a8816cf9eed0b5f2e5b7e0df12e33b6e3
CHARPACKET_8554F1D09953C4FD2539686A88F860BF,ENG_STRATEGY_FACTORY_PLATFORM_SAEDV413FAILUREPOLICY_D6E96526_V1,ENGINE,STRATEGY_FACTORY_PLATFORM,EXCLUDED_PROTECTED_PLATFORM,0,100,True,False,False,sha256:b64b12eda69dd47b1b46b3d7ab97cdaac66e553e3a0ff92039519cd6bf283c1d
CHARPACKET_3895E72892F9FF440ADCA1E7D59133C1,ENG_STRATEGY_FACTORY_PLATFORM_SAEDV413GRAPHCONTRACT_D43204AD_V1,ENGINE,STRATEGY_FACTORY_PLATFORM,EXCLUDED_PROTECTED_PLATFORM,0,100,True,False,False,sha256:9f6e47e3f4ebc8bd70e212383ba0db83491e868c72ba1109552a7a9d7bccf85c
CHARPACKET_6E2C35750FAD22943F82916609F79B07,ENG_STRATEGY_FACTORY_PLATFORM_SAEDV413HYPERGRAPHPROPAGATION_F637266B_V1,ENGINE,STRATEGY_FACTORY_PLATFORM,EXCLUDED_PROTECTED_PLATFORM,0,100,True,False,False,sha256:9c1c97d1ad00073a9e9291eaa38f5005f92d42b062051d9ecd42755ad392fdc6
CHARPACKET_124FD2AED0363D50AEBE7B636C3AC9C3,ENG_STRATEGY_FACTORY_PLATFORM_SAEDV413INCIDENCE_AA315097_V1,ENGINE,STRATEGY_FACTORY_PLATFORM,EXCLUDED_PROTECTED_PLATFORM,0,100,True,False,False,sha256:0bdb94d1b4567d967fd55022d702425cd54beaa83df738507088d1de5605ddd5
CHARPACKET_FE45B148D1F4973C8B8AB6052522477B,ENG_STRATEGY_FACTORY_PLATFORM_SAEDV413RELATIONALPROPAGATION_EB245F15_V1,ENGINE,STRATEGY_FACTORY_PLATFORM,EXCLUDED_PROTECTED_PLATFORM,0,100,True,False,False,sha256:67643195c18c42b8eb1ca644339ff5ea1d88fd416eb0c8f3cb343162ed41b72f
CHARPACKET_7B4D70F2BEDA0669F0A91C5E9829BE48,ENG_STRATEGY_FACTORY_PLATFORM_SAEDV413TEMPORALGUARD_D9C2051C_V1,ENGINE,STRATEGY_FACTORY_PLATFORM,EXCLUDED_PROTECTED_PLATFORM,0,100,True,False,False,sha256:fd776792886b31054d3cab6910302c6311415197ec0ab058324e1a9dafc0342e
CHARPACKET_DD3760AD97ADB263592018616969C57E,ENG_STRATEGY_FACTORY_PLATFORM_SAEDV413TYPES_F210BAA3_V1,ENGINE,STRATEGY_FACTORY_PLATFORM,EXCLUDED_PROTECTED_PLATFORM,0,100,True,False,False,sha256:7735e29dd3b990258de196c5443de8a3517b729a0d5393bb155836a1cc411588
CHARPACKET_E9CCAB688865292001EA39F6DEEB380C,ENG_STRATEGY_FACTORY_PLATFORM_SAEDV413VERSION_01A21D1A_V1,ENGINE,STRATEGY_FACTORY_PLATFORM,EXCLUDED_PROTECTED_PLATFORM,0,100,True,False,False,sha256:c33550dd1cd37414c977f815e6a2905bdb10362862a8b62480fa30721c032802
CHARPACKET_95A3905098C0DD4D98AAA7281E9BB074,ENG_STRATEGY_FACTORY_PLATFORM_SAEDV414AUTHORITYBOUNDARY_CF52FBD4_V1,ENGINE,STRATEGY_FACTORY_PLATFORM,EXCLUDED_PROTECTED_PLATFORM,30,100,True,False,False,sha256:4ab75862877b03dbed33a3d8164478e2491b60e1a842fd0dbdaa667ca78bd48b
CHARPACKET_B5BABE78A25967921CB15C6340D79FA5,ENG_STRATEGY_FACTORY_PLATFORM_SAEDV414CONFORMANCE_3D5EFC83_V1,ENGINE,STRATEGY_FACTORY_PLATFORM,EXCLUDED_PROTECTED_PLATFORM,0,100,True,False,False,sha256:7610f31e37984d20546e5d05b6b3e7aec79d2675869f326bdd596fa4e82a1f43
CHARPACKET_F023E146E3BEA21CA998A60A1216EA16,ENG_STRATEGY_FACTORY_PLATFORM_SAEDV414DIGESTGUARD_354FADFC_V1,ENGINE,STRATEGY_FACTORY_PLATFORM,EXCLUDED_PROTECTED_PLATFORM,0,100,True,False,False,sha256:326297ce6b05451ed788e7b0335c37496fa3e6598c7403dfae8d5f8c9fb57d5d
CHARPACKET_D8EEFA976885DBF0FDEE590E838D5936,ENG_STRATEGY_FACTORY_PLATFORM_SAEDV414DOMAINSHIFTGUARD_39BADD48_V1,ENGINE,STRATEGY_FACTORY_PLATFORM,EXCLUDED_PROTECTED_PLATFORM,0,100,True,False,False,sha256:2d846e8c66331aa2c68d24ffadac942f2e4705504edf708ddaeced6e59b81730
CHARPACKET_A381A5B43A092E3ADBBD7BC5B273C7BB,ENG_STRATEGY_FACTORY_PLATFORM_SAEDV414FALLBACKPOLICY_F49E5226_V1,ENGINE,STRATEGY_FACTORY_PLATFORM,EXCLUDED_PROTECTED_PLATFORM,0,100,True,False,False,sha256:681171fcae19ab36fcad09fbf2023a074dafb23700af299c9d9da02b9ae674db
CHARPACKET_1D0EBCF4F3833ED70DF14D12FBA0E763,ENG_STRATEGY_FACTORY_PLATFORM_SAEDV414FEATURECONTRACT_B751A5FF_V1,ENGINE,STRATEGY_FACTORY_PLATFORM,EXCLUDED_PROTECTED_PLATFORM,0,100,True,False,False,sha256:29d7a8f98a7b9b37783aec2b7f20d9defe737ad1102b2bcee75cd033fac7f45c
CHARPACKET_120DE63CC174092B546ECCC46E6E2DE6,ENG_STRATEGY_FACTORY_PLATFORM_SAEDV414KNOWNTIMEGUARD_41A8EC6A_V1,ENGINE,STRATEGY_FACTORY_PLATFORM,EXCLUDED_PROTECTED_PLATFORM,0,100,True,False,False,sha256:d1489f14c4698375751474828e01f1a14061b1d58f4d8d71df771ee8fdae2b89
CHARPACKET_48D53D7E56049C8464CDCE9989BCFDFB,ENG_STRATEGY_FACTORY_PLATFORM_SAEDV414QUANTILEGUARD_0B6B3AE0_V1,ENGINE,STRATEGY_FACTORY_PLATFORM,EXCLUDED_PROTECTED_PLATFORM,0,100,True,False,False,sha256:b9748d458c3794ff9cfc360151ccab1fbe1453719d5e609c89e9222ae17637ac
CHARPACKET_0F4A738C9E5020BDCDAB1DB0FFDB1BC4,ENG_STRATEGY_FACTORY_PLATFORM_SAEDV414REGISTRYCONTRACT_A9C551DD_V1,ENGINE,STRATEGY_FACTORY_PLATFORM,EXCLUDED_PROTECTED_PLATFORM,0,100,True,False,False,sha256:044841357fcb2ad8efc8c0589206b9dde9a5382d7456b5e711d82f74173dd45f
CHARPACKET_1F0E19046A8CC7FA1AB975AB94A77AB3,ENG_STRATEGY_FACTORY_PLATFORM_SAEDV414TYPES_C3F38DF4_V1,ENGINE,STRATEGY_FACTORY_PLATFORM,EXCLUDED_PROTECTED_PLATFORM,0,100,True,False,False,sha256:357320859358878252b1e312d3e3e3d17ee2c7b202c56e951e5c1828d1909a87
CHARPACKET_8CD166E3AB003E1FDD61E09C741478B5,ENG_STRATEGY_FACTORY_PLATFORM_SAEDV414VERSION_3DF58F05_V1,ENGINE,STRATEGY_FACTORY_PLATFORM,EXCLUDED_PROTECTED_PLATFORM,0,100,True,False,False,sha256:7bae7a4ee9802e224b016dad79fc2d3e81f812a7b8dffbd87271ca3d5c635e66
CHARPACKET_9C9A3B6F778E88A6FD99EFA63B5DD2B3,ENG_STRATEGY_FACTORY_PLATFORM_SAEDV416AUTHORITYBOUNDARY_8B80671B_V1,ENGINE,STRATEGY_FACTORY_PLATFORM,EXCLUDED_PROTECTED_PLATFORM,0,100,True,False,False,sha256:9dbc2e20e26c0ab85bbd2cb6fbece891bbbcf36be4152a54be16937f55a1a5fb
CHARPACKET_60FB5249C79B764BA559F4522BD92158,ENG_STRATEGY_FACTORY_PLATFORM_SAEDV416CALIBRATIONGUARD_57096A1E_V1,ENGINE,STRATEGY_FACTORY_PLATFORM,EXCLUDED_PROTECTED_PLATFORM,0,100,True,False,False,sha256:ccb36d3c064f5342a0238f8f46a1583d9ed615fc01ae85a29b32727cbf76a112
CHARPACKET_275565F062717C00427582F11A1BCDEE,ENG_STRATEGY_FACTORY_PLATFORM_SAEDV416CENSORINGGUARD_0041DBFB_V1,ENGINE,STRATEGY_FACTORY_PLATFORM,EXCLUDED_PROTECTED_PLATFORM,0,100,True,False,False,sha256:0cbb3c919c29822f8e53905a0b3aed9c2dd74a04d073658e3ca655582ad7e61d
CHARPACKET_C6F53F65978D3DED582176A5BEFC2A84,ENG_STRATEGY_FACTORY_PLATFORM_SAEDV416COMPETINGRISKGUARD_BB336AEF_V1,ENGINE,STRATEGY_FACTORY_PLATFORM,EXCLUDED_PROTECTED_PLATFORM,0,100,True,False,False,sha256:dedc0cc45522d27b68e6d23533103096708d0625b0e492875960e8f28e6773e4
CHARPACKET_6FBF484B8931D3724EF89EA6D5837534,ENG_STRATEGY_FACTORY_PLATFORM_SAEDV416CONFORMANCE_D8CBEB89_V1,ENGINE,STRATEGY_FACTORY_PLATFORM,EXCLUDED_PROTECTED_PLATFORM,0,100,True,False,False,sha256:cc4d643732408c1ebc6b360ffeffac2c2805f225e546c01c932eba75914f77f8
CHARPACKET_25A378452EA816973B96C5F6D660C766,ENG_STRATEGY_FACTORY_PLATFORM_SAEDV416DIGESTGUARD_130EC2F5_V1,ENGINE,STRATEGY_FACTORY_PLATFORM,EXCLUDED_PROTECTED_PLATFORM,0,100,True,False,False,sha256:9c7938d2cd9bc5f81fa93a6a2acd88d3db14fc763108e19d9b1430eff127000a
CHARPACKET_A7E129320D53B08C7A9CBA93D2D998EB,ENG_STRATEGY_FACTORY_PLATFORM_SAEDV416FALLBACKPOLICY_628505E8_V1,ENGINE,STRATEGY_FACTORY_PLATFORM,EXCLUDED_PROTECTED_PLATFORM,0,100,True,False,False,sha256:c50322b4d7b52541ab6a8b677a32a5d3924c9b34e3b51be2653952e034868717
CHARPACKET_2A1344BDEB732C44C4BCF4AB260BC3D6,ENG_STRATEGY_FACTORY_PLATFORM_SAEDV416IPCWGUARD_00ED89FE_V1,ENGINE,STRATEGY_FACTORY_PLATFORM,EXCLUDED_PROTECTED_PLATFORM,0,100,True,False,False,sha256:13bdfa9470532dd3c76c8169a5cb7fed061ce37ab7f13b0643df9e3e2ec6aba8
CHARPACKET_EC4DFEE1DCE97C785A9F745C5B87F844,ENG_STRATEGY_FACTORY_PLATFORM_SAEDV416KNOWNTIMEGUARD_900916D0_V1,ENGINE,STRATEGY_FACTORY_PLATFORM,EXCLUDED_PROTECTED_PLATFORM,0,100,True,False,False,sha256:7fd29994dff8c2cf417427f45acc74eead3c3aa0c20c71116aae930a9a28f2f1
CHARPACKET_A5D683AD53EE2FDECE97421352207466,ENG_STRATEGY_FACTORY_PLATFORM_SAEDV416QUANTILEGUARD_ECC9FB12_V1,ENGINE,STRATEGY_FACTORY_PLATFORM,EXCLUDED_PROTECTED_PLATFORM,0,100,True,False,False,sha256:c630a1c6aef15688c0a5cd175d10f663f3ddb83b86a4fc02225ec1e7f2ffac4b
CHARPACKET_D2C8D7D858A83F7B9210DE40DB393817,ENG_STRATEGY_FACTORY_PLATFORM_SAEDV416REGISTRYCONTRACT_DDBDA91A_V1,ENGINE,STRATEGY_FACTORY_PLATFORM,EXCLUDED_PROTECTED_PLATFORM,0,100,True,False,False,sha256:05cb64f54ae5f891944c0e6d52f749e9ef89da19126386daab8620358e04d6dc
CHARPACKET_3DAF9618FA12C8E0256BC874B339B9F9,ENG_STRATEGY_FACTORY_PLATFORM_SAEDV416RISKSETGUARD_FBC7FB32_V1,ENGINE,STRATEGY_FACTORY_PLATFORM,EXCLUDED_PROTECTED_PLATFORM,0,100,True,False,False,sha256:0eea01bbe72217793f96ef2e61c274b565004b2edd6054a9624ad9799dd15980
CHARPACKET_4A986F47DBB9D29482897F3502DC415C,ENG_STRATEGY_FACTORY_PLATFORM_SAEDV416SURVIVALGUARD_FCA977D6_V1,ENGINE,STRATEGY_FACTORY_PLATFORM,EXCLUDED_PROTECTED_PLATFORM,0,100,True,False,False,sha256:4bf5708a9fc49fa25af02f472b9cc1c4bd048729afda2b39d98c917883f30a25
CHARPACKET_99FF12661612A80DC82B4B6DF5DC5307,ENG_STRATEGY_FACTORY_PLATFORM_SAEDV416TAILGUARD_887B2357_V1,ENGINE,STRATEGY_FACTORY_PLATFORM,EXCLUDED_PROTECTED_PLATFORM,0,100,True,False,False,sha256:11329b32f3bc814e7bf215c69a8334b669f5e538bde69687aa6d29e5c4813367
CHARPACKET_8F7D202BB233FF76AA6445716E57CDEE,ENG_STRATEGY_FACTORY_PLATFORM_SAEDV416TYPES_511A9D86_V1,ENGINE,STRATEGY_FACTORY_PLATFORM,EXCLUDED_PROTECTED_PLATFORM,0,100,True,False,False,sha256:6b4e6e2b4171e442d376e9a333ac41660bea4239ad079876d2e6987d704b8407
CHARPACKET_9707D3D784FD308BD5023C293DFD4483,ENG_STRATEGY_FACTORY_PLATFORM_SAEDV416VERSION_3BD565F2_V1,ENGINE,STRATEGY_FACTORY_PLATFORM,EXCLUDED_PROTECTED_PLATFORM,0,100,True,False,False,sha256:6487261e26252acd193a3accf58ad0a1f67faab1f48360823f9e695ac1061e41
CHARPACKET_BFB07EF9ECC2AE813D91AEA6FF2DFD09,ENG_STRATEGY_FACTORY_PLATFORM_SAEDV417ACYCLICITYGUARD_E77B1C22_V1,ENGINE,STRATEGY_FACTORY_PLATFORM,EXCLUDED_PROTECTED_PLATFORM,0,100,True,False,False,sha256:63b73834b69dbbacd6fd3cf67e0a3df195b56fa247fcaefc81412e11717d4aee
CHARPACKET_D927109AA8ADFEEE8DB8A33B32CE7926,ENG_STRATEGY_FACTORY_PLATFORM_SAEDV417AUTHORITYBOUNDARY_21354893_V1,ENGINE,STRATEGY_FACTORY_PLATFORM,EXCLUDED_PROTECTED_PLATFORM,0,100,True,False,False,sha256:7141312b812cd17bb0cc2c3417cfbfd9aa1092365fdbb1bac9f03e61f0a4578f
CHARPACKET_44AB25C73A23353F85688AA4339A66E3,ENG_STRATEGY_FACTORY_PLATFORM_SAEDV417CLAIMCEILING_E41E316C_V1,ENGINE,STRATEGY_FACTORY_PLATFORM,EXCLUDED_PROTECTED_PLATFORM,0,100,True,False,False,sha256:2f8ba215e8257fa74d704ebaf304c70bd65b1fede7e75c1b7f443add86582a76
CHARPACKET_E3B55F7F5083582E467C47CB60FB81FD,ENG_STRATEGY_FACTORY_PLATFORM_SAEDV417CONFORMANCE_1836F998_V1,ENGINE,STRATEGY_FACTORY_PLATFORM,EXCLUDED_PROTECTED_PLATFORM,0,100,True,False,False,sha256:5a7dacc12dbee9a2283ff33290b823d7efeddac50ee9eef689924361ce454892
CHARPACKET_CE315FEA9CF26C35EF94CED34DD51C32,ENG_STRATEGY_FACTORY_PLATFORM_SAEDV417CONFOUNDERGUARD_F0582B1D_V1,ENGINE,STRATEGY_FACTORY_PLATFORM,EXCLUDED_PROTECTED_PLATFORM,0,100,True,False,False,sha256:e6b22554066da872a137472c388a708e1d7ee6d7e04565b6664c24b235e5b6ba
CHARPACKET_F7D1139D50A86A33A22E5C8C600DAFF1,ENG_STRATEGY_FACTORY_PLATFORM_SAEDV417DIGESTGUARD_11D18582_V1,ENGINE,STRATEGY_FACTORY_PLATFORM,EXCLUDED_PROTECTED_PLATFORM,0,100,True,False,False,sha256:e8f91866b13027a8e2101bc4936825c9c5528ab0f4b2ce922041594405dcafe6
CHARPACKET_A79B42EAC9BDACBB3418B9F97B8562CC,ENG_STRATEGY_FACTORY_PLATFORM_SAEDV417FALLBACKPOLICY_D23CD8AF_V1,ENGINE,STRATEGY_FACTORY_PLATFORM,EXCLUDED_PROTECTED_PLATFORM,0,100,True,False,False,sha256:81ff3ffa46893e78a4ecab49d9f57167b96ae43d135bdb6bf8f56653e9da1760
CHARPACKET_8E1B111699DBBB7C685A36EC9924790A,ENG_STRATEGY_FACTORY_PLATFORM_SAEDV417GRAPHGUARD_5166D77E_V1,ENGINE,STRATEGY_FACTORY_PLATFORM,EXCLUDED_PROTECTED_PLATFORM,0,100,True,False,False,sha256:de4d448e76bd6a2c7af478bb2d018cf790ddc42a85f4c1d9b87e7982d2ba08b1
CHARPACKET_68F0C47880E41ED1855300C194E32239,ENG_STRATEGY_FACTORY_PLATFORM_SAEDV417IDENTIFICATIONGUARD_AEAF104F_V1,ENGINE,STRATEGY_FACTORY_PLATFORM,EXCLUDED_PROTECTED_PLATFORM,0,100,True,False,False,sha256:1c9d0c49146a202a566c8b34630d353139cc276796c513400a688232c7b47a66
CHARPACKET_FC8B89777149F91CEBE69E621708CC75,ENG_STRATEGY_FACTORY_PLATFORM_SAEDV417INVARIANCEGUARD_45CBA486_V1,ENGINE,STRATEGY_FACTORY_PLATFORM,EXCLUDED_PROTECTED_PLATFORM,0,100,True,False,False,sha256:ce88a1a2a54bc3cb4030fba155a8ceb5d842efe41dd30d8820147e0c247dc333
CHARPACKET_AB01A0D5D12C76CE5BC1B20A93D530F8,ENG_STRATEGY_FACTORY_PLATFORM_SAEDV417KNOWNTIMEGUARD_5E299A0C_V1,ENGINE,STRATEGY_FACTORY_PLATFORM,EXCLUDED_PROTECTED_PLATFORM,0,100,True,False,False,sha256:56dce8a6593346c84598f65da7e111db6ec049ac8c1538e62e312925c6d26f0c
CHARPACKET_72401D2B5766FCD0458948C6C1159AEA,ENG_STRATEGY_FACTORY_PLATFORM_SAEDV417NEGATIVECONTROLGUARD_686E83AB_V1,ENGINE,STRATEGY_FACTORY_PLATFORM,EXCLUDED_PROTECTED_PLATFORM,0,100,True,False,False,sha256:83656712fdf8d72b231544280c342ae48bc2ec1a2769ae9ed5f739e7e8cb45bc
CHARPACKET_B1AAB20C1F5420890893A41AE8B8C1D3,ENG_STRATEGY_FACTORY_PLATFORM_SAEDV417REGISTRYCONTRACT_9E6EEE31_V1,ENGINE,STRATEGY_FACTORY_PLATFORM,EXCLUDED_PROTECTED_PLATFORM,0,100,True,False,False,sha256:a06f9b6ccb51f804b144d14bc7e893c5b0941dc8b25ca9cf40f0b5406d7c677f
CHARPACKET_8974044158D495F2094434BE57DCE805,ENG_STRATEGY_FACTORY_PLATFORM_SAEDV417TRANSPORTGUARD_CC16294D_V1,ENGINE,STRATEGY_FACTORY_PLATFORM,EXCLUDED_PROTECTED_PLATFORM,0,100,True,False,False,sha256:ec307c215a9d9794f6bbd9a318b12b78f85095af3ac653ac2e1bbd2c3ff1904c
CHARPACKET_33EAD319DF299828C48ADD89E3CEFEBC,ENG_STRATEGY_FACTORY_PLATFORM_SAEDV417TYPES_8F3C17F0_V1,ENGINE,STRATEGY_FACTORY_PLATFORM,EXCLUDED_PROTECTED_PLATFORM,0,100,True,False,False,sha256:254348412fb684bb229ba638d1594bff36f844549d82ad75e0c9ad5e965fda38
CHARPACKET_A9F22D315A9F00E53C51C8ABB338E37B,ENG_STRATEGY_FACTORY_PLATFORM_SAEDV417VERSION_FB4988CE_V1,ENGINE,STRATEGY_FACTORY_PLATFORM,EXCLUDED_PROTECTED_PLATFORM,0,100,True,False,False,sha256:dd982d9d51b07aaefe4ba5ea8a805381d2f4a878574720e21c665e0ed329cdbf
CHARPACKET_84C563B296DD51AE2BA2F4B6F193F60D,ENG_STRATEGY_FACTORY_PLATFORM_SAEDV418ALL_AD0E0A8D_V1,ENGINE,STRATEGY_FACTORY_PLATFORM,EXCLUDED_PROTECTED_PLATFORM,0,100,True,False,False,sha256:47c28235b58871d6537bc8b874e2f0af7fab09826ff297dea77ceca6909a5ada
CHARPACKET_62D7868A24F0A753359603F5E1CC777E,ENG_STRATEGY_FACTORY_PLATFORM_SAEDV418AUTHORITY_AA2CB5C2_V1,ENGINE,STRATEGY_FACTORY_PLATFORM,EXCLUDED_PROTECTED_PLATFORM,0,100,True,False,False,sha256:ba4663064deea7a6f54f86351a5eb0179124c716b7e9a732a8aeb1453cbff52b
CHARPACKET_FDD8EB11073A8158C072E091EBD6F9CF,ENG_STRATEGY_FACTORY_PLATFORM_SAEDV418CHECKPOINT_A7B5C10D_V1,ENGINE,STRATEGY_FACTORY_PLATFORM,EXCLUDED_PROTECTED_PLATFORM,0,100,True,False,False,sha256:69e263fc1e1a4a19a253585ed1796d96732fb7918a82f4ef076911eb28b501b7
CHARPACKET_34DD987335AA89A10FFF28CCE9ED8A04,ENG_STRATEGY_FACTORY_PLATFORM_SAEDV418CLAIMCEILING_AC215A1B_V1,ENGINE,STRATEGY_FACTORY_PLATFORM,EXCLUDED_PROTECTED_PLATFORM,0,100,True,False,False,sha256:5a0e0be81565e6c068e0001e2adfef1a7a076a28281ceee03b043f371dc069d0
CHARPACKET_583F9E8B1806E9C3833C6D71E8521F66,ENG_STRATEGY_FACTORY_PLATFORM_SAEDV418CROSSFITGUARD_386A9FAC_V1,ENGINE,STRATEGY_FACTORY_PLATFORM,EXCLUDED_PROTECTED_PLATFORM,0,100,True,False,False,sha256:13e2c1f0e84856e8466ba44b1e534458194fe9df8cf18a919d8690fcb886c463
CHARPACKET_52AD74C5D78D8CA0097B1A62F48ABF5C,ENG_STRATEGY_FACTORY_PLATFORM_SAEDV418FALLBACK_41C43382_V1,ENGINE,STRATEGY_FACTORY_PLATFORM,EXCLUDED_PROTECTED_PLATFORM,0,100,True,False,False,sha256:364b6349af3e69c7e5162f9c9e88e1e36af4475d093db9b8b475376f8ae0f28f
CHARPACKET_F7118336FCE8B409C22EE1EB01B684C3,ENG_STRATEGY_FACTORY_PLATFORM_SAEDV418HANDOFF_E3C0A647_V1,ENGINE,STRATEGY_FACTORY_PLATFORM,EXCLUDED_PROTECTED_PLATFORM,0,100,True,False,False,sha256:00eb1c417574ac35160d5221251cef5e0edf510cfe20ad9fa1fdb0a1fec421c4
CHARPACKET_7A91AA4B215F999018B99665DFDDFDF0,ENG_STRATEGY_FACTORY_PLATFORM_SAEDV418HASHGUARD_90F8C2B2_V1,ENGINE,STRATEGY_FACTORY_PLATFORM,EXCLUDED_PROTECTED_PLATFORM,0,100,True,False,False,sha256:34dfc8b09405070f8d0e7d3e278ecab0bfa52d12eaebaa3860fe870d9b8bd058
CHARPACKET_73EB42EB627E853642A677F775E8B4F2,ENG_STRATEGY_FACTORY_PLATFORM_SAEDV418LEDGER_33CBFCBE_V1,ENGINE,STRATEGY_FACTORY_PLATFORM,EXCLUDED_PROTECTED_PLATFORM,0,100,True,False,False,sha256:b12ef931cb36af07100ba57b7f803d590892ecd5caadf98d87c0ba1ece591f26
CHARPACKET_9A0C920C1936D48BB5DFEF498955E6DB,ENG_STRATEGY_FACTORY_PLATFORM_SAEDV418NEGATIVECONTROL_09898C68_V1,ENGINE,STRATEGY_FACTORY_PLATFORM,EXCLUDED_PROTECTED_PLATFORM,0,100,True,False,False,sha256:cfaae805bd3978c212505599535fc533664df844fabd8057959b750cd243f8de
CHARPACKET_8BF3DB3F905064620D24E055C1DB4935,ENG_STRATEGY_FACTORY_PLATFORM_SAEDV418OVERLAPGUARD_13B4E232_V1,ENGINE,STRATEGY_FACTORY_PLATFORM,EXCLUDED_PROTECTED_PLATFORM,0,100,True,False,False,sha256:f788add544a62c54a5d7e02a6b339d9563e5c400559562d32ee154e33deebf35
CHARPACKET_AC40184EA1B7F3E14F004A13DB374B92,ENG_STRATEGY_FACTORY_PLATFORM_SAEDV418POLICYVALUERECORD_0CBE29D8_V1,ENGINE,STRATEGY_FACTORY_PLATFORM,EXCLUDED_PROTECTED_PLATFORM,0,100,True,False,False,sha256:fb00080878caa4b74da5a3e0364c28f49ed423ce59b9cebd04d7f9c6bd77cafd
CHARPACKET_FDFB3D0C6EDC6FA94195901DC26F1673,ENG_STRATEGY_FACTORY_PLATFORM_SAEDV418TRANSPORT_E26DFF70_V1,ENGINE,STRATEGY_FACTORY_PLATFORM,EXCLUDED_PROTECTED_PLATFORM,0,100,True,False,False,sha256:c414394f045469afc0dcdb03f26ce341068d694b1159ce1ff3ec420235ab5357
CHARPACKET_66B17457F84191CBC78D56C295A2FE91,ENG_STRATEGY_FACTORY_PLATFORM_SAEDV418TREATMENTEFFECTRECORD_4FBA4717_V1,ENGINE,STRATEGY_FACTORY_PLATFORM,EXCLUDED_PROTECTED_PLATFORM,0,100,True,False,False,sha256:5e00f77bdb76554e7d654885e019b67a6efa75adc56d974c1b78633d276481da
CHARPACKET_990963B935B7A86CE3008EDB737429DF,ENG_STRATEGY_FACTORY_PLATFORM_SAEDV418TREATMENTREGISTRY_F3ACF102_V1,ENGINE,STRATEGY_FACTORY_PLATFORM,EXCLUDED_PROTECTED_PLATFORM,0,100,True,False,False,sha256:3f874f2d31086d5a6e62b745bcf9f12602013004bca9883371de486ba7d0ef34
CHARPACKET_8DAD532B3B7FFE71B5FB73E34ED80934,ENG_STRATEGY_FACTORY_PLATFORM_SAEDV418UNCERTAINTY_08962A1D_V1,ENGINE,STRATEGY_FACTORY_PLATFORM,EXCLUDED_PROTECTED_PLATFORM,0,100,True,False,False,sha256:f2d35aef07f173dc0c00c2c218e160e83f80c157e6e3b410b5a822fa10cf8cf9
CHARPACKET_A4E938D1A34DEF5981B51DCB3C619DAE,ENG_STRATEGY_FACTORY_PLATFORM_SAEDV418VERSION_B1195CF2_V1,ENGINE,STRATEGY_FACTORY_PLATFORM,EXCLUDED_PROTECTED_PLATFORM,0,100,True,False,False,sha256:56a24e970ddcea6c12abdc825a7bb15bc1f92f648388ad1048a266d5280c852a
CHARPACKET_1D915F9FA47340469BADE6EF3710A247,ENG_STRATEGY_FACTORY_PLATFORM_SAEDV419AUTHORITY_EE4C1388_V1,ENGINE,STRATEGY_FACTORY_PLATFORM,EXCLUDED_PROTECTED_PLATFORM,0,100,True,False,False,sha256:929815e7ecb69fbe6a050dde0982ae8f96478857e0bfc80a1df18c4e7c097b18
CHARPACKET_6AC24C766F009349795153B009B308B8,ENG_STRATEGY_FACTORY_PLATFORM_SAEDV419BASELINES_31234288_V1,ENGINE,STRATEGY_FACTORY_PLATFORM,EXCLUDED_PROTECTED_PLATFORM,0,100,True,False,False,sha256:f7bd209bf835dc241d2e6b834cd640de64fbf00ea1598211c34bee49c025b47b
CHARPACKET_7739ABCE659D201A4E2DF89DFE01A76C,ENG_STRATEGY_FACTORY_PLATFORM_SAEDV419CLAIMCEILING_77277B6E_V1,ENGINE,STRATEGY_FACTORY_PLATFORM,EXCLUDED_PROTECTED_PLATFORM,0,100,True,False,False,sha256:76fd476691bc84c946cae33fb21517cd6d967221b613bda978d640fbff317ac0
CHARPACKET_E561A9C39C5B9810B326B9CE649797C5,ENG_STRATEGY_FACTORY_PLATFORM_SAEDV419CONTRADICTION_9E118671_V1,ENGINE,STRATEGY_FACTORY_PLATFORM,EXCLUDED_PROTECTED_PLATFORM,0,100,True,False,False,sha256:6b611cbbb47bff955f1d9ca8b7915f6e8880ff02420d511540f37295eb5c3534
CHARPACKET_9F77B949043A1936675CA2837E215463,ENG_STRATEGY_FACTORY_PLATFORM_SAEDV419DECISIONENVELOPE_FEF2DE29_V1,ENGINE,STRATEGY_FACTORY_PLATFORM,EXCLUDED_PROTECTED_PLATFORM,0,100,True,False,False,sha256:512e23b0ae838888f8c7a0f3c76ef87f1229efeac61048379f2f8f0f3c66ecbe
CHARPACKET_84969CDDEB777313AA6F83C4A1B9F80D,ENG_STRATEGY_FACTORY_PLATFORM_SAEDV419EXPOSURE_B407E22F_V1,ENGINE,STRATEGY_FACTORY_PLATFORM,EXCLUDED_PROTECTED_PLATFORM,0,100,True,False,False,sha256:e1c67a9268580dc120a082912e57b66f99d9a19b5d297983d8bb4398731c689f
CHARPACKET_A30BF44EBFB2052E6D86019B0DCCDB34,ENG_STRATEGY_FACTORY_PLATFORM_SAEDV419FALLBACK_F28828A3_V1,ENGINE,STRATEGY_FACTORY_PLATFORM,EXCLUDED_PROTECTED_PLATFORM,0,100,True,False,False,sha256:2cf8fd7297626a1bada6fb7789dec1eb01a34c3f48640f70ca7b6b79c6c81fbd
CHARPACKET_5C7382259881FDADD912E7FB609B2EF8,ENG_STRATEGY_FACTORY_PLATFORM_SAEDV419HANDOFF_1F4E7758_V1,ENGINE,STRATEGY_FACTORY_PLATFORM,EXCLUDED_PROTECTED_PLATFORM,0,100,True,False,False,sha256:4f299a61e1d41f209482f2b5dc3642273cdd8fc718d023df538b7b624131b287
CHARPACKET_5A5BFDAC1A7F5B59125A32B6FCD641AD,ENG_STRATEGY_FACTORY_PLATFORM_SAEDV419INTEGRITY_B96B0079_V1,ENGINE,STRATEGY_FACTORY_PLATFORM,EXCLUDED_PROTECTED_PLATFORM,0,100,True,False,False,sha256:816e17ed8c5cc0806d6d5e9da23394cb4e28dd7471ea5c530b82d42ab4d27bec
CHARPACKET_8BA1A169E693D522DDFF388A5AEBC026,ENG_STRATEGY_FACTORY_PLATFORM_SAEDV419KNOWNTIME_26846EF7_V1,ENGINE,STRATEGY_FACTORY_PLATFORM,EXCLUDED_PROTECTED_PLATFORM,0,100,True,False,False,sha256:cf39a0ac33707285331775959631e9fa2e0dff60a5ad778677197b7827287cf3
CHARPACKET_2A588BE7F9259E3540D5FAE299AA4936,ENG_STRATEGY_FACTORY_PLATFORM_SAEDV419NEURALADAPTER_AF64EABD_V1,ENGINE,STRATEGY_FACTORY_PLATFORM,EXCLUDED_PROTECTED_PLATFORM,0,100,True,False,False,sha256:6a49241861bf5e49089102ecc92e0c7250fa8497f2c0157c9b8293f7e713a9c1
CHARPACKET_85E966639F82DB20F42485C792F57CA8,ENG_STRATEGY_FACTORY_PLATFORM_SAEDV419ONTOLOGYCONTRACT_6F65F33E_V1,ENGINE,STRATEGY_FACTORY_PLATFORM,EXCLUDED_PROTECTED_PLATFORM,0,100,True,False,False,sha256:2ab08d6fcabb24a18988d778421dc32520b1d3e77917729931d059c3370a4a36
CHARPACKET_C50303871BCB465F2CD0742E1DFE364E,ENG_STRATEGY_FACTORY_PLATFORM_SAEDV419PROJECTION_89509CB8_V1,ENGINE,STRATEGY_FACTORY_PLATFORM,EXCLUDED_PROTECTED_PLATFORM,0,100,True,False,False,sha256:3d68a9b189efdbd278d9b90c53e59cfbffe73a1d825e9621e86379f12c658be9
CHARPACKET_D0D96217BB788A60FD8D03B1B1B99244,ENG_STRATEGY_FACTORY_PLATFORM_SAEDV419PROOFENVELOPE_C4F07194_V1,ENGINE,STRATEGY_FACTORY_PLATFORM,EXCLUDED_PROTECTED_PLATFORM,0,100,True,False,False,sha256:35783e59f58eaaf835b567e3a82eba4c3a56527bd9430a8ea9ba5bcb51a0d250
CHARPACKET_11E17E33EFA1A734AAF8E89216D01277,ENG_STRATEGY_FACTORY_PLATFORM_SAEDV419RULEGRAMMAR_086BE384_V1,ENGINE,STRATEGY_FACTORY_PLATFORM,EXCLUDED_PROTECTED_PLATFORM,0,100,True,False,False,sha256:3056098f7f35128578adc4fe09d61343f77de51fa860c53576c6351272c10854
CHARPACKET_DA099AAF3CEA3C9B2507BF4FF56AFD97,ENG_STRATEGY_FACTORY_PLATFORM_SAEDV419TEMPORALCONTRACT_B1BCE660_V1,ENGINE,STRATEGY_FACTORY_PLATFORM,EXCLUDED_PROTECTED_PLATFORM,0,100,True,False,False,sha256:e55518cbe019a3975a18aa7619a22242eff21046a40236679df0d797ae241889
CHARPACKET_991EF62E99BD3BBC06FCF138288CDD7F,ENG_STRATEGY_FACTORY_PLATFORM_SAEDV419VERSION_6D5F6EBB_V1,ENGINE,STRATEGY_FACTORY_PLATFORM,EXCLUDED_PROTECTED_PLATFORM,0,100,True,False,False,sha256:0d40d16620c8d663b08c18cd39ca09f51a954025359f732c1177e7c57acbf0d7
CHARPACKET_31CEB34EA88588A090190A0773DEBE83,ENG_STRATEGY_FACTORY_PLATFORM_SAEDV420ABSTENTION_F7FA3281_V1,ENGINE,STRATEGY_FACTORY_PLATFORM,EXCLUDED_PROTECTED_PLATFORM,0,100,True,False,False,sha256:a4ee2fe38361903f505abdd4b1b475affaa5a8252d0ed4c739ffb1e63bef3c6e
CHARPACKET_B344264BD7D9A4E6581D4F7C73378C75,ENG_STRATEGY_FACTORY_PLATFORM_SAEDV420ACTIONMASK_3E51C46A_V1,ENGINE,STRATEGY_FACTORY_PLATFORM,EXCLUDED_PROTECTED_PLATFORM,0,100,True,False,False,sha256:f3dabaf81d3be5b8037041e48397dcb26d89a763c2fabe25bbd4ead05615b4f1
CHARPACKET_07F3FFEA2F1E41D15A1B594AD8F6D877,ENG_STRATEGY_FACTORY_PLATFORM_SAEDV420AUTHORITY_E2344AF5_V1,ENGINE,STRATEGY_FACTORY_PLATFORM,EXCLUDED_PROTECTED_PLATFORM,0,100,True,False,False,sha256:4f44d6b89078654e5c43c3ad9eb26595c13eb6835f405c0743eba7bdfba63605
CHARPACKET_7211B4A6137EC7A14B163D6CB88540A0,ENG_STRATEGY_FACTORY_PLATFORM_SAEDV420BASELINES_E9E1C806_V1,ENGINE,STRATEGY_FACTORY_PLATFORM,EXCLUDED_PROTECTED_PLATFORM,0,100,True,False,False,sha256:f2d16e5fc0e6f4ca50bbb9dcbd6662d554330f23ed08aaa391fc2dec81cff5a1
CHARPACKET_E89DEEAB1C556BFD8881A2D177D503A7,ENG_STRATEGY_FACTORY_PLATFORM_SAEDV420BUDGET_85D090EC_V1,ENGINE,STRATEGY_FACTORY_PLATFORM,EXCLUDED_PROTECTED_PLATFORM,0,100,True,False,False,sha256:2bd5d995e24bb74da9594a30a19cf9f4e9d8872238136e2684ea303ba9d5526f
CHARPACKET_E1D730EFD32024CE9E8A26B70C2F2E0C,ENG_STRATEGY_FACTORY_PLATFORM_SAEDV420CALIBRATION_D32C0702_V1,ENGINE,STRATEGY_FACTORY_PLATFORM,EXCLUDED_PROTECTED_PLATFORM,0,100,True,False,False,sha256:eb0e413ec4b5aded71652bd3c11c6389e56b84f20824fbad03457f188aeba238
CHARPACKET_0737E2E164B2E22EACC08978E9CDF827,ENG_STRATEGY_FACTORY_PLATFORM_SAEDV420CERTIFICATE_AE2736F9_V1,ENGINE,STRATEGY_FACTORY_PLATFORM,EXCLUDED_PROTECTED_PLATFORM,0,100,True,False,False,sha256:16b52a17f299dc3375c3cb4a0e6e1bb9f78499110f6b45b3505586a28d3256be
CHARPACKET_F17C74FEF1F9BD63B6C60E839F9D633F,ENG_STRATEGY_FACTORY_PLATFORM_SAEDV420HANDOFF_8EA5F1E9_V1,ENGINE,STRATEGY_FACTORY_PLATFORM,EXCLUDED_PROTECTED_PLATFORM,0,100,True,False,False,sha256:9ee03b3e134baffa1e0f259c39f15b8bb50de2631e93a9bf1456ec0572cbe0c2
CHARPACKET_E93085E51CE8C4A8FE7BBCAF9E04F3C4,ENG_STRATEGY_FACTORY_PLATFORM_SAEDV420PARETO_875FBF31_V1,ENGINE,STRATEGY_FACTORY_PLATFORM,EXCLUDED_PROTECTED_PLATFORM,0,100,True,False,False,sha256:43c807ac7aebe1122495c00d1d273eaf68dbebab8edb903743f02d42e84fbaf6
CHARPACKET_D72688DC5CF99D49008ABACE7AE1B412,ENG_STRATEGY_FACTORY_PLATFORM_SAEDV420RANKING_3F495B22_V1,ENGINE,STRATEGY_FACTORY_PLATFORM,EXCLUDED_PROTECTED_PLATFORM,0,100,True,False,False,sha256:68e13cff9fa15b89dc1a6640a6fb4a33b54cf3682e3bb525884a181a671ce1fe
CHARPACKET_85E82AF6484E5BC06E1EAF0133B0D874,ENG_STRATEGY_FACTORY_PLATFORM_SAEDV420REGRET_B28B3594_V1,ENGINE,STRATEGY_FACTORY_PLATFORM,EXCLUDED_PROTECTED_PLATFORM,0,100,True,False,False,sha256:7f0b602e499b2d18a0d1bb328c1b08a426ace24d035a8d00bdc6c40df2b3df48
CHARPACKET_B41E9BC5D3614682DE3E56CC87A10D32,ENG_STRATEGY_FACTORY_PLATFORM_SAEDV420REPLAY_88DB623C_V1,ENGINE,STRATEGY_FACTORY_PLATFORM,EXCLUDED_PROTECTED_PLATFORM,0,100,True,False,False,sha256:a73091a334efa324d7f095ff6e1cc1f63d2d92cec1b642f9477c550e81197a3d
CHARPACKET_F536923233F88AD4B94813E06F9CDEE0,ENG_STRATEGY_FACTORY_PLATFORM_SAEDV420RISK_6EDB8FE8_V1,ENGINE,STRATEGY_FACTORY_PLATFORM,EXCLUDED_PROTECTED_PLATFORM,0,100,True,False,False,sha256:7d0d390e2c4154633c51a1d1042541ab3ec761ac0f7976c6144e88fe906c6b4a
CHARPACKET_B2844B0871808EC2D4CDCD6D632D427D,ENG_STRATEGY_FACTORY_PLATFORM_SAEDV420SETVALUED_AD354BF1_V1,ENGINE,STRATEGY_FACTORY_PLATFORM,EXCLUDED_PROTECTED_PLATFORM,0,100,True,False,False,sha256:e3b447ebd866b5d9bb1b02e2845b6249439838b1f42d9801986e8abcbae0e7b3
CHARPACKET_DE941E47A3C55231716F0890C25C4E2D,ENG_STRATEGY_FACTORY_PLATFORM_SAEDV420TREATMENTUNIVERSE_978FFFA1_V1,ENGINE,STRATEGY_FACTORY_PLATFORM,EXCLUDED_PROTECTED_PLATFORM,0,100,True,False,False,sha256:d4607516bc8e2bcc21b3b5f7562df3d20212f04ab1e84a0e088ca4dadd7c983c
CHARPACKET_B23AEDD2C731CA8B3D14CA6C8D3E8B4E,ENG_STRATEGY_FACTORY_PLATFORM_SAEDV420TYPES_95B76D45_V1,ENGINE,STRATEGY_FACTORY_PLATFORM,EXCLUDED_PROTECTED_PLATFORM,0,100,True,False,False,sha256:38fee68080f4cbae4e41c286e9e9cfe0ea3896ed21918baf0678ca26368182a2
CHARPACKET_528AEA6596BAA362948BD1EF93456885,ENG_STRATEGY_FACTORY_PLATFORM_SAEDV420UTILITY_8DC696BB_V1,ENGINE,STRATEGY_FACTORY_PLATFORM,EXCLUDED_PROTECTED_PLATFORM,0,100,True,False,False,sha256:aedf40756e731014b59e853561f4ffb796a32614b53423249aca4fa6da37fe3a
CHARPACKET_252AE864A16389C49193198607989A7F,ENG_STRATEGY_FACTORY_PLATFORM_SAEDV421ADVERSARY_2C28617A_V1,ENGINE,STRATEGY_FACTORY_PLATFORM,EXCLUDED_PROTECTED_PLATFORM,0,100,True,False,False,sha256:aee1d8c6065580fcdad30650bc521796a282054674ae4e639223d039f2af08d3
CHARPACKET_EAE994964AC1FC73915049685359912D,ENG_STRATEGY_FACTORY_PLATFORM_SAEDV421ALLOCATIONS_5B95DE37_V1,ENGINE,STRATEGY_FACTORY_PLATFORM,EXCLUDED_PROTECTED_PLATFORM,0,100,True,False,False,sha256:50a7f575ecfbe40e33452c2dcf6ac991ecc444d97f482db04ee3ccd65db62667
CHARPACKET_9236DB7BD2CD7623A9D33A537AD12FA0,ENG_STRATEGY_FACTORY_PLATFORM_SAEDV421AMBIGUITY_6BE5ACB6_V1,ENGINE,STRATEGY_FACTORY_PLATFORM,EXCLUDED_PROTECTED_PLATFORM,0,100,True,False,False,sha256:6bc13a6eb8f9b1c2009b0fbf88c89c832cb2cc96f2c0e413dde2618b9ee2b0b3
CHARPACKET_088B54A821B63FB1B8DAE77153EBDB52,ENG_STRATEGY_FACTORY_PLATFORM_SAEDV421AUTHORITY_5D49932F_V1,ENGINE,STRATEGY_FACTORY_PLATFORM,EXCLUDED_PROTECTED_PLATFORM,0,100,True,False,False,sha256:c37d0407b0ed2866e5cf8ac221928e535d1c29dcd4d0675153271f1b7607fbe3
CHARPACKET_5799EE3C5E706710E06D197868C59AA0,ENG_STRATEGY_FACTORY_PLATFORM_SAEDV421BASELINE_CF07EFAD_V1,ENGINE,STRATEGY_FACTORY_PLATFORM,EXCLUDED_PROTECTED_PLATFORM,0,100,True,False,False,sha256:b048101a53ac478e8aaaffe0bd8f9661f873cf2331a3e71255c54485db413984
CHARPACKET_EA532FE25B9A6493978749093B03019A,ENG_STRATEGY_FACTORY_PLATFORM_SAEDV421BUDGET_938139CE_V1,ENGINE,STRATEGY_FACTORY_PLATFORM,EXCLUDED_PROTECTED_PLATFORM,0,100,True,False,False,sha256:c63c287dd8c23e0cf8a5013b775c9c5023374b9a510e3b081dfa6284f9c714d7
CHARPACKET_10C171ED758B26045297B4843DD1E76E,ENG_STRATEGY_FACTORY_PLATFORM_SAEDV421CERTIFICATE_61372AF8_V1,ENGINE,STRATEGY_FACTORY_PLATFORM,EXCLUDED_PROTECTED_PLATFORM,0,100,True,False,False,sha256:25c2a4b5127d77f7f2e3929781805c013ae6c56b0e0984abcb605d0659a03dc3
CHARPACKET_3E60420FBA9EFF43898955526FF3EC00,ENG_STRATEGY_FACTORY_PLATFORM_SAEDV421CVAR_81E8B95B_V1,ENGINE,STRATEGY_FACTORY_PLATFORM,EXCLUDED_PROTECTED_PLATFORM,0,100,True,False,False,sha256:31d64739d6456ecce79b6b5009a1e1f2a7780d80377a673770f020971a5de1ff
CHARPACKET_C87E7574B323C7C2A1912DC13139168D,ENG_STRATEGY_FACTORY_PLATFORM_SAEDV421FALLBACK_0B195BEA_V1,ENGINE,STRATEGY_FACTORY_PLATFORM,EXCLUDED_PROTECTED_PLATFORM,0,100,True,False,False,sha256:1e593483c6ec0bc18348eba836283c07a4129825a44ac49815fc8f960fb1fc8a
CHARPACKET_B429EEBB333010362B70775FCFB3BF45,ENG_STRATEGY_FACTORY_PLATFORM_SAEDV421HANDOFF_0481FD31_V1,ENGINE,STRATEGY_FACTORY_PLATFORM,EXCLUDED_PROTECTED_PLATFORM,0,100,True,False,False,sha256:7c341d4299e44ea86d969836cf46f5dc1b42a14c0a0e0429f38d0ae91d988a1c
CHARPACKET_8D5C495E52D9599983C6AE5E53AC127B,ENG_STRATEGY_FACTORY_PLATFORM_SAEDV421OPTIMIZER_DE70DB71_V1,ENGINE,STRATEGY_FACTORY_PLATFORM,EXCLUDED_PROTECTED_PLATFORM,0,100,True,False,False,sha256:e537f3dade4bcd432ed1ff4e2a18cbad8ed2a8223126221596589e40f34e6163
CHARPACKET_6C198F91DCCFA288681C78F34A4E26F2,ENG_STRATEGY_FACTORY_PLATFORM_SAEDV421REGRET_9C090827_V1,ENGINE,STRATEGY_FACTORY_PLATFORM,EXCLUDED_PROTECTED_PLATFORM,0,100,True,False,False,sha256:4efa9bfddb4a44e9ff5129768fe7a2c49c30a53f18bf90ea6a76657e124830c9
CHARPACKET_76F802FB91E7DA2888307394361C3BBD,ENG_STRATEGY_FACTORY_PLATFORM_SAEDV421REPLAY_C3FC5281_V1,ENGINE,STRATEGY_FACTORY_PLATFORM,EXCLUDED_PROTECTED_PLATFORM,0,100,True,False,False,sha256:fe0b2f19e370808d949141814d1745219009317729bf2777300171f72eefde27
CHARPACKET_DD28DF9D681F6270D9A4A7F4D79B70D7,ENG_STRATEGY_FACTORY_PLATFORM_SAEDV421ROBUSTUTILITY_10CE05AC_V1,ENGINE,STRATEGY_FACTORY_PLATFORM,EXCLUDED_PROTECTED_PLATFORM,20,100,True,False,False,sha256:331e71175ef1e9641b0a512edbdba1ecfd144eb60efa3dc95ed8babe3845c6d2
CHARPACKET_14E135B95897D9615072F8072FC5E0AD,ENG_STRATEGY_FACTORY_PLATFORM_SAEDV421SCENARIOS_F17D8D75_V1,ENGINE,STRATEGY_FACTORY_PLATFORM,EXCLUDED_PROTECTED_PLATFORM,0,100,True,False,False,sha256:7cb19c612260f210535785b33bca7a4972dd9e3111f07febcd9725da32113648
CHARPACKET_26B3B3BDAFFBD45F3676981C968B888B,ENG_STRATEGY_FACTORY_PLATFORM_SAEDV421STABILITY_7E820824_V1,ENGINE,STRATEGY_FACTORY_PLATFORM,EXCLUDED_PROTECTED_PLATFORM,0,100,True,False,False,sha256:768f3f0ebc7eff25f6df70cffcf4d909acc7e48f7d2792be3c35515f5063f583
CHARPACKET_030412011341C20B70CEEA9BA093B825,ENG_STRATEGY_FACTORY_PLATFORM_SAEDV421TYPES_37EF441C_V1,ENGINE,STRATEGY_FACTORY_PLATFORM,EXCLUDED_PROTECTED_PLATFORM,0,100,True,False,False,sha256:68319067295a2b11c661807b834e0e3d80376b288ae8eff5a490c5bf244e87ff
CHARPACKET_B833C4C341E56F33CEA5CB3B6799B918,ENG_STRATEGY_FACTORY_PLATFORM_SAEDV421VERSION_80B62D88_V1,ENGINE,STRATEGY_FACTORY_PLATFORM,EXCLUDED_PROTECTED_PLATFORM,0,100,True,False,False,sha256:b0a2846035fce77e2ed2ed408d98a9cd26343d6feaf09eb8c760cc9bdbb903d6
CHARPACKET_93D500399D155F38895BEBD0CC7A5BEC,ENG_STRATEGY_FACTORY_PLATFORM_SAEDV422ADVERSARY_9C88F8E9_V1,ENGINE,STRATEGY_FACTORY_PLATFORM,EXCLUDED_PROTECTED_PLATFORM,0,100,True,False,False,sha256:36b80b435ac2b427b13cb0c301c14fce7047a398abf833d1373ed2844b77f5e1
CHARPACKET_9B05351C018DB03CB2237BAC299BB0FC,ENG_STRATEGY_FACTORY_PLATFORM_SAEDV422AUTHORITY_429EAFF3_V1,ENGINE,STRATEGY_FACTORY_PLATFORM,EXCLUDED_PROTECTED_PLATFORM,0,100,True,False,False,sha256:283c38bcb19c4869efaf0517e3fdbdb149920af5397b1a7915cb5611d5727d00
CHARPACKET_DC89712E953FEE0193F7AFDD529C4561,ENG_STRATEGY_FACTORY_PLATFORM_SAEDV422BLOCKBOOTSTRAP_AEDB2A31_V1,ENGINE,STRATEGY_FACTORY_PLATFORM,EXCLUDED_PROTECTED_PLATFORM,0,100,True,False,False,sha256:4ce4a0d2359004961a4da437fb1b2ab5c1074d02fc041a0072ae479c5cb35b55
CHARPACKET_000D5D07C71F8A0B50B6D010B96F11A6,ENG_STRATEGY_FACTORY_PLATFORM_SAEDV422BUDGET_4D863E20_V1,ENGINE,STRATEGY_FACTORY_PLATFORM,EXCLUDED_PROTECTED_PLATFORM,0,100,True,False,False,sha256:12c7b3a5c69e7cf8c70b545b2013af1ea0f414394e1a82db199e23575024fb0e
CHARPACKET_FB66098ADC604B3633888C0BCA3F050B,ENG_STRATEGY_FACTORY_PLATFORM_SAEDV422CERTIFICATE_ABE04F33_V1,ENGINE,STRATEGY_FACTORY_PLATFORM,EXCLUDED_PROTECTED_PLATFORM,0,100,True,False,False,sha256:ebf5df10f72912b46cad3cbde8c76cab087ace330c501d6eb4967083b2c66c54
CHARPACKET_3195B757C490672DB06CB4F1E3A8D4BF,ENG_STRATEGY_FACTORY_PLATFORM_SAEDV422CONTRACTS_D570BE2F_V1,ENGINE,STRATEGY_FACTORY_PLATFORM,EXCLUDED_PROTECTED_PLATFORM,0,100,True,False,False,sha256:1cbf6c76319061d8b7f6bacbeb0e0fef61d97b736f11f8831953df353c4354ab
CHARPACKET_975E360FCCA4D275CC8D88DC0FBC0A44,ENG_STRATEGY_FACTORY_PLATFORM_SAEDV422EXPLOITABILITY_6D417E04_V1,ENGINE,STRATEGY_FACTORY_PLATFORM,EXCLUDED_PROTECTED_PLATFORM,0,100,True,False,False,sha256:ee17af76448df3a1ef1d71ecd224aa82c9b385a5ad7efd5ae724f7788a68ccef
CHARPACKET_613963F76595CD25CFF646D1D11EC266,ENG_STRATEGY_FACTORY_PLATFORM_SAEDV422FIDELITY_6CE21DB4_V1,ENGINE,STRATEGY_FACTORY_PLATFORM,EXCLUDED_PROTECTED_PLATFORM,0,100,True,False,False,sha256:4f5442fd40b3ee5834a4bd3b04bebe2b4b26d1bc936158fd4ca7ec4511fb0492
CHARPACKET_52D68519A9C89B4BD70AD4C9854EAD22,ENG_STRATEGY_FACTORY_PLATFORM_SAEDV422GENERATORREGISTRY_27F75621_V1,ENGINE,STRATEGY_FACTORY_PLATFORM,EXCLUDED_PROTECTED_PLATFORM,0,100,True,False,False,sha256:e16d343048b94f965f1d54b444dff9ea1ffb0fcfbbbe0c8a302316c51c062d29
CHARPACKET_51F6B042B24F330236A669161AF15FE2,ENG_STRATEGY_FACTORY_PLATFORM_SAEDV422HANDOFF_7F48730B_V1,ENGINE,STRATEGY_FACTORY_PLATFORM,EXCLUDED_PROTECTED_PLATFORM,0,100,True,False,False,sha256:5884571c3093b26004ba975255ad615e1774874f85fb0003f42e9df8f5df94c2
CHARPACKET_1071EBAB5D62ED43DE0EF453BE1F1297,ENG_STRATEGY_FACTORY_PLATFORM_SAEDV422INVARIANTS_5C7D7E00_V1,ENGINE,STRATEGY_FACTORY_PLATFORM,EXCLUDED_PROTECTED_PLATFORM,0,100,True,False,False,sha256:f42b9ad4671f193b4dff4befe0d2cd1d5be1287dbf41096a967bc5bf6c48f1f1
CHARPACKET_EFAF9C556960606758462760C9B12121,ENG_STRATEGY_FACTORY_PLATFORM_SAEDV422LATENTDYNAMICS_431C1609_V1,ENGINE,STRATEGY_FACTORY_PLATFORM,EXCLUDED_PROTECTED_PLATFORM,0,100,True,False,False,sha256:87319a05ec9d79d8f88d3401e6361d25f598fb10b33f375d85b231b0f3197cfb
CHARPACKET_721365CEBCC75ECDFCCE235D24BB81F7,ENG_STRATEGY_FACTORY_PLATFORM_SAEDV422REGIMEMODEL_75350E5B_V1,ENGINE,STRATEGY_FACTORY_PLATFORM,EXCLUDED_PROTECTED_PLATFORM,0,100,True,False,False,sha256:985f813007c8bba5b77385c17ef42c43f30795fe951dc55c07c9d0be97981c01
CHARPACKET_F82A22AD87A3FD209A576AEB658A42B3,ENG_STRATEGY_FACTORY_PLATFORM_SAEDV422REPLAY_DD3A97A3_V1,ENGINE,STRATEGY_FACTORY_PLATFORM,EXCLUDED_PROTECTED_PLATFORM,0,100,True,False,False,sha256:86caaf071b58400856500a006f7e86012c5544d4e87448453ad75d865bbe9ef1
CHARPACKET_73FF1DE13E10FEB15C0324C4F3C0E3EF,ENG_STRATEGY_FACTORY_PLATFORM_SAEDV422STRESSCOMPOSER_A827CBD9_V1,ENGINE,STRATEGY_FACTORY_PLATFORM,EXCLUDED_PROTECTED_PLATFORM,0,100,True,False,False,sha256:9562ca6d48f053b16b7c882c9c007e1d554f7c16fd9ed48cfef2636ffd6f2736
CHARPACKET_10C6DF4C031CEB5ABFECBB8D3643C70F,ENG_STRATEGY_FACTORY_PLATFORM_SAEDV422TYPES_04ECABA4_V1,ENGINE,STRATEGY_FACTORY_PLATFORM,EXCLUDED_PROTECTED_PLATFORM,0,100,True,False,False,sha256:bb455303e1c32c0de977383a7d5934c1dfbac854ce88c8e3e2fdd5c40a2df75f
CHARPACKET_026CCF00807DAD8DE8EFC572410500DC,ENG_STRATEGY_FACTORY_PLATFORM_SAEDV422UNCERTAINTY_A7462F90_V1,ENGINE,STRATEGY_FACTORY_PLATFORM,EXCLUDED_PROTECTED_PLATFORM,0,100,True,False,False,sha256:fa784b43a46125ba7c558f2d4242ff8c5a60d5380af5c027aba07793e8f78a29
CHARPACKET_A209FAA931DDA524F539465E79B71BD4,ENG_STRATEGY_FACTORY_PLATFORM_SAEDV422VERSION_C9AC9B97_V1,ENGINE,STRATEGY_FACTORY_PLATFORM,EXCLUDED_PROTECTED_PLATFORM,0,100,True,False,False,sha256:9d81a6088530af2fb2991016abd280a3639bcc364e6c58fa1056387ca8c5b2f3
CHARPACKET_02ED92BD0900E510667BBB9279F79558,ENG_STRATEGY_FACTORY_PLATFORM_SAEDV422WATERMARK_820C0F76_V1,ENGINE,STRATEGY_FACTORY_PLATFORM,EXCLUDED_PROTECTED_PLATFORM,0,100,True,False,False,sha256:6ff8623927fa3d778d0e198d73b884fca8bc0829f523bb930155aac1b51519b3
CHARPACKET_3C895CAFF2CA5720102E533F8664F8AC,ENG_STRATEGY_FACTORY_PLATFORM_SAEDV423ACTIONMASK_A4526A03_V1,ENGINE,STRATEGY_FACTORY_PLATFORM,EXCLUDED_PROTECTED_PLATFORM,30,100,True,False,False,sha256:f97e1d4735d1197fbb9ee6bf68197b90161023fe3ce6544750af5b50bfb3c90f
CHARPACKET_D0D36D7BBCA8DDF5EBB2D2724F12BC1E,ENG_STRATEGY_FACTORY_PLATFORM_SAEDV423AUTHORITY_D29D4BA4_V1,ENGINE,STRATEGY_FACTORY_PLATFORM,EXCLUDED_PROTECTED_PLATFORM,30,100,True,False,False,sha256:a8230846650740d5c379bb13d164230acc30e20a5871d5a35f3d9f4328f118fd
CHARPACKET_E1B2591A86B841914F58677337B1F90D,ENG_STRATEGY_FACTORY_PLATFORM_SAEDV423BEHAVIORPOLICY_BA8B0381_V1,ENGINE,STRATEGY_FACTORY_PLATFORM,EXCLUDED_PROTECTED_PLATFORM,30,100,True,False,False,sha256:6969d597be40bf5191c78a641496c025c315f7a498683f41902c0becda5fdf76
CHARPACKET_C26CA12AEB98EB0E64D71E2C9767CA05,ENG_STRATEGY_FACTORY_PLATFORM_SAEDV423BUDGET_E1015167_V1,ENGINE,STRATEGY_FACTORY_PLATFORM,EXCLUDED_PROTECTED_PLATFORM,30,100,True,False,False,sha256:65481a3e079e672efece5d020120d8299ad82532977d47d0b8d013d9f95ead14
CHARPACKET_4613336C68ADCD080BF2E8AE569C93A0,ENG_STRATEGY_FACTORY_PLATFORM_SAEDV423CANDIDATE_A22F323F_V1,ENGINE,STRATEGY_FACTORY_PLATFORM,EXCLUDED_PROTECTED_PLATFORM,30,100,True,False,False,sha256:4220bf8a98897a18ce9f5d103899ed35f68f12ab7419d292b0d469d481705517
CHARPACKET_7C8E71079FD63116EFFBE334C846F357,ENG_STRATEGY_FACTORY_PLATFORM_SAEDV423CERTIFICATE_F7170CC5_V1,ENGINE,STRATEGY_FACTORY_PLATFORM,EXCLUDED_PROTECTED_PLATFORM,30,100,True,False,False,sha256:44584e5d8eec0d03126731e43949d811b8418cc4972dff75aae3424cd80f162c
CHARPACKET_E3BFF4FF761139A762749F7CBD972228,ENG_STRATEGY_FACTORY_PLATFORM_SAEDV423CHALLENGE_D8FF650D_V1,ENGINE,STRATEGY_FACTORY_PLATFORM,EXCLUDED_PROTECTED_PLATFORM,30,100,True,False,False,sha256:601873ba6a417f33d2bf48132d890342f13a1f86b9278e9a419f52183b1b468a
CHARPACKET_D48F2BC4DB337B9EF11419599BDDDF51,ENG_STRATEGY_FACTORY_PLATFORM_SAEDV423CONTRACTS_0D9517D3_V1,ENGINE,STRATEGY_FACTORY_PLATFORM,EXCLUDED_PROTECTED_PLATFORM,30,100,True,False,False,sha256:8ac1737d71745e5dcd9d359b89820b0a541a9a148af58308b05fe607345ee6cc
CHARPACKET_C15A1694992FE48788432CD3B6A20371,ENG_STRATEGY_FACTORY_PLATFORM_SAEDV423CQL_AF4FF3F8_V1,ENGINE,STRATEGY_FACTORY_PLATFORM,EXCLUDED_PROTECTED_PLATFORM,30,100,True,False,False,sha256:fb5c38a96abbebe6ce748aa885d2275e32661bc26074bd9c0da33b545a80d535
CHARPACKET_C5833FFF505956D055DC5B11EFC1A43A,ENG_STRATEGY_FACTORY_PLATFORM_SAEDV423DATASET_EA8D35BB_V1,ENGINE,STRATEGY_FACTORY_PLATFORM,EXCLUDED_PROTECTED_PLATFORM,30,100,True,False,False,sha256:1ae9ed0c3e81fd758220551b4175b210a33864de6a4df85b771ab2e9591b76e7
CHARPACKET_8B8287F7BC2365532CFA93DC91617D6C,ENG_STRATEGY_FACTORY_PLATFORM_SAEDV423FQE_6E69BD5A_V1,ENGINE,STRATEGY_FACTORY_PLATFORM,EXCLUDED_PROTECTED_PLATFORM,30,100,True,False,False,sha256:2652a20e71e98acb7e61fe0cc4c398079e6ed23e84a2d2b5f6e9c9392a8d99da
CHARPACKET_9125CD7FD3A8053C1E010E60B74EC32D,ENG_STRATEGY_FACTORY_PLATFORM_SAEDV423HANDOFF_4CCDDFAB_V1,ENGINE,STRATEGY_FACTORY_PLATFORM,EXCLUDED_PROTECTED_PLATFORM,30,100,True,False,False,sha256:16af16812c52600d4df7035d4ead076a692686ed820f3439adb07ea9112625d2
CHARPACKET_E1253755EFF6561C3B4514EC16D96C6A,ENG_STRATEGY_FACTORY_PLATFORM_SAEDV423IQL_93DC6FD9_V1,ENGINE,STRATEGY_FACTORY_PLATFORM,EXCLUDED_PROTECTED_PLATFORM,30,100,True,False,False,sha256:2aecfb21f45619054643e84191dd57cda09bb4ab4b22e96fb4558161a749bcb5
CHARPACKET_FAA80ABB4C30E4188C10EDCD8F1511AB,ENG_STRATEGY_FACTORY_PLATFORM_SAEDV423OPE_5FBB8C84_V1,ENGINE,STRATEGY_FACTORY_PLATFORM,EXCLUDED_PROTECTED_PLATFORM,30,100,True,False,False,sha256:c5eea1686771525d8b82a57f0eefeccf0516968dbb4fd59c1d67d40fd82798e2
CHARPACKET_C70959C330A32B95129DFD6A499E5EA4,ENG_STRATEGY_FACTORY_PLATFORM_SAEDV423PROJECTION_1E4BC548_V1,ENGINE,STRATEGY_FACTORY_PLATFORM,EXCLUDED_PROTECTED_PLATFORM,30,100,True,False,False,sha256:64d02aa90d174d96670b838e8101c99f26a8db91698ac8b0fe43eef68fceb747
CHARPACKET_35A67CF148280A0875EB9C931B963597,ENG_STRATEGY_FACTORY_PLATFORM_SAEDV423REPLAY_5C6875F1_V1,ENGINE,STRATEGY_FACTORY_PLATFORM,EXCLUDED_PROTECTED_PLATFORM,30,100,True,False,False,sha256:9e2afcbccd11db34f581f17a6df6327dcf8d747340796f4ebf1c2be60f4787ae
CHARPACKET_8964B5C8778A25A2412749C3B0C6359B,ENG_STRATEGY_FACTORY_PLATFORM_SAEDV423REWARDAUDIT_F55A4497_V1,ENGINE,STRATEGY_FACTORY_PLATFORM,EXCLUDED_PROTECTED_PLATFORM,30,100,True,False,False,sha256:f02f2e3f311f8caead1ad2c225ab8aaf9a7806e1fda74ab05f0eb6b163ee17c7
CHARPACKET_82339EC91B64AC7E5673F9AE3769F038,ENG_STRATEGY_FACTORY_PLATFORM_SAEDV423SEQUENCEPOLICY_BAE65B11_V1,ENGINE,STRATEGY_FACTORY_PLATFORM,EXCLUDED_PROTECTED_PLATFORM,30,100,True,False,False,sha256:855b4f752bb05a38941d5b74b77e205b37cbc0e27598812d56e24a970a9aac1b
CHARPACKET_9A8ADD13AD05191DF86220B49FBBD4B5,ENG_STRATEGY_FACTORY_PLATFORM_SAEDV423SUPPORT_C325BDEE_V1,ENGINE,STRATEGY_FACTORY_PLATFORM,EXCLUDED_PROTECTED_PLATFORM,30,100,True,False,False,sha256:265369e561f78576cac810a3bcadd25c0320b682b64f8d256170dac49ecae2de
CHARPACKET_61FAFF7975EA7FEEA5AD91977FB7C983,ENG_STRATEGY_FACTORY_PLATFORM_SAEDV423TYPES_861E2712_V1,ENGINE,STRATEGY_FACTORY_PLATFORM,EXCLUDED_PROTECTED_PLATFORM,30,100,True,False,False,sha256:e95aa5e254f146c3d5224bd1a50873e0aefd0e95da81e73e2c516c6594785b96
CHARPACKET_625F93C97E0C89BD2BA69E6F734B6620,ENG_STRATEGY_FACTORY_PLATFORM_SAEDV423VERSION_F4FEAB78_V1,ENGINE,STRATEGY_FACTORY_PLATFORM,EXCLUDED_PROTECTED_PLATFORM,30,100,True,False,False,sha256:a7d021860677131e2f22cb1ea25cd8ddb620b7816e2b87f73b16644aa0ec1737
CHARPACKET_032E779EE4235D2F23222F1DB6C6A2B6,ENG_STRATEGY_FACTORY_PLATFORM_SAEDV424ABSTENTION_FDCC75F2_V1,ENGINE,STRATEGY_FACTORY_PLATFORM,EXCLUDED_PROTECTED_PLATFORM,0,100,True,False,False,sha256:060cfca353daf58db79afc81dfc89e59db923786630a3641d9b7c780c302acd0
CHARPACKET_2986FF7F26A568F6C2BBCBF6573C9E5D,ENG_STRATEGY_FACTORY_PLATFORM_SAEDV424ACTIONMASK_894A1329_V1,ENGINE,STRATEGY_FACTORY_PLATFORM,EXCLUDED_PROTECTED_PLATFORM,0,100,True,False,False,sha256:f6673529f3cf121c4cccb10278906c5e69061a341417842987a12db543f61f9b
CHARPACKET_63EA9630BA21E2337CB4A3A53C1D5139,ENG_STRATEGY_FACTORY_PLATFORM_SAEDV424AUTHORITY_787C29B4_V1,ENGINE,STRATEGY_FACTORY_PLATFORM,EXCLUDED_PROTECTED_PLATFORM,0,100,True,False,False,sha256:a272504a2c02ec9cc53496726a1488b5e9cc26f8cec55c16c3720cdbbe742fe0
CHARPACKET_907042104096D737072A339796B4CECB,ENG_STRATEGY_FACTORY_PLATFORM_SAEDV424BUDGET_A2553D0F_V1,ENGINE,STRATEGY_FACTORY_PLATFORM,EXCLUDED_PROTECTED_PLATFORM,0,100,True,False,False,sha256:ac5f34897e8f42e666c1614a430b579432b2308e4e41f1957f68f31eb5058619
CHARPACKET_BD723F539C4CFE3B428FC49C2CDBACD5,ENG_STRATEGY_FACTORY_PLATFORM_SAEDV424CALIBRATION_217F0DE8_V1,ENGINE,STRATEGY_FACTORY_PLATFORM,EXCLUDED_PROTECTED_PLATFORM,0,100,True,False,False,sha256:bd07cc36fba39cd7ed0ef78983951e313e2bbc8559ec171ead9bd1223bc3564b
CHARPACKET_AEF624E2BA5F9CB53424223F76FEBD92,ENG_STRATEGY_FACTORY_PLATFORM_SAEDV424CANONICAL_63CC835B_V1,ENGINE,STRATEGY_FACTORY_PLATFORM,EXCLUDED_PROTECTED_PLATFORM,0,100,True,False,False,sha256:0cc7976493fdda569cb8c6a056d5563b45850632e645b42fb31437193ddcd471
CHARPACKET_E8D4A74B3EB81F16B44EEF071256E164,ENG_STRATEGY_FACTORY_PLATFORM_SAEDV424CERTIFICATE_F91A853E_V1,ENGINE,STRATEGY_FACTORY_PLATFORM,EXCLUDED_PROTECTED_PLATFORM,0,100,True,False,False,sha256:a74b7068abff910697b94340cf267ae83e38aa14f2f6d02102d55e957711fcac
CHARPACKET_55E6151F1BFBB53DB250109793F5D553,ENG_STRATEGY_FACTORY_PLATFORM_SAEDV424CONFORMAL_5F786EBF_V1,ENGINE,STRATEGY_FACTORY_PLATFORM,EXCLUDED_PROTECTED_PLATFORM,0,100,True,False,False,sha256:b95c5333c3a2235268ef6a11c050d4c5c067b85ad2ad633444ed1ae2aed1955f
CHARPACKET_A959D6A61A0A8D852A9606E17EAE7201,ENG_STRATEGY_FACTORY_PLATFORM_SAEDV424CONTRACTS_DD3E68E3_V1,ENGINE,STRATEGY_FACTORY_PLATFORM,EXCLUDED_PROTECTED_PLATFORM,0,100,True,False,False,sha256:5e76cbc7571a76122f0a136bae8438b67c19fdc8915aeaab8cb49a3cc63589b4
CHARPACKET_0FD32DD466DADBA3741F6AA7B147D088,ENG_STRATEGY_FACTORY_PLATFORM_SAEDV424COVERAGERISK_64649442_V1,ENGINE,STRATEGY_FACTORY_PLATFORM,EXCLUDED_PROTECTED_PLATFORM,0,100,True,False,False,sha256:47ae5942a822b45779db15e8122e0b128ba726f9dde73893e0e238b8cb51aef9
CHARPACKET_905445C40A9197DB7EC543CBC4A5C4A2,ENG_STRATEGY_FACTORY_PLATFORM_SAEDV424DRIFT_AD510902_V1,ENGINE,STRATEGY_FACTORY_PLATFORM,EXCLUDED_PROTECTED_PLATFORM,0,100,True,False,False,sha256:dbf9d7fd6c4a09c9b5680807d3d01e5a6ddab3cbca11f061b4ebc3c14f5430d8
CHARPACKET_30D628BAFC4EE7AE324D6FE725D7173D,ENG_STRATEGY_FACTORY_PLATFORM_SAEDV424FACADE_62FBD350_V1,ENGINE,STRATEGY_FACTORY_PLATFORM,EXCLUDED_PROTECTED_PLATFORM,0,100,True,False,False,sha256:e817a14808ac121c172b0fdd28d0c94d61e0099b44256808e4b2eb680bcd0a8e
CHARPACKET_C63406931B05138001EA28861E0FEB99,ENG_STRATEGY_FACTORY_PLATFORM_SAEDV424HANDOFF_60C14212_V1,ENGINE,STRATEGY_FACTORY_PLATFORM,EXCLUDED_PROTECTED_PLATFORM,0,100,True,False,False,sha256:442d69fbd9be28b8f9ba7c0c89170855c57fbced95c4ac9c308d8213fa956b99
CHARPACKET_599742FBB57C49BF6364E75FC6B088F9,ENG_STRATEGY_FACTORY_PLATFORM_SAEDV424OOD_BBA49740_V1,ENGINE,STRATEGY_FACTORY_PLATFORM,EXCLUDED_PROTECTED_PLATFORM,0,100,True,False,False,sha256:19a06122e4234f72b0cffb4c6b474e7f40b209d9d9113162a748e0c18960c4d3
CHARPACKET_E3F939BFBC9036CFC5E8C0C0905E1F28,ENG_STRATEGY_FACTORY_PLATFORM_SAEDV424PVALUE_FD137341_V1,ENGINE,STRATEGY_FACTORY_PLATFORM,EXCLUDED_PROTECTED_PLATFORM,0,100,True,False,False,sha256:67d7a33fb3ced88798002edabd2e794d63e15254ac0680306ed8e866fa57e7db
CHARPACKET_CF302F86EAC6582EC971561DF8DF004A,ENG_STRATEGY_FACTORY_PLATFORM_SAEDV424REPLAY_FF3B7F0D_V1,ENGINE,STRATEGY_FACTORY_PLATFORM,EXCLUDED_PROTECTED_PLATFORM,0,100,True,False,False,sha256:d8984baa757be90ff336bcee1c068854b27e3fd15df7548048160bb5c576c340
CHARPACKET_137A583214CC0899DBDBD679E1E644A5,ENG_STRATEGY_FACTORY_PLATFORM_SAEDV424SECURITY_2E8B4931_V1,ENGINE,STRATEGY_FACTORY_PLATFORM,EXCLUDED_PROTECTED_PLATFORM,0,100,True,False,False,sha256:1dcf54756e0ba00dc1d41c72f77cee471bbdc58a1ae5dae1b705064e41b35d76
CHARPACKET_429F57CACCF956F0D836931A9476DF25,ENG_STRATEGY_FACTORY_PLATFORM_SAEDV424SELECTIVECONTROL_F23B2CA8_V1,ENGINE,STRATEGY_FACTORY_PLATFORM,EXCLUDED_PROTECTED_PLATFORM,0,100,True,False,False,sha256:6b7237776fc33f490994a737fa0105209adb1dd596997657e6fb0a02e0bf2b9b
CHARPACKET_B489EE997B10A629776FF306F80BA9A8,ENG_STRATEGY_FACTORY_PLATFORM_SAEDV424SUPPORT_D0CB2F63_V1,ENGINE,STRATEGY_FACTORY_PLATFORM,EXCLUDED_PROTECTED_PLATFORM,0,100,True,False,False,sha256:26f879bfece46daf75e019acf286e7c77a5b49afe1dd7b326dee38f10a60e4d9
CHARPACKET_33F3F7B7AB8FC623240B09247F4536F1,ENG_STRATEGY_FACTORY_PLATFORM_SAEDV424TYPES_CFBB1568_V1,ENGINE,STRATEGY_FACTORY_PLATFORM,EXCLUDED_PROTECTED_PLATFORM,0,100,True,False,False,sha256:c3758ff3b07a8c2b5184315939824910673daede8d35bfc771b56f5672521624
CHARPACKET_3D6A97B8384040530D761B4BE82DF6A0,ENG_STRATEGY_FACTORY_PLATFORM_SAEDV424VERSION_9EC6E130_V1,ENGINE,STRATEGY_FACTORY_PLATFORM,EXCLUDED_PROTECTED_PLATFORM,0,100,True,False,False,sha256:a72e3e393f95d5c253ab039e1007f68cc13d41e651f637602e4828d12a0c7fb1
CHARPACKET_CE81C5C8202E852C839CEC04404E194E,ENG_STRATEGY_FACTORY_PLATFORM_SAEDV425ADAPTATION_72D19CE8_V1,ENGINE,STRATEGY_FACTORY_PLATFORM,EXCLUDED_PROTECTED_PLATFORM,0,100,True,False,False,sha256:a5a5ef5a36e06132ecd84c39d9893280246245c4f0db7da164572b1c5c8b1732
CHARPACKET_F5E53F565F207F2DB59C3E3E0BA06352,ENG_STRATEGY_FACTORY_PLATFORM_SAEDV425AUTHORITY_F054A730_V1,ENGINE,STRATEGY_FACTORY_PLATFORM,EXCLUDED_PROTECTED_PLATFORM,0,100,True,False,False,sha256:f11a891b95adaf8f0348fa4ab536e629ad507af97df68c720c1d439c5c990d32
CHARPACKET_CEE661AADEEA51424D4A053944CEB180,ENG_STRATEGY_FACTORY_PLATFORM_SAEDV425BUDGET_B0172DA9_V1,ENGINE,STRATEGY_FACTORY_PLATFORM,EXCLUDED_PROTECTED_PLATFORM,0,100,True,False,False,sha256:e91bd19290f8f825fcf4b980b0191b9fc1e59161d9ef75b66100f14bfc0250bd
CHARPACKET_FE02B9AFBCCD4A4EE12B3C540B43C2C7,ENG_STRATEGY_FACTORY_PLATFORM_SAEDV425CALIBRATION_2E381A3E_V1,ENGINE,STRATEGY_FACTORY_PLATFORM,EXCLUDED_PROTECTED_PLATFORM,0,100,True,False,False,sha256:e4ddbcfc5894489abffb223e19a46ea3070beebf6b98c32e9395126022d94efb
CHARPACKET_2DF3B959124F779DB3C9C1945F18F721,ENG_STRATEGY_FACTORY_PLATFORM_SAEDV425CANONICAL_55CD03A1_V1,ENGINE,STRATEGY_FACTORY_PLATFORM,EXCLUDED_PROTECTED_PLATFORM,0,100,True,False,False,sha256:fcfc4bba1efea8086d613a6e3eb550c09920e30c6e7fdb000ce64767db901d45
CHARPACKET_D6A2E9D37D7ADFC129330AD6BBA020BD,ENG_STRATEGY_FACTORY_PLATFORM_SAEDV425CERTIFICATE_EEB7008B_V1,ENGINE,STRATEGY_FACTORY_PLATFORM,EXCLUDED_PROTECTED_PLATFORM,0,100,True,False,False,sha256:6e6b80d6a5d00d643e48d55cc384b70f7a8eb8a3a00f0a8c94962ad982c3b099
CHARPACKET_84134465F1388DED49CCE67EC6C2AEE0,ENG_STRATEGY_FACTORY_PLATFORM_SAEDV425CONTRACTS_98C3422A_V1,ENGINE,STRATEGY_FACTORY_PLATFORM,EXCLUDED_PROTECTED_PLATFORM,0,100,True,False,False,sha256:864dc65fa896031ec29d613b68026013925aceb133a191adc5290b57d2697d0c
CHARPACKET_859556DBB286C607A3FE4DEEAD3A5036,ENG_STRATEGY_FACTORY_PLATFORM_SAEDV425DRIFT_0594F612_V1,ENGINE,STRATEGY_FACTORY_PLATFORM,EXCLUDED_PROTECTED_PLATFORM,0,100,True,False,False,sha256:5ef582b5ef898a84525d465258d4fff461d33dd13e28276d7a8849f6d396dee1
CHARPACKET_2952D05FA78BF0091DD1726F30623E42,ENG_STRATEGY_FACTORY_PLATFORM_SAEDV425FACADE_3AA479E7_V1,ENGINE,STRATEGY_FACTORY_PLATFORM,EXCLUDED_PROTECTED_PLATFORM,0,100,True,False,False,sha256:dc1fd40834ab6e9f48249f348edb91ef9ad1dc9d6431fff1deb5c232e398fc0d
CHARPACKET_F3165FCA2780768C3B9F836EC34014B9,ENG_STRATEGY_FACTORY_PLATFORM_SAEDV425GUARD_B34C15AA_V1,ENGINE,STRATEGY_FACTORY_PLATFORM,EXCLUDED_PROTECTED_PLATFORM,0,100,True,False,False,sha256:b852f98d0985557f865778c570d2ceb8fdd143f0c9b4e65b9c393aa22db80c97
CHARPACKET_17DCEC956ADB5CD91AC290729E6F7C77,ENG_STRATEGY_FACTORY_PLATFORM_SAEDV425HANDOFF_3B927241_V1,ENGINE,STRATEGY_FACTORY_PLATFORM,EXCLUDED_PROTECTED_PLATFORM,0,100,True,False,False,sha256:92b46ce08dee5a4da93729ff66ff6d2f1624673f98397b45e8f7c36ec6d1de04
CHARPACKET_8DF7884D40844705314BD3DE52FAD08A,ENG_STRATEGY_FACTORY_PLATFORM_SAEDV425KNOWNTIME_85D4227C_V1,ENGINE,STRATEGY_FACTORY_PLATFORM,EXCLUDED_PROTECTED_PLATFORM,0,100,True,False,False,sha256:f434efc8c7409015d764b3b47f9c773603beaa701f039b8efdd06f1de99da290
CHARPACKET_542F25D493C034A4CD2F5C6AF8559D1F,ENG_STRATEGY_FACTORY_PLATFORM_SAEDV425METAFEATURES_D9AA8174_V1,ENGINE,STRATEGY_FACTORY_PLATFORM,EXCLUDED_PROTECTED_PLATFORM,0,100,True,False,False,sha256:e77bcdf7ffe814c5ca8f43ce424068c055bd323cd410b6aa74ba4ece120f6f58
CHARPACKET_B2A65CDD5FB278B03025EFE2D686BAB7,ENG_STRATEGY_FACTORY_PLATFORM_SAEDV425METRICS_1AE8CDF9_V1,ENGINE,STRATEGY_FACTORY_PLATFORM,EXCLUDED_PROTECTED_PLATFORM,0,100,True,False,False,sha256:13509d9a081456e9ce306252f02c9c757a19126083b855a9c033ef9894fe4547
CHARPACKET_5C0297C5F761B8823948CFC559E03076,ENG_STRATEGY_FACTORY_PLATFORM_SAEDV425REGULARIZATION_56B10014_V1,ENGINE,STRATEGY_FACTORY_PLATFORM,EXCLUDED_PROTECTED_PLATFORM,0,100,True,False,False,sha256:11cd9a04d483352c9a12b8294fae4398ad85a7ba663d0e623f9dc3408049dbbb
CHARPACKET_3B283642CC319BE4639604494EB0315C,ENG_STRATEGY_FACTORY_PLATFORM_SAEDV425REPLAY_2FC51654_V1,ENGINE,STRATEGY_FACTORY_PLATFORM,EXCLUDED_PROTECTED_PLATFORM,0,100,True,False,False,sha256:761f5736f957448e89f0d23aa77a91232ee1741a90229df7d5529b9e4f54498f
CHARPACKET_914ABC7580523B1729C04C5EFF9C5D07,ENG_STRATEGY_FACTORY_PLATFORM_SAEDV425SECURITY_8CB05992_V1,ENGINE,STRATEGY_FACTORY_PLATFORM,EXCLUDED_PROTECTED_PLATFORM,0,100,True,False,False,sha256:ff8d4f0e72bf6a5006c7995eba45b891a0030f71f7b32d300572918dbf3f236d
CHARPACKET_DF5A0BA9C008AE1F9C4E2B5680484756,ENG_STRATEGY_FACTORY_PLATFORM_SAEDV425SOURCEELIGIBILITY_F85B48E2_V1,ENGINE,STRATEGY_FACTORY_PLATFORM,EXCLUDED_PROTECTED_PLATFORM,0,100,True,False,False,sha256:31981f01ac5a179337643d4619c754310f4f035ba31edd6b9b7f774cfd799ec9
CHARPACKET_6D2AA277768006676402C09F97ADEF8E,ENG_STRATEGY_FACTORY_PLATFORM_SAEDV425TRANSFER_94789FFE_V1,ENGINE,STRATEGY_FACTORY_PLATFORM,EXCLUDED_PROTECTED_PLATFORM,0,100,True,False,False,sha256:0e57fab741c7487d4bc7614967cc3b3b75be0bfa5ea2ebbf1ee5008b490f2a32
CHARPACKET_84C3F6D5C73C6EFFC0360F510561A92E,ENG_STRATEGY_FACTORY_PLATFORM_SAEDV425TYPES_902CB595_V1,ENGINE,STRATEGY_FACTORY_PLATFORM,EXCLUDED_PROTECTED_PLATFORM,0,100,True,False,False,sha256:ee2ddd0704b6332b45630662378ca99eda86195e7743b4858f2ab835a051e46e
CHARPACKET_3A7CABA5EBF88D1609FFF253380F97D5,ENG_STRATEGY_FACTORY_PLATFORM_SAEDV425VERSION_B588FD30_V1,ENGINE,STRATEGY_FACTORY_PLATFORM,EXCLUDED_PROTECTED_PLATFORM,0,100,True,False,False,sha256:daf93606f1bc238c321664613c8dc4a153520cb59aa0d158ec9315badfb3412e
CHARPACKET_28C0F9B577C17D75098DBC0315459878,ENG_STRATEGY_FACTORY_PLATFORM_SAEDV426ACTIVATIONPATCHING_1F689E48_V1,ENGINE,STRATEGY_FACTORY_PLATFORM,EXCLUDED_PROTECTED_PLATFORM,0,100,True,False,False,sha256:385b4feb7d595108d119991223c5a8abcfff6eba2f99537042d269b47a509aed
CHARPACKET_32EA98ADEA2B3C24AF356E003DA1DCC6,ENG_STRATEGY_FACTORY_PLATFORM_SAEDV426ADAPTATION_7A30298A_V1,ENGINE,STRATEGY_FACTORY_PLATFORM,EXCLUDED_PROTECTED_PLATFORM,0,100,True,False,False,sha256:2b366a45cb93aa9a9c0cdf625ceaf541eadb2d3f8c238c4fc199e7c6c54e51e8
CHARPACKET_DBA6A1AE0CCB29BE55E2E3333FC1F1AB,ENG_STRATEGY_FACTORY_PLATFORM_SAEDV426ATTRIBUTION_522D9C0F_V1,ENGINE,STRATEGY_FACTORY_PLATFORM,EXCLUDED_PROTECTED_PLATFORM,0,100,True,False,False,sha256:93800d889a54176687342531f9c00b63456be37bf5c1afd0cf6100e5f16e08fb
CHARPACKET_12B102555624C37EB0F4968CBCA96539,ENG_STRATEGY_FACTORY_PLATFORM_SAEDV426AUTHORITY_3CA0315B_V1,ENGINE,STRATEGY_FACTORY_PLATFORM,EXCLUDED_PROTECTED_PLATFORM,0,100,True,False,False,sha256:3ae851e2fd0169a2c72c2b2e8bc0ae38ab1b89759e7b1701dd3469b1a8eaf60c
CHARPACKET_8054E880FDDC7A68C31C1E47C6DC3956,ENG_STRATEGY_FACTORY_PLATFORM_SAEDV426BUDGET_1BD1589E_V1,ENGINE,STRATEGY_FACTORY_PLATFORM,EXCLUDED_PROTECTED_PLATFORM,0,100,True,False,False,sha256:cc46fa79d2526f6287520b1c575fa60cbdd5f9cdcdb9babe207f8b1171697d97
CHARPACKET_A0086007341F390AE00E0F6C62D190F1,ENG_STRATEGY_FACTORY_PLATFORM_SAEDV426CALIBRATION_60851A13_V1,ENGINE,STRATEGY_FACTORY_PLATFORM,EXCLUDED_PROTECTED_PLATFORM,0,100,True,False,False,sha256:2035e854408c453e008ee92fc704b4b0797fd8472b72d79d1555c1b065393cbd
CHARPACKET_841688747087D4BD23D266A2DF661297,ENG_STRATEGY_FACTORY_PLATFORM_SAEDV426CANONICAL_BAC523D1_V1,ENGINE,STRATEGY_FACTORY_PLATFORM,EXCLUDED_PROTECTED_PLATFORM,0,100,True,False,False,sha256:666014feb9d82e0bd67e6059502f6f3086b099270ef2a3fc7f9ee9eb341e5aeb
CHARPACKET_32188C3C51925769DA394C6F166D0989,ENG_STRATEGY_FACTORY_PLATFORM_SAEDV426CAUSALTRACE_6D39AF6C_V1,ENGINE,STRATEGY_FACTORY_PLATFORM,EXCLUDED_PROTECTED_PLATFORM,0,100,True,False,False,sha256:ca70eaa3ee78bcd3dc4cb6ce0b021a569dd69aa7356ebef50c2cfb23e6d96470
CHARPACKET_155BE8CD0BEEB87E9EB7F4010CE96706,ENG_STRATEGY_FACTORY_PLATFORM_SAEDV426CERTIFICATE_BC134C45_V1,ENGINE,STRATEGY_FACTORY_PLATFORM,EXCLUDED_PROTECTED_PLATFORM,0,100,True,False,False,sha256:dec3a8be9c9c2403c1819172bbed7dcb8c6587ffeeee358c096f542323f76c68
CHARPACKET_614008D765EA6D8AA9F97CFEA2ACA32E,ENG_STRATEGY_FACTORY_PLATFORM_SAEDV426CONCEPTS_D6E2907D_V1,ENGINE,STRATEGY_FACTORY_PLATFORM,EXCLUDED_PROTECTED_PLATFORM,0,100,True,False,False,sha256:58c4999718cfaf59471b0912ed0fceb7d3b6096d89d7d1c13ce2b017622be085
CHARPACKET_AD93E9D1521E3EC07344F383292B63C7,ENG_STRATEGY_FACTORY_PLATFORM_SAEDV426CONTRACTS_D286D1A6_V1,ENGINE,STRATEGY_FACTORY_PLATFORM,EXCLUDED_PROTECTED_PLATFORM,0,100,True,False,False,sha256:b41c4dcc824786d7b0dcde2f0e749d1f8336d71e559ac3c0979dab057c27eb84
CHARPACKET_1D327150D64759ED22ACC96A4540006D,ENG_STRATEGY_FACTORY_PLATFORM_SAEDV426COUNTERFACTUAL_01878D9E_V1,ENGINE,STRATEGY_FACTORY_PLATFORM,EXCLUDED_PROTECTED_PLATFORM,0,100,True,False,False,sha256:11eeca35d148ac91654c8d8fbeb7a63bdda694258dae6842499cac1e37ca9400
CHARPACKET_92D793BE15772CF7D3AAA12F0419129C,ENG_STRATEGY_FACTORY_PLATFORM_SAEDV426FACADE_E7DB8148_V1,ENGINE,STRATEGY_FACTORY_PLATFORM,EXCLUDED_PROTECTED_PLATFORM,0,100,True,False,False,sha256:d34136ac2e54087aefeb115291fdae4cfb04ae80856ab6f532cdc1f7f35bbfd7
CHARPACKET_82E12B0E4A3DE560D15B6741FE2F1C43,ENG_STRATEGY_FACTORY_PLATFORM_SAEDV426FAILURECATALOGUE_449B9EEA_V1,ENGINE,STRATEGY_FACTORY_PLATFORM,EXCLUDED_PROTECTED_PLATFORM,0,100,True,False,False,sha256:6b31389db49c518d6c327cd156b893bc88fa2d9ee87c1df2dd9381868283a246
CHARPACKET_452BD8B3FC7AD199918209E4B91CAB73,ENG_STRATEGY_FACTORY_PLATFORM_SAEDV426FAITHFULNESS_DD57E9DE_V1,ENGINE,STRATEGY_FACTORY_PLATFORM,EXCLUDED_PROTECTED_PLATFORM,0,100,True,False,False,sha256:48c6405b6b8888c21c83479c6dbfdbdce0d839c757acf72e109ddfcf9ef88d89
CHARPACKET_5A4F761EC720732F8F0296B1B3516647,ENG_STRATEGY_FACTORY_PLATFORM_SAEDV426HANDOFF_30D59D4F_V1,ENGINE,STRATEGY_FACTORY_PLATFORM,EXCLUDED_PROTECTED_PLATFORM,0,100,True,False,False,sha256:6b9a31bc47e7763f9384f25c8cf7091a1ebe91d5f4d5b57abbd031125dc3f3dd
CHARPACKET_09C92C023004AD8C0B6BB427AE833B65,ENG_STRATEGY_FACTORY_PLATFORM_SAEDV426KNOWNTIME_45F646D9_V1,ENGINE,STRATEGY_FACTORY_PLATFORM,EXCLUDED_PROTECTED_PLATFORM,0,100,True,False,False,sha256:15c8ef656b16625381c4b5ba4e4172b0ca750241838a58a72214f3d5f1311777
CHARPACKET_39E276BE2C4660E8B2E9055FFDFB860F,ENG_STRATEGY_FACTORY_PLATFORM_SAEDV426PATHWAYS_C6A38ED9_V1,ENGINE,STRATEGY_FACTORY_PLATFORM,EXCLUDED_PROTECTED_PLATFORM,0,100,True,False,False,sha256:e25eb2d731a230df8ab1bcf14b1046f4526b4717bb931b19e7333369bf7c95a7
CHARPACKET_E4E89C02B0D0580AE3FB65B7BCBE1A35,ENG_STRATEGY_FACTORY_PLATFORM_SAEDV426SANITY_012558CA_V1,ENGINE,STRATEGY_FACTORY_PLATFORM,EXCLUDED_PROTECTED_PLATFORM,0,100,True,False,False,sha256:febe93d3a1839b22ad03cbdd2d85c63dbcd66c02ae530e3c6a5f29767a860cf2
CHARPACKET_9BDA5B180557F61F8D222593CFC3CD1C,ENG_STRATEGY_FACTORY_PLATFORM_SAEDV426SECURITY_5A729862_V1,ENGINE,STRATEGY_FACTORY_PLATFORM,EXCLUDED_PROTECTED_PLATFORM,0,100,True,False,False,sha256:2bd0ab74663184608fb67c006d37d57b253b3a407bf8a7619dea20608a46f49a
CHARPACKET_51D2E969CA526749383507C8690F548C,ENG_STRATEGY_FACTORY_PLATFORM_SAEDV426SPARSEDICTIONARY_AC1A788A_V1,ENGINE,STRATEGY_FACTORY_PLATFORM,EXCLUDED_PROTECTED_PLATFORM,0,100,True,False,False,sha256:9bf4f837b86a8c71e85c3574b6052c67920f18b1d4f70ec483aaf2d2611e5adc
CHARPACKET_CDAED34661A6424FA2A12474EF918B78,ENG_STRATEGY_FACTORY_PLATFORM_SAEDV426STABILITY_F75F9BCA_V1,ENGINE,STRATEGY_FACTORY_PLATFORM,EXCLUDED_PROTECTED_PLATFORM,0,100,True,False,False,sha256:a2564d7881648930c7437e894ad9d7cbfb824ec83c0fe153de92b30d74e77a7d
CHARPACKET_A88937152126B7647291E455BFFC7D7C,ENG_STRATEGY_FACTORY_PLATFORM_SAEDV426TYPES_3B4BA0AD_V1,ENGINE,STRATEGY_FACTORY_PLATFORM,EXCLUDED_PROTECTED_PLATFORM,0,100,True,False,False,sha256:1f9653ac35c2d8f8d7967674ae7183ac9671600036a9456bb035d90cdb2750c8
CHARPACKET_AF82219D8BD59629EB8D54085DDF61E5,ENG_STRATEGY_FACTORY_PLATFORM_SAEDV426VERSION_BA12139B_V1,ENGINE,STRATEGY_FACTORY_PLATFORM,EXCLUDED_PROTECTED_PLATFORM,0,100,True,False,False,sha256:5a67a5c44f4bb78da735a2da21af8c5e214c5967c6f6481d09d5b014c9b97637
CHARPACKET_4CBBC122DBBC44F5F96D8113EF9AE9C4,ENG_STRATEGY_FACTORY_PLATFORM_SAEDV427AUTHORITY_0F99741A_V1,ENGINE,STRATEGY_FACTORY_PLATFORM,EXCLUDED_PROTECTED_PLATFORM,0,100,True,False,False,sha256:4a30ed60ad14a0d1bae062029391d403c599ec95ca1ac2ccbc453c6dc4557f54
CHARPACKET_6128AED8A64646607B3D347E4E5D6DF1,ENG_STRATEGY_FACTORY_PLATFORM_SAEDV427BUDGET_E5B3CE68_V1,ENGINE,STRATEGY_FACTORY_PLATFORM,EXCLUDED_PROTECTED_PLATFORM,0,100,True,False,False,sha256:7295ed54452a36460d081a37f23269675e7e9834cbe049aa71a91e6695436e34
CHARPACKET_81C06F9DEC97625A60D0A274CBC5D1AE,ENG_STRATEGY_FACTORY_PLATFORM_SAEDV427CANONICAL_9F4A0957_V1,ENGINE,STRATEGY_FACTORY_PLATFORM,EXCLUDED_PROTECTED_PLATFORM,0,100,True,False,False,sha256:0b74277c823276e864470aa9b4d0b89799843624a933a651400ad45e07b981cd
CHARPACKET_3543BFEB4B7F355829C3E1DBD1176442,ENG_STRATEGY_FACTORY_PLATFORM_SAEDV427CERTIFICATE_7193B855_V1,ENGINE,STRATEGY_FACTORY_PLATFORM,EXCLUDED_PROTECTED_PLATFORM,0,100,True,False,False,sha256:b258294ae5174cc5fa831660ab5400a074d6465312ee0b9a2b767e91baf059f5
CHARPACKET_8E25D26AC5358AC46F5F5E3AE4A3E5CD,ENG_STRATEGY_FACTORY_PLATFORM_SAEDV427CONTRACTS_9F415C74_V1,ENGINE,STRATEGY_FACTORY_PLATFORM,EXCLUDED_PROTECTED_PLATFORM,0,100,True,False,False,sha256:c2a4e26c322cd26ad1fc34132f1f1f0eda0f77148f3595af1f7d06d7aa3ffefc
CHARPACKET_5108DF417F682AC1D30B5D83CE6403AB,ENG_STRATEGY_FACTORY_PLATFORM_SAEDV427EXPOSURELEDGER_10B6621B_V1,ENGINE,STRATEGY_FACTORY_PLATFORM,EXCLUDED_PROTECTED_PLATFORM,0,100,True,False,False,sha256:6b94848bd5d8cfb14738e3b62cdc5522739d435152da0f14094a2fccb384c0bb
CHARPACKET_3C723929E9467D7BB3CC4A4E67533EA0,ENG_STRATEGY_FACTORY_PLATFORM_SAEDV427FACADE_3A6330A3_V1,ENGINE,STRATEGY_FACTORY_PLATFORM,EXCLUDED_PROTECTED_PLATFORM,0,100,True,False,False,sha256:43adf8a1465eb45778a37313cc7a4ffe66969534ab1486ed5d55183eaf13cb08
CHARPACKET_D2378DF336205DEB4C80A373561D3757,ENG_STRATEGY_FACTORY_PLATFORM_SAEDV427HANDOFF_E6CBAC8F_V1,ENGINE,STRATEGY_FACTORY_PLATFORM,EXCLUDED_PROTECTED_PLATFORM,0,100,True,False,False,sha256:43b92faf90890323bd294ef11966865dcc51b65b060e56d4ae770716c23c2ebd
CHARPACKET_FE74050F1FC49946442DC2DA055E4476,ENG_STRATEGY_FACTORY_PLATFORM_SAEDV427INTEGRITY_AB78AA23_V1,ENGINE,STRATEGY_FACTORY_PLATFORM,EXCLUDED_PROTECTED_PLATFORM,0,100,True,False,False,sha256:1114f44b2ff75c6179ba2538c2a1389a31e72e21a1c02f4289658e2d1b9a71ef
CHARPACKET_2FDF883C64BCE82843C3ADFDC5F42F4F,ENG_STRATEGY_FACTORY_PLATFORM_SAEDV427KNOWNTIME_B934B4A8_V1,ENGINE,STRATEGY_FACTORY_PLATFORM,EXCLUDED_PROTECTED_PLATFORM,0,100,True,False,False,sha256:d6f9d811aeef06fba35baa93a6660563aac64d3d8da2351d80a60cb896e0a7e6
CHARPACKET_BCF79946B2958559AB254FA684128F32,ENG_STRATEGY_FACTORY_PLATFORM_SAEDV427MULTIPLICITY_44A00FAC_V1,ENGINE,STRATEGY_FACTORY_PLATFORM,EXCLUDED_PROTECTED_PLATFORM,0,100,True,False,False,sha256:f503e3c3b459d563713b6f159f4ad7708f2784e79014a6652ceed9dd982c6445
CHARPACKET_7E4A8A7B7DF132181C190F83D8D416F2,ENG_STRATEGY_FACTORY_PLATFORM_SAEDV427SECURITY_7644E005_V1,ENGINE,STRATEGY_FACTORY_PLATFORM,EXCLUDED_PROTECTED_PLATFORM,0,100,True,False,False,sha256:4264f8465740d862f7c2e039f34d28ec10a55f94812f52022ec254a91dffb68d
CHARPACKET_19F4BB0628D76EC1A0D2902AE97A66A1,ENG_STRATEGY_FACTORY_PLATFORM_SAEDV427TRIALLEDGER_BD0CB361_V1,ENGINE,STRATEGY_FACTORY_PLATFORM,EXCLUDED_PROTECTED_PLATFORM,0,100,True,False,False,sha256:44eb69d0e1673f588e128ca9b29eb34d88ecc2909aee428c780beca1f48b3cca
CHARPACKET_A2FD66A16AAC4BA6B1C837812316767A,ENG_STRATEGY_FACTORY_PLATFORM_SAEDV427TYPES_09FA5B01_V1,ENGINE,STRATEGY_FACTORY_PLATFORM,EXCLUDED_PROTECTED_PLATFORM,0,100,True,False,False,sha256:a6764bb0e541623d11c1db23f603d01d823602d481983e54d8a5680cc521ea48
CHARPACKET_F2F89A8A940E56DE8DB5F94C9AD46578,ENG_STRATEGY_FACTORY_PLATFORM_SAEDV427VERSION_51AA53F1_V1,ENGINE,STRATEGY_FACTORY_PLATFORM,EXCLUDED_PROTECTED_PLATFORM,0,100,True,False,False,sha256:f4f8d2eeb50a78f9ff9f522d15e8eb80fb0d70b89b70645d280b8021bf4bc03e
CHARPACKET_E8D06610AFFED4735DB36EA86DF87EFB,ENG_STRATEGY_FACTORY_PLATFORM_SAEDV428ADDIS_71E1C451_V1,ENGINE,STRATEGY_FACTORY_PLATFORM,EXCLUDED_PROTECTED_PLATFORM,0,100,True,False,False,sha256:e5500606ec56e2ca0a29ca76123514a69b808063e4fda6f3554399f6cfe74248
CHARPACKET_5EB73C0109CECA76162E392F4DA18E32,ENG_STRATEGY_FACTORY_PLATFORM_SAEDV428ALPHAINVESTING_FBA194DF_V1,ENGINE,STRATEGY_FACTORY_PLATFORM,EXCLUDED_PROTECTED_PLATFORM,0,100,True,False,False,sha256:1c2e29311b092a744a7c70ce6ed470f095935c5f139eb39fc37258eebe0931d5
CHARPACKET_1E472DCDE4870A7C402B4743CBE3CD13,ENG_STRATEGY_FACTORY_PLATFORM_SAEDV428ALPHASPENDING_B60B376C_V1,ENGINE,STRATEGY_FACTORY_PLATFORM,EXCLUDED_PROTECTED_PLATFORM,0,100,True,False,False,sha256:0ae2716ff466b199cdbc3a865ba5479037af944c328cffcaae7449125e40fc95
CHARPACKET_91152A53373486E874634E39727440C3,ENG_STRATEGY_FACTORY_PLATFORM_SAEDV428ANYTIMEEVIDENCE_9035A799_V1,ENGINE,STRATEGY_FACTORY_PLATFORM,EXCLUDED_PROTECTED_PLATFORM,0,100,True,False,False,sha256:c40dad633b5112b03ea7b1a8dc27c2cd800ab8c80473c8ce253970e95327d157
CHARPACKET_983FA7A1A3116B13F5DE1784FFCB6820,ENG_STRATEGY_FACTORY_PLATFORM_SAEDV428AUTHORITY_A8CACBC0_V1,ENGINE,STRATEGY_FACTORY_PLATFORM,EXCLUDED_PROTECTED_PLATFORM,0,100,True,False,False,sha256:b325f7b339b6c78175f38b8079621d2da279f02dcd6f3556baabce13257e27ba
CHARPACKET_403ADBC7A074D5B0A9C70D131804F60A,ENG_STRATEGY_FACTORY_PLATFORM_SAEDV428CANONICAL_9C5A43E3_V1,ENGINE,STRATEGY_FACTORY_PLATFORM,EXCLUDED_PROTECTED_PLATFORM,0,100,True,False,False,sha256:c203b813a1431ae5a374df68380e1d514796b396f2420b88d0989eee3ec1a463
CHARPACKET_0FAAAA38C7CC09AD7623431F73F6D4AB,ENG_STRATEGY_FACTORY_PLATFORM_SAEDV428CONTRACTS_D16E06F9_V1,ENGINE,STRATEGY_FACTORY_PLATFORM,EXCLUDED_PROTECTED_PLATFORM,0,100,True,False,False,sha256:543de51486924b50605ca5d95c2560986b8ad561040a87db86d76cdcc10e17f0
CHARPACKET_8E6152A05FAC125E5AB0564BBF06EC70,ENG_STRATEGY_FACTORY_PLATFORM_SAEDV428ELOND_D493C717_V1,ENGINE,STRATEGY_FACTORY_PLATFORM,EXCLUDED_PROTECTED_PLATFORM,0,100,True,False,False,sha256:ca29a056cf32da7213bae4688ca1b06a9357a289e19fc383f058573d18ee72aa
CHARPACKET_63DFE9BCA609B6ACE945519FB3A55E92,ENG_STRATEGY_FACTORY_PLATFORM_SAEDV428FACADE_91D1126E_V1,ENGINE,STRATEGY_FACTORY_PLATFORM,EXCLUDED_PROTECTED_PLATFORM,0,100,True,False,False,sha256:6c51691efac681cb73defc6aa3d3d5434aa9fd783efd6d1e08f7cc1897ec8e52
CHARPACKET_648ED9BB6E55F5A3730DA9A28EB8C446,ENG_STRATEGY_FACTORY_PLATFORM_SAEDV428FAMILYALLOCATION_0FC00710_V1,ENGINE,STRATEGY_FACTORY_PLATFORM,EXCLUDED_PROTECTED_PLATFORM,0,100,True,False,False,sha256:1e303e88bb6217ab1b666f7f70d788dbc0a7b87fd51ec1e730654b74fbb7de05
CHARPACKET_A529CB11C66FB380D94941B7091DDE9F,ENG_STRATEGY_FACTORY_PLATFORM_SAEDV428GAMMASEQUENCE_C4902451_V1,ENGINE,STRATEGY_FACTORY_PLATFORM,EXCLUDED_PROTECTED_PLATFORM,0,100,True,False,False,sha256:c0a6d2ed37af3cecdf4faae57adabf962af9de0c79da70ed25f6d7807d23eb35
CHARPACKET_94993235FA8A8F06EE0CDC0BADE4677F,ENG_STRATEGY_FACTORY_PLATFORM_SAEDV428HANDOFF_59A6BBC4_V1,ENGINE,STRATEGY_FACTORY_PLATFORM,EXCLUDED_PROTECTED_PLATFORM,0,100,True,False,False,sha256:4d9313c03f40f64e468037275a2231e144873af2d9d21652788bdb0a2a6b96f4
CHARPACKET_BA40E67EE12296953B69E04056AD59E3,ENG_STRATEGY_FACTORY_PLATFORM_SAEDV428LORD_A47E43FC_V1,ENGINE,STRATEGY_FACTORY_PLATFORM,EXCLUDED_PROTECTED_PLATFORM,0,100,True,False,False,sha256:59430f759c5b49a0d961dd141cee93c30421ad602d7a4c12220499b391290ec3
CHARPACKET_6AAE4C3835646D71485DC126B0369F48,ENG_STRATEGY_FACTORY_PLATFORM_SAEDV428REJECTIONLEDGER_0518F1D6_V1,ENGINE,STRATEGY_FACTORY_PLATFORM,EXCLUDED_PROTECTED_PLATFORM,0,100,True,False,False,sha256:5341649fe31d9784a80f2cd405befcf4aa88322c113f0a11fec13b960ae7a158
CHARPACKET_9EABA21DA82BC9E2F719164C0400D8DF,ENG_STRATEGY_FACTORY_PLATFORM_SAEDV428SAFFRON_A9959F1D_V1,ENGINE,STRATEGY_FACTORY_PLATFORM,EXCLUDED_PROTECTED_PLATFORM,0,100,True,False,False,sha256:b5f0dd1d42f3dcdfc585fd8502af32aaf9121c8df0988d3b2e9649da57d7716f
CHARPACKET_1AC587DB22F835848CC483393CCC3F67,ENG_STRATEGY_FACTORY_PLATFORM_SAEDV428STOPPING_D3FFE323_V1,ENGINE,STRATEGY_FACTORY_PLATFORM,EXCLUDED_PROTECTED_PLATFORM,0,100,True,False,False,sha256:553d0550dee182faa2dceae43d997476dae86de63fee83b4bb525eca5a407147
CHARPACKET_C4C89E656B45130B937BB5773FBD0054,ENG_STRATEGY_FACTORY_PLATFORM_SAEDV428TYPES_F33B1FE4_V1,ENGINE,STRATEGY_FACTORY_PLATFORM,EXCLUDED_PROTECTED_PLATFORM,0,100,True,False,False,sha256:6a31093896360f0453c150160cfa495f940eac5d97b9b19408c6c94e09b607c2
CHARPACKET_A5D9FAD463514785E8428DFFB061DA1E,ENG_STRATEGY_FACTORY_PLATFORM_SAEDV428VERSION_24765073_V1,ENGINE,STRATEGY_FACTORY_PLATFORM,EXCLUDED_PROTECTED_PLATFORM,0,100,True,False,False,sha256:d727b99671695ecbe66d594e7349efd63c2d0f439e8a64c13b8c84f88d950362
CHARPACKET_D9746E9CCD151C17A84036C40E354CC7,ENG_STRATEGY_FACTORY_PLATFORM_SAEDV428WEALTHLEDGER_B7A4A1ED_V1,ENGINE,STRATEGY_FACTORY_PLATFORM,EXCLUDED_PROTECTED_PLATFORM,0,100,True,False,False,sha256:b056316b9c2fd73811e458b8a117b13132c72e018821d306f0f363200da15eb5
CHARPACKET_D716249E1157C45876CE7A7F95FD9CC5,ENG_STRATEGY_FACTORY_PLATFORM_SAEDV429AIRGAP_9F283A6A_V1,ENGINE,STRATEGY_FACTORY_PLATFORM,EXCLUDED_PROTECTED_PLATFORM,0,100,True,False,False,sha256:4028709c05013af6f935a490ff3ecd5c6ecb259339ae3f1a0c4d978488883e31
CHARPACKET_D4D1FA018B429A859EE2A7E6BD59A585,ENG_STRATEGY_FACTORY_PLATFORM_SAEDV429AUTHORITY_CA4BF0CF_V1,ENGINE,STRATEGY_FACTORY_PLATFORM,EXCLUDED_PROTECTED_PLATFORM,0,100,True,False,False,sha256:bbbff43fb6e53f64e6a39ece5143e40da47d777925c034671300a210abd24e82
CHARPACKET_D675F19FDE888F3EEDF35C4DC14817E4,ENG_STRATEGY_FACTORY_PLATFORM_SAEDV429CANONICAL_DA8643AB_V1,ENGINE,STRATEGY_FACTORY_PLATFORM,EXCLUDED_PROTECTED_PLATFORM,0,100,True,False,False,sha256:f0e420026b738f1a3688a9fbe359bf5dc8e0938004bff4f7f6e41e369bd3fdc3
CHARPACKET_96DD289DE777C562E63633FC9F1E43B9,ENG_STRATEGY_FACTORY_PLATFORM_SAEDV429CERTIFICATE_E798F164_V1,ENGINE,STRATEGY_FACTORY_PLATFORM,EXCLUDED_PROTECTED_PLATFORM,0,100,True,False,False,sha256:7f44e9a64be84bf92b6797599cc6c168b473c3e2c27fac468ff5529220ee8eff
CHARPACKET_B26FACCA8C67429967F991B5F7405F05,ENG_STRATEGY_FACTORY_PLATFORM_SAEDV429CONTRACTS_F3FE4757_V1,ENGINE,STRATEGY_FACTORY_PLATFORM,EXCLUDED_PROTECTED_PLATFORM,0,100,True,False,False,sha256:ec1d151f36d2efa42ecbf1a8869495831d785cd20d4d5f78b3eaa3de4a1ab466
CHARPACKET_85AAAB89F4D0DE796FC26299B9A46520,ENG_STRATEGY_FACTORY_PLATFORM_SAEDV429CUSTODYLEDGER_1FE257E1_V1,ENGINE,STRATEGY_FACTORY_PLATFORM,EXCLUDED_PROTECTED_PLATFORM,0,100,True,False,False,sha256:898fd20b4ef0f97505b8563b02ce6045dd7f19465498df7024e212f4c9779e50
CHARPACKET_D9F4CDB4A4DC7C87588866961A26FD67,ENG_STRATEGY_FACTORY_PLATFORM_SAEDV429CUSTODY_BE036F6E_V1,ENGINE,STRATEGY_FACTORY_PLATFORM,EXCLUDED_PROTECTED_PLATFORM,0,100,True,False,False,sha256:c2f5dcc8eb08c9126519c96beb86eb92df4badf598c2a092b935d30ad0a1896f
CHARPACKET_D2D9017D43B24ED1FCB5EDC2EE66CE98,ENG_STRATEGY_FACTORY_PLATFORM_SAEDV429DISCLOSURE_FDDCEAA5_V1,ENGINE,STRATEGY_FACTORY_PLATFORM,EXCLUDED_PROTECTED_PLATFORM,0,100,True,False,False,sha256:139d18623482e8fb65963eff392c97561275a6df73d0787fecff940b0f83d9d9
CHARPACKET_4B8C2771074A6DD06C9F343ACACC0C54,ENG_STRATEGY_FACTORY_PLATFORM_SAEDV429EVALUATOR_B1E91AEE_V1,ENGINE,STRATEGY_FACTORY_PLATFORM,EXCLUDED_PROTECTED_PLATFORM,0,100,True,False,False,sha256:cdeb5aff54622cad06068994be53c69aea4326e60b1d7d5e600001f3efe18a79
CHARPACKET_AC33C1CCA1E5BD328CF481D4CC3D41C0,ENG_STRATEGY_FACTORY_PLATFORM_SAEDV429FACADE_D2287F4D_V1,ENGINE,STRATEGY_FACTORY_PLATFORM,EXCLUDED_PROTECTED_PLATFORM,0,100,True,False,False,sha256:898b65bbc3a491ac4243f33b9b318c59230de28ecc9a85b929f0f38988a9cc3b
CHARPACKET_274AB4CCA789E9E54707198A83BC27D3,ENG_STRATEGY_FACTORY_PLATFORM_SAEDV429HANDOFF_E45777DF_V1,ENGINE,STRATEGY_FACTORY_PLATFORM,EXCLUDED_PROTECTED_PLATFORM,0,100,True,False,False,sha256:3d07891ae2a718f9635c9b95657dc3b75e4923bc638cf9a39b85198b6a231670
CHARPACKET_8D2147317C778DDA003C002C2319E3BD,ENG_STRATEGY_FACTORY_PLATFORM_SAEDV429KNOWNTIME_F27676D8_V1,ENGINE,STRATEGY_FACTORY_PLATFORM,EXCLUDED_PROTECTED_PLATFORM,0,100,True,False,False,sha256:9d2799b62a9c72e4f07b2d5f3622dfe003ee0e85efcdd06a5d893ff9d27c786f
CHARPACKET_DAF51DE4E938393A73EF64DB95F219E1,ENG_STRATEGY_FACTORY_PLATFORM_SAEDV429METRICS_5A6307FD_V1,ENGINE,STRATEGY_FACTORY_PLATFORM,EXCLUDED_PROTECTED_PLATFORM,0,100,True,False,False,sha256:b54842e1bedb6847df0f0ae0640785b60350fa5394a4a6968b3cb690abe33e10
CHARPACKET_BE864E08EE629C24033B2AF05B31CC33,ENG_STRATEGY_FACTORY_PLATFORM_SAEDV429QUERYLEDGER_533B0FBA_V1,ENGINE,STRATEGY_FACTORY_PLATFORM,EXCLUDED_PROTECTED_PLATFORM,0,100,True,False,False,sha256:31682ae5fbc442e5f424489a2f29d8392aa997d11d3a3d8540ac6ae128e7e67a
CHARPACKET_B8BEA40D3FFFFB7395E83DCC03A6BCDB,ENG_STRATEGY_FACTORY_PLATFORM_SAEDV429SECURITY_1B51BFF8_V1,ENGINE,STRATEGY_FACTORY_PLATFORM,EXCLUDED_PROTECTED_PLATFORM,0,100,True,False,False,sha256:40c401201edacd9dda79cd704e2608ce96f4807a14faec54cfad62b88529815e
CHARPACKET_F876D6359FC3EBB96EED27F486CB14B2,ENG_STRATEGY_FACTORY_PLATFORM_SAEDV429SUBMISSION_BF9C16C2_V1,ENGINE,STRATEGY_FACTORY_PLATFORM,EXCLUDED_PROTECTED_PLATFORM,0,100,True,False,False,sha256:646b9af32d0f10d6d42f9c14bd6a67e2b04f2f1a7312ffc72df4f62f3af409b4
CHARPACKET_E432F4B7250608B9F9538E19B758DFBF,ENG_STRATEGY_FACTORY_PLATFORM_SAEDV429TOKEN_0AED00A9_V1,ENGINE,STRATEGY_FACTORY_PLATFORM,EXCLUDED_PROTECTED_PLATFORM,0,100,True,False,False,sha256:0b59d89bca2ec9f82b5e032fdea6bfcfcdc95e5acf30ba9e260ebf3ed6388acb
CHARPACKET_E04A648AF9E153FB367E224DC96D6641,ENG_STRATEGY_FACTORY_PLATFORM_SAEDV429TRANSPORTLEDGER_A4D1F579_V1,ENGINE,STRATEGY_FACTORY_PLATFORM,EXCLUDED_PROTECTED_PLATFORM,0,100,True,False,False,sha256:bd4786acea617c8e6bec05ed438ff202cb1630cb7a86204fa72a2fc5f26191f6
CHARPACKET_58F06F137ABE1794B7D367068F6582F0,ENG_STRATEGY_FACTORY_PLATFORM_SAEDV429TYPES_BC750C94_V1,ENGINE,STRATEGY_FACTORY_PLATFORM,EXCLUDED_PROTECTED_PLATFORM,0,100,True,False,False,sha256:475a96f39772cd3887d2d1828bb10eacb2fd57af027cc5800d921cc377d5ea92
CHARPACKET_AB912ABB2ACC240B65A057CFFAC00290,ENG_STRATEGY_FACTORY_PLATFORM_SAEDV429VERSION_0984DA78_V1,ENGINE,STRATEGY_FACTORY_PLATFORM,EXCLUDED_PROTECTED_PLATFORM,0,100,True,False,False,sha256:7b2f1999b73391142126b538998631be4024192d7eb9a13421c6b74734ca6159
CHARPACKET_433F4EFB6BEDF97A9C0BACA1C3A9DE28,ENG_STRATEGY_FACTORY_PLATFORM_SAEDV433AGGREGATIONPLAN_AE4DBE4B_V1,ENGINE,STRATEGY_FACTORY_PLATFORM,EXCLUDED_PROTECTED_PLATFORM,30,100,True,False,False,sha256:4aba59141ddface55f9f2cae506fac63f181726cf72e407b7d0f031f863f36ae
CHARPACKET_6309E75D012641573815EBAFEB345A5C,ENG_STRATEGY_FACTORY_PLATFORM_SAEDV433AGGREGATIONRECEIPT_C4E6337F_V1,ENGINE,STRATEGY_FACTORY_PLATFORM,EXCLUDED_PROTECTED_PLATFORM,30,100,True,False,False,sha256:0e289dbc7d5979b6723dddbe736ccb6d004119e78a5a3a3fbc9ef932a48f165f
CHARPACKET_01C09C8E266767D08063BB6203C2CFD7,ENG_STRATEGY_FACTORY_PLATFORM_SAEDV433AUTHORITYBOUNDARY_D1EAD7C8_V1,ENGINE,STRATEGY_FACTORY_PLATFORM,EXCLUDED_PROTECTED_PLATFORM,30,100,True,False,False,sha256:e0d8d58dccf340ac7d3e9367a14cc8df011574623eabe7d2c5780650d1ce4625
CHARPACKET_11D8C04995F9FC6834E76946D63554F8,ENG_STRATEGY_FACTORY_PLATFORM_SAEDV433CELLREGISTRY_8FB76250_V1,ENGINE,STRATEGY_FACTORY_PLATFORM,EXCLUDED_PROTECTED_PLATFORM,30,100,True,False,False,sha256:4ca9f7ef0b8ddfe10b4423975fcb4bd1fe46d7ea8accd23085ca2c6a3a2f5e87
CHARPACKET_C7B2D06872EE1C622A55B3302D02EDAC,ENG_STRATEGY_FACTORY_PLATFORM_SAEDV433CERTIFICATE_686DDF1F_V1,ENGINE,STRATEGY_FACTORY_PLATFORM,EXCLUDED_PROTECTED_PLATFORM,30,100,True,False,False,sha256:5a12a18f2fd7fa7b0b5e98a271a7a2f4db576f588e3b91bcd320ead335239406
CHARPACKET_3A655797D51FB500154F42CBCA3C46ED,ENG_STRATEGY_FACTORY_PLATFORM_SAEDV433DROPOUTLEDGER_27B96DC6_V1,ENGINE,STRATEGY_FACTORY_PLATFORM,EXCLUDED_PROTECTED_PLATFORM,30,100,True,False,False,sha256:744586b209a4e4eb5c442f2f9636862ee90790363f6cb44d03e39f7ebe00a04b
CHARPACKET_985359298029C3BFAAEDCC76D9EAE646,ENG_STRATEGY_FACTORY_PLATFORM_SAEDV433EXPOSURELEDGER_8392D5B1_V1,ENGINE,STRATEGY_FACTORY_PLATFORM,EXCLUDED_PROTECTED_PLATFORM,30,100,True,False,False,sha256:23ff43ae54968f58152f38cb59c90f1962388826d74f2be48aec7aa3283df939
CHARPACKET_25AC998BE04A1D1C54C81852E30655BF,ENG_STRATEGY_FACTORY_PLATFORM_SAEDV433HANDOFF_9C0F38BB_V1,ENGINE,STRATEGY_FACTORY_PLATFORM,EXCLUDED_PROTECTED_PLATFORM,30,100,True,False,False,sha256:595cbbb82b2a52320df24000398ae90aad44d88cbc0071c53cbf853f57a85b68
CHARPACKET_585865E9FB7EF050381DBF975A3B3681,ENG_STRATEGY_FACTORY_PLATFORM_SAEDV433PRIVACYBUDGET_907DB045_V1,ENGINE,STRATEGY_FACTORY_PLATFORM,EXCLUDED_PROTECTED_PLATFORM,30,100,True,False,False,sha256:6f0ed73272111bbf1875f413efe26ffa61edd376f2574ebca7174ec38ca0a79f
CHARPACKET_58787A4393764D4BA44E54F198B085D6,ENG_STRATEGY_FACTORY_PLATFORM_SAEDV433PROTOCOLREGISTRY_443E9481_V1,ENGINE,STRATEGY_FACTORY_PLATFORM,EXCLUDED_PROTECTED_PLATFORM,30,100,True,False,False,sha256:42a0b97d05fe7230d9b6587282d963db2fa2a85e4163c2d94623c8301dea7667
CHARPACKET_82AAA7F8597C11EEFC8006D3362577D8,ENG_STRATEGY_FACTORY_PLATFORM_SAEDV433PROVENANCE_33818181_V1,ENGINE,STRATEGY_FACTORY_PLATFORM,EXCLUDED_PROTECTED_PLATFORM,30,100,True,False,False,sha256:6d35da5224302235d1c9e68fdb9c6cbccb7a44e7f4f18c0bc874e98665c19c96
CHARPACKET_666DE69F39F90CF7F4BB51DAC224287F,ENG_STRATEGY_FACTORY_PLATFORM_SAEDV433REFERENCEVALIDATOR_A59EAE41_V1,ENGINE,STRATEGY_FACTORY_PLATFORM,EXCLUDED_PROTECTED_PLATFORM,30,100,True,False,False,sha256:377d453c82e6b9bebb517a5633a1bfb02645e299d1cbc2b8e3c4190330cd4968
CHARPACKET_FB4C0C454F87DD06B6F6303BB8F03C26,ENG_STRATEGY_FACTORY_PLATFORM_SAEDV433RESIDENCYPOLICY_54FB7303_V1,ENGINE,STRATEGY_FACTORY_PLATFORM,EXCLUDED_PROTECTED_PLATFORM,30,100,True,False,False,sha256:36d66b5442f18a4f5f88db98371bb3dd16171ccb2012dae147045c7c1b804d7a
CHARPACKET_85C2F584BAA964E6B7810D7EE91C1F76,ENG_STRATEGY_FACTORY_PLATFORM_SAEDV433SCREENINGREPORT_E3C88DD9_V1,ENGINE,STRATEGY_FACTORY_PLATFORM,EXCLUDED_PROTECTED_PLATFORM,30,100,True,False,False,sha256:4b98aeaa27a81c2efa0597dda7b2f63eb5b94d6616f2aff165e97e2afbf9336e
CHARPACKET_1716CFBF5371CE98CAF1169584D97A79,ENG_STRATEGY_FACTORY_PLATFORM_SAEDV433STATICCHECKS_1BAE9FC5_V1,ENGINE,STRATEGY_FACTORY_PLATFORM,EXCLUDED_PROTECTED_PLATFORM,30,100,True,False,False,sha256:8865c27937df9f5726861f22fe2f7bab5dcfa92fbc78c64102e55a05ca14b5d9
CHARPACKET_A3C3EC25EF0C5F279DF3324D5A49FFEC,ENG_STRATEGY_FACTORY_PLATFORM_SAEDV433STUDYSPEC_B322599A_V1,ENGINE,STRATEGY_FACTORY_PLATFORM,EXCLUDED_PROTECTED_PLATFORM,30,100,True,False,False,sha256:77815b9bc33cf8c54741b79a921dde9673806c9d66358039df94d6ae26b41b49
CHARPACKET_2BFBDA7D96ABA0D4795F6802485E4340,ENG_STRATEGY_FACTORY_PLATFORM_SAEDV433TYPES_6BE5B43F_V1,ENGINE,STRATEGY_FACTORY_PLATFORM,EXCLUDED_PROTECTED_PLATFORM,30,100,True,False,False,sha256:8d8d215103f203de1ca9dbe335c631658c2625a7271019a8a2060ccdf46e4fc2
CHARPACKET_738A6458AF1D1D1CD52D36A800CB1829,ENG_STRATEGY_FACTORY_PLATFORM_SAEDV433UPDATEENVELOPE_9A430DAF_V1,ENGINE,STRATEGY_FACTORY_PLATFORM,EXCLUDED_PROTECTED_PLATFORM,30,100,True,False,False,sha256:71f8be5eee19b2542cd7f06b7fc5986abfcd0300574310661a86e0523ce67e06
CHARPACKET_F636283E2CEB9D522172542EA9EA6278,ENG_STRATEGY_FACTORY_PLATFORM_SAEDV433VERSION_B701FFD1_V1,ENGINE,STRATEGY_FACTORY_PLATFORM,EXCLUDED_PROTECTED_PLATFORM,30,100,True,False,False,sha256:cd48913664260bc53edf06c1163fb2b2f61061ebdd0d0c99b84b067f919112f6
CHARPACKET_E6A36F536EB75214BCA4DF5A85AB7BF0,ENG_STRATEGY_FACTORY_PLATFORM_SAEDV434ACCOUNTING_60A16C81_V1,ENGINE,STRATEGY_FACTORY_PLATFORM,EXCLUDED_PROTECTED_PLATFORM,30,100,True,False,False,sha256:5f6adc8a6a36fd957c211a6438cc6fa4cd5fcc9cb7160591079f211ae49732bb
CHARPACKET_1F6690DE50C42338AC46C1584AAF3248,ENG_STRATEGY_FACTORY_PLATFORM_SAEDV434ARTIFACT_A477264C_V1,ENGINE,STRATEGY_FACTORY_PLATFORM,EXCLUDED_PROTECTED_PLATFORM,30,100,True,False,False,sha256:5ea746d190752651ef17a0cb09453ac1d0ad3412815f25ca4eca0fe76cfb0506
CHARPACKET_47388730636CAFEE69E1ABBAB5D68DA7,ENG_STRATEGY_FACTORY_PLATFORM_SAEDV434ATTESTATION_F49AF733_V1,ENGINE,STRATEGY_FACTORY_PLATFORM,EXCLUDED_PROTECTED_PLATFORM,30,100,True,False,False,sha256:d87d8eeb54e926999119363070cb20350059609068f2ef450d65593eec7043b0
CHARPACKET_790DADAEE82BC0F091FDF903D84B04D8,ENG_STRATEGY_FACTORY_PLATFORM_SAEDV434AUTHORITY_3CC88C0A_V1,ENGINE,STRATEGY_FACTORY_PLATFORM,EXCLUDED_PROTECTED_PLATFORM,30,100,True,False,False,sha256:1c4a1471cdf63ff21d5945c0011745e5d8c7da18ed576626bb7e1b33cb934214
CHARPACKET_9707399D0503D310487B5F643A37A1A8,ENG_STRATEGY_FACTORY_PLATFORM_SAEDV434BUDGET_2741E258_V1,ENGINE,STRATEGY_FACTORY_PLATFORM,EXCLUDED_PROTECTED_PLATFORM,30,100,True,False,False,sha256:2af1857e1ba4f638939fd61756aed0058881e8101b0c076a16ccc168b6d4081f
CHARPACKET_14533E4C7B852A21301563D1B842986B,ENG_STRATEGY_FACTORY_PLATFORM_SAEDV434CERTIFICATE_FABEF36C_V1,ENGINE,STRATEGY_FACTORY_PLATFORM,EXCLUDED_PROTECTED_PLATFORM,30,100,True,False,False,sha256:d512fec03894ff0671e81b424ec7531f5731b74cd693fbc615582c9fc141bc51
CHARPACKET_25D269FCD0496B5A3A7B65606B296FC9,ENG_STRATEGY_FACTORY_PLATFORM_SAEDV434CHECKPOINT_E380293D_V1,ENGINE,STRATEGY_FACTORY_PLATFORM,EXCLUDED_PROTECTED_PLATFORM,30,100,True,False,False,sha256:b94244a1627b8d3ec79897fa7ce21d93ba793a579f15de3cb670fb2a183a963d
CHARPACKET_5B617F1C6A379249D8489B2004D9EEA7,ENG_STRATEGY_FACTORY_PLATFORM_SAEDV434DOMAIN_D02416EA_V1,ENGINE,STRATEGY_FACTORY_PLATFORM,EXCLUDED_PROTECTED_PLATFORM,30,100,True,False,False,sha256:acb587588b22c12f5cda1e4ec37a855ad146271c9da63ccaa56704e97222bcae
CHARPACKET_798293DE6F51A9E01F127A4C1719367A,ENG_STRATEGY_FACTORY_PLATFORM_SAEDV434FAILCLOSED_B20BC2E4_V1,ENGINE,STRATEGY_FACTORY_PLATFORM,EXCLUDED_PROTECTED_PLATFORM,30,100,True,False,False,sha256:e088bf65127682df01f8e90166616a9e479bae1818b3710c59da509bf1855fb1
CHARPACKET_171A90D53D1DD37963FAE278B32EF867,ENG_STRATEGY_FACTORY_PLATFORM_SAEDV434HANDOFF_79378D61_V1,ENGINE,STRATEGY_FACTORY_PLATFORM,EXCLUDED_PROTECTED_PLATFORM,30,100,True,False,False,sha256:050ae4820c0099e0503e9e775befdbed981e2775e57419d6d4b19f1372ab0dbb
CHARPACKET_151E4986CD3A729B9686E6A5C8B1238D,ENG_STRATEGY_FACTORY_PLATFORM_SAEDV434NETWORKPOLICY_021DFD66_V1,ENGINE,STRATEGY_FACTORY_PLATFORM,EXCLUDED_PROTECTED_PLATFORM,30,100,True,False,False,sha256:af414582180abd16718c2ed4403eefdc75bb2a43db6fc15978a851ce0fb17d30
CHARPACKET_1E65489C872AA20A5C4D1D3FC0BE49B5,ENG_STRATEGY_FACTORY_PLATFORM_SAEDV434NODE_3A641442_V1,ENGINE,STRATEGY_FACTORY_PLATFORM,EXCLUDED_PROTECTED_PLATFORM,30,100,True,False,False,sha256:f749dec9bacc0a4ea49ee3e7948c4ba9c9f185d28287b84f8db4d9975ce97bcc
CHARPACKET_09DFA4B569C8AF87E33BA7403C3D2AA7,ENG_STRATEGY_FACTORY_PLATFORM_SAEDV434PARTITION_53B3C70E_V1,ENGINE,STRATEGY_FACTORY_PLATFORM,EXCLUDED_PROTECTED_PLATFORM,30,100,True,False,False,sha256:76486b85698a9fdd0ac7d8e7ca5c7bb908747a2eba40b745c549381c635eaaf7
CHARPACKET_C44AD711C48A549CC3897CDC343CD0BB,ENG_STRATEGY_FACTORY_PLATFORM_SAEDV434RECEIPT_36D2450A_V1,ENGINE,STRATEGY_FACTORY_PLATFORM,EXCLUDED_PROTECTED_PLATFORM,30,100,True,False,False,sha256:3d53e2f275b3fd195dca40aa6fdcfadc6de50eeb363d7497af696b92b901ddbf
CHARPACKET_C3BF1FC51E0D1C59B207938BB9CEB34C,ENG_STRATEGY_FACTORY_PLATFORM_SAEDV434RECOVERY_EC52B302_V1,ENGINE,STRATEGY_FACTORY_PLATFORM,EXCLUDED_PROTECTED_PLATFORM,30,100,True,False,False,sha256:b423a9cc462e1b8b07ba7fb94728db94d8bfdc52a466358c154c66d04ab40795
CHARPACKET_6D4ADE3878BBAA207714A39550E72B3B,ENG_STRATEGY_FACTORY_PLATFORM_SAEDV434SCHEDULE_2405B2F0_V1,ENGINE,STRATEGY_FACTORY_PLATFORM,EXCLUDED_PROTECTED_PLATFORM,30,100,True,False,False,sha256:187e722f546129b53863e2cded6ff84ad41f9a40071a616928967fb70bf0a256
CHARPACKET_AF369A93DE7A0E89E37CE19186B7244D,ENG_STRATEGY_FACTORY_PLATFORM_SAEDV434STATICASSERTIONS_2195EE88_V1,ENGINE,STRATEGY_FACTORY_PLATFORM,EXCLUDED_PROTECTED_PLATFORM,30,100,True,False,False,sha256:d7a5d194d35d96956b0dc64bd79dd47f690d114bcd25afed9d36d572c21bb818
CHARPACKET_2DB13AF864CAF687688D516933564F1A,ENG_STRATEGY_FACTORY_PLATFORM_SAEDV434STATICPARITYHARNESS_E1F4E84D_V1,ENGINE,STRATEGY_FACTORY_PLATFORM,EXCLUDED_PROTECTED_PLATFORM,0,100,True,False,False,sha256:350627586de3143a37b083b44a2edad71c034461c271894d9bb6f8a20b55a33b
CHARPACKET_A9716FD8A08EC9826ADE5AC610FD0EC8,ENG_STRATEGY_FACTORY_PLATFORM_SAEDV434TASK_32357CE3_V1,ENGINE,STRATEGY_FACTORY_PLATFORM,EXCLUDED_PROTECTED_PLATFORM,30,100,True,False,False,sha256:cdcc64fa313c8f1176a6f9b82eff0796a75292172fd84d68a26176496ada9889
CHARPACKET_309A23B88D495F1E65A488E84478F3FD,ENG_STRATEGY_FACTORY_PLATFORM_SAEDV434VERSION_57CF25DB_V1,ENGINE,STRATEGY_FACTORY_PLATFORM,EXCLUDED_PROTECTED_PLATFORM,30,100,True,False,False,sha256:6c7b00fa74c9894cd175e9839923f653550a036670fc384e286a0dfb1c1a6ac3
CHARPACKET_CF6EF276B2C96AC5F0C09EA2A8C9C909,ENG_STRATEGY_FACTORY_PLATFORM_SAEDV434WORKLOAD_FA332B7F_V1,ENGINE,STRATEGY_FACTORY_PLATFORM,EXCLUDED_PROTECTED_PLATFORM,30,100,True,False,False,sha256:da19617848d1f0630bc20c90efb0260da9e6d4f075df0c10cdb800aa9f9657f2
CHARPACKET_70F2AE03826CDC4630E18CE78388589D,ENG_STRATEGY_FACTORY_PLATFORM_SAEDV435AUTHORITY_03EF7F9B_V1,ENGINE,STRATEGY_FACTORY_PLATFORM,EXCLUDED_PROTECTED_PLATFORM,30,100,True,False,False,sha256:060e4b7a5783600fa70c6aa5afaca89663121b7388fb7fe9e05bb6a64842cd47
CHARPACKET_345377D6918D150923AD7A7B72FD81B3,ENG_STRATEGY_FACTORY_PLATFORM_SAEDV435CERTIFICATE_D2D3264D_V1,ENGINE,STRATEGY_FACTORY_PLATFORM,EXCLUDED_PROTECTED_PLATFORM,30,100,True,False,False,sha256:9deeec2aa2486b9b9e3c8eedf209ae65830a0ab10c9f94f56452b8d1c9744254
CHARPACKET_F6EED33CC69E7084E17324A92F8C8CB1,ENG_STRATEGY_FACTORY_PLATFORM_SAEDV435DATASETIDENTITY_52A305DC_V1,ENGINE,STRATEGY_FACTORY_PLATFORM,EXCLUDED_PROTECTED_PLATFORM,30,100,True,False,False,sha256:a6041f3b5ea8aca16e70f7a92bbd0c4f487d9051ccd7a30f0d750cd572899141
CHARPACKET_E72808EB47AB2AFD147EE909CE70AAF8,ENG_STRATEGY_FACTORY_PLATFORM_SAEDV435DEPENDENCYIDENTITY_2B17C4BE_V1,ENGINE,STRATEGY_FACTORY_PLATFORM,EXCLUDED_PROTECTED_PLATFORM,30,100,True,False,False,sha256:79544353f882b2cbbb182eaab92389e09828439cb5944c2a628f51724c21a2b8
CHARPACKET_F5DADFBFA738C37952A413AA42F72350,ENG_STRATEGY_FACTORY_PLATFORM_SAEDV435ELIGIBILITY_0C070B50_V1,ENGINE,STRATEGY_FACTORY_PLATFORM,EXCLUDED_PROTECTED_PLATFORM,30,100,True,False,False,sha256:7b33280e264343609b8e0fde9d4734620d1ef9ef690d29f2625b766f3dd7282a
CHARPACKET_48E82C514B3D3F063E44FF04F835BA0B,ENG_STRATEGY_FACTORY_PLATFORM_SAEDV435FAILCLOSED_628EEFC6_V1,ENGINE,STRATEGY_FACTORY_PLATFORM,EXCLUDED_PROTECTED_PLATFORM,30,100,True,False,False,sha256:44994d52c06b53fac697af369ddf897ef62b3f21127ca64bf8e09dbf34b0f57a
CHARPACKET_C9F09641D3A3C02FEE5359C313F6EF75,ENG_STRATEGY_FACTORY_PLATFORM_SAEDV435HANDOFF_9A888663_V1,ENGINE,STRATEGY_FACTORY_PLATFORM,EXCLUDED_PROTECTED_PLATFORM,30,100,True,False,False,sha256:1683faffba63ee5e18a86308d20579ee7867e851114ab3e710779cf055eebf87
CHARPACKET_FBB622D0DF44EBA5671440E887F55AF3,ENG_STRATEGY_FACTORY_PLATFORM_SAEDV435INCIDENT_68BAC162_V1,ENGINE,STRATEGY_FACTORY_PLATFORM,EXCLUDED_PROTECTED_PLATFORM,30,100,True,False,False,sha256:2b6667775d0fb829ba28d0f3b9351e5b101b7d3b80563515e3028249a7627c0d
CHARPACKET_9501756515E018BFB17C817AC00DDA1C,ENG_STRATEGY_FACTORY_PLATFORM_SAEDV435LICENSEREVIEW_249EE708_V1,ENGINE,STRATEGY_FACTORY_PLATFORM,EXCLUDED_PROTECTED_PLATFORM,30,100,True,False,False,sha256:84a67a75dbbd0743e173f7a2ce3d8aced147ca5d9806ae172a397f077033a3e9
CHARPACKET_F15C95C3106BFE6151793CBC7C34863F,ENG_STRATEGY_FACTORY_PLATFORM_SAEDV435MODELIDENTITY_D52C219E_V1,ENGINE,STRATEGY_FACTORY_PLATFORM,EXCLUDED_PROTECTED_PLATFORM,30,100,True,False,False,sha256:540e379ca3f585070839d8061ab3c2b0d86317bfb220d7bd9498fa84fe80b60e
CHARPACKET_9F9B6E96F83C5ED39110CFB03DD987F9,ENG_STRATEGY_FACTORY_PLATFORM_SAEDV435PROVENANCE_CC17AA01_V1,ENGINE,STRATEGY_FACTORY_PLATFORM,EXCLUDED_PROTECTED_PLATFORM,30,100,True,False,False,sha256:ef3933f22cbfd79aef8ddfe82bdbfe817004801d01f2fb58a458a5845351edd7
CHARPACKET_A714F4342A89F7E67D39348E95856A20,ENG_STRATEGY_FACTORY_PLATFORM_SAEDV435QUARANTINE_2FBBD4E0_V1,ENGINE,STRATEGY_FACTORY_PLATFORM,EXCLUDED_PROTECTED_PLATFORM,30,100,True,False,False,sha256:e87f17313aba7adb836d12eee3d751294afdf3bdc9fa087aaca38852c84d5a7f
CHARPACKET_F48FE7BBF4CE9BB6275F5D8C46213654,ENG_STRATEGY_FACTORY_PLATFORM_SAEDV435RECALL_E8996DD7_V1,ENGINE,STRATEGY_FACTORY_PLATFORM,EXCLUDED_PROTECTED_PLATFORM,30,100,True,False,False,sha256:29c0566d4c4066c536af434246a64c880e705b5adff0c466cc1853fb9de294cd
CHARPACKET_45B359B1F98D805B3BBF79672836C90B,ENG_STRATEGY_FACTORY_PLATFORM_SAEDV435RISKSCORECARD_68FD1B9A_V1,ENGINE,STRATEGY_FACTORY_PLATFORM,EXCLUDED_PROTECTED_PLATFORM,30,100,True,False,False,sha256:c2bdbfd7e2474c9a2251d6fc531ad6ab874e4d2b7e7480153aff59ec544e2cbe
CHARPACKET_88E815AC3E1D63B872A89E85DAD5056A,ENG_STRATEGY_FACTORY_PLATFORM_SAEDV435RISKTIER_84511AF5_V1,ENGINE,STRATEGY_FACTORY_PLATFORM,EXCLUDED_PROTECTED_PLATFORM,30,100,True,False,False,sha256:33eed44e3c1cbe0b3c7d5be1cca511578c832cb4a952484e477afebaae43e5ca
CHARPACKET_B75F4C6C53CDF0BD8C1134561F0F2C89,ENG_STRATEGY_FACTORY_PLATFORM_SAEDV435SBOM_EA29ABD6_V1,ENGINE,STRATEGY_FACTORY_PLATFORM,EXCLUDED_PROTECTED_PLATFORM,30,100,True,False,False,sha256:1d0177ba15d18a079b91309b40a45cdba37696afcb89de928ddf7e666ef49b69
CHARPACKET_B79BCB80A63BC9720B205F351BE1B3D3,ENG_STRATEGY_FACTORY_PLATFORM_SAEDV435SIGNATURE_32362625_V1,ENGINE,STRATEGY_FACTORY_PLATFORM,EXCLUDED_PROTECTED_PLATFORM,30,100,True,False,False,sha256:e3062652ce6f2440d7402956a300da7ceab020e8dc670de9bbcf2e14aa98fe78
CHARPACKET_79B3C6C0FE1BBA4CB336989F698F18F6,ENG_STRATEGY_FACTORY_PLATFORM_SAEDV435STATICASSERTIONS_F93B20DD_V1,ENGINE,STRATEGY_FACTORY_PLATFORM,EXCLUDED_PROTECTED_PLATFORM,30,100,True,False,False,sha256:85f34061b1a92506ce7a77563af0e0d9ab712f956be4e979a70de8c939ab6c0a
CHARPACKET_F83333869DC747113A31D97E9FFF75BB,ENG_STRATEGY_FACTORY_PLATFORM_SAEDV435STATICPARITYHARNESS_CADEAC54_V1,ENGINE,STRATEGY_FACTORY_PLATFORM,EXCLUDED_PROTECTED_PLATFORM,0,100,True,False,False,sha256:b8756b5c52cce988f5588448ff4f8f8e44ef4533ec8958e2630426a9a1392e88
CHARPACKET_D86F8FF4360D803D77D9DF189D949EC0,ENG_STRATEGY_FACTORY_PLATFORM_SAEDV435THREATMODEL_879CB679_V1,ENGINE,STRATEGY_FACTORY_PLATFORM,EXCLUDED_PROTECTED_PLATFORM,30,100,True,False,False,sha256:02fc25de14e2b39b64b6901cc653e7912b617364a7bab90d803105487a64408f
CHARPACKET_1D66E353BCD4004E71E9A8FAD951E666,ENG_STRATEGY_FACTORY_PLATFORM_SAEDV435THREELINES_64D319B1_V1,ENGINE,STRATEGY_FACTORY_PLATFORM,EXCLUDED_PROTECTED_PLATFORM,30,100,True,False,False,sha256:042253efce35a74c02b92ce654fc05eb5c21e8b493cf41acc35bcaa6d62922b9
CHARPACKET_7CFE6FEABBB212653D389F4CCBDDC094,ENG_STRATEGY_FACTORY_PLATFORM_SAEDV435VALIDATION_CABA1A32_V1,ENGINE,STRATEGY_FACTORY_PLATFORM,EXCLUDED_PROTECTED_PLATFORM,30,100,True,False,False,sha256:3308c3792ce088d193fd9010efc7b4e11dfc3f425e169e9373482a8dec40004e
CHARPACKET_EA3F2D83893351E8216997FE6FD0FCCE,ENG_STRATEGY_FACTORY_PLATFORM_SAEDV435VERSION_99221656_V1,ENGINE,STRATEGY_FACTORY_PLATFORM,EXCLUDED_PROTECTED_PLATFORM,30,100,True,False,False,sha256:d47e43cc2f7e2c9437d67ebd195e5ddd9e5b5f53f86ddd1361972b7fdc86f689
CHARPACKET_F09E297EED98ACF9EEFEF18D7BDF2FCA,ENG_STRATEGY_FACTORY_PLATFORM_SAEDV435VULNERABILITY_16E35CB8_V1,ENGINE,STRATEGY_FACTORY_PLATFORM,EXCLUDED_PROTECTED_PLATFORM,30,100,True,False,False,sha256:f6ddb079da9b4c0c8697ea72af133b3644c2e0f579bca4e0548902e84b64a5b4
CHARPACKET_F870F48D0C7F12CC12D36FF6D5183AEE,ENG_STRATEGY_FACTORY_PLATFORM_SAEDV436APPROVAL_8483B36C_V1,ENGINE,STRATEGY_FACTORY_PLATFORM,EXCLUDED_PROTECTED_PLATFORM,30,100,True,False,False,sha256:54e34d16f6693ffe5570d36532a94ac2b1024b526a8bb041d35566a0b361d180
CHARPACKET_723066C03067E0DFCD88CA57EC2BA7FA,ENG_STRATEGY_FACTORY_PLATFORM_SAEDV436AUTHORITY_007AFE82_V1,ENGINE,STRATEGY_FACTORY_PLATFORM,EXCLUDED_PROTECTED_PLATFORM,30,100,True,False,False,sha256:ba043e3fbbb4184bab9cb46df168c6242a491303da10fd2a114594cf996b0607
CHARPACKET_6B84DAC57C24B485A76613B4C76E427B,ENG_STRATEGY_FACTORY_PLATFORM_SAEDV436BASELINE_84763ACF_V1,ENGINE,STRATEGY_FACTORY_PLATFORM,EXCLUDED_PROTECTED_PLATFORM,30,100,True,False,False,sha256:72b7cbc9e79a05a91719b0ff6849e56f2d15260b7a8247c0dddd4a25ba418da3
CHARPACKET_F9615CB9982A777B2AC6A2CFBB5AED8E,ENG_STRATEGY_FACTORY_PLATFORM_SAEDV436BUDGET_A2C59426_V1,ENGINE,STRATEGY_FACTORY_PLATFORM,EXCLUDED_PROTECTED_PLATFORM,30,100,True,False,False,sha256:fd7cf87d2199ababb2f7b9c4970e90b3fe13a17a17d4249f7addf0162c546f2d
CHARPACKET_5E99BA069345975B8CF327BFCBB7F26D,ENG_STRATEGY_FACTORY_PLATFORM_SAEDV436CANDIDATE_C7C5F6B3_V1,ENGINE,STRATEGY_FACTORY_PLATFORM,EXCLUDED_PROTECTED_PLATFORM,30,100,True,False,False,sha256:d11e055d77aa0952d2d7c5913039ddba4f1fd02e358f130e06dc65bd4d2550a0
CHARPACKET_4A45703420F438525250946569013591,ENG_STRATEGY_FACTORY_PLATFORM_SAEDV436CERTIFICATE_259A0BD2_V1,ENGINE,STRATEGY_FACTORY_PLATFORM,EXCLUDED_PROTECTED_PLATFORM,30,100,True,False,False,sha256:589760acab8809906f2632fdacb28eb720becc0a10f844a10e649c19089f31ff
CHARPACKET_2BFDB73FB0115EB538CD7E017CD706AF,ENG_STRATEGY_FACTORY_PLATFORM_SAEDV436CLAIM_59C0E7B5_V1,ENGINE,STRATEGY_FACTORY_PLATFORM,EXCLUDED_PROTECTED_PLATFORM,30,100,True,False,False,sha256:fb3cf6992cbfb03fd51aef2d2d809d3bf748164551af2b39fd555d1c34f9e43b
CHARPACKET_99C4B1F43D6153C511BD09D4F6AE4ABE,ENG_STRATEGY_FACTORY_PLATFORM_SAEDV436CONTRADICTION_AF921332_V1,ENGINE,STRATEGY_FACTORY_PLATFORM,EXCLUDED_PROTECTED_PLATFORM,30,100,True,False,False,sha256:d210ba8b183aff9b870fce0504fd72c1a14657977f2ce5240f167bf360d5e820
CHARPACKET_D740A56273561D3089F9EE08D6C8716E,ENG_STRATEGY_FACTORY_PLATFORM_SAEDV436EVIDENCEGAP_896FAE55_V1,ENGINE,STRATEGY_FACTORY_PLATFORM,EXCLUDED_PROTECTED_PLATFORM,30,100,True,False,False,sha256:df94b3868c1a9d97682fc9202698e9f29156e2ce759110df2f26e4e49f8407e2
CHARPACKET_370C611DDEA0AC2C45489F3FA7177985,ENG_STRATEGY_FACTORY_PLATFORM_SAEDV436EVIDENCE_CFCC5FB7_V1,ENGINE,STRATEGY_FACTORY_PLATFORM,EXCLUDED_PROTECTED_PLATFORM,30,100,True,False,False,sha256:8216b496523ddfdfe952a98de23d9fa245b108f623802054530b969fb105059a
CHARPACKET_6686A829AEE500E1AA1E5EFC7390AE47,ENG_STRATEGY_FACTORY_PLATFORM_SAEDV436EXTERNALBOUNDARY_CCABAA39_V1,ENGINE,STRATEGY_FACTORY_PLATFORM,EXCLUDED_PROTECTED_PLATFORM,30,100,True,False,False,sha256:4f7a9068e5fe16a001929e64687e1e8442fc71dce12d33c318d05b4d7d4f5aa3
CHARPACKET_8D2A5046645E7E38FDAE9FDE94452618,ENG_STRATEGY_FACTORY_PLATFORM_SAEDV436FAILCLOSED_B9FF8ABC_V1,ENGINE,STRATEGY_FACTORY_PLATFORM,EXCLUDED_PROTECTED_PLATFORM,30,100,True,False,False,sha256:d84c61239f0907209f537cf67b0f0a209a9defb48630fe46e203ad266c03d106
CHARPACKET_DED29E693520D01B7D12A69DDE9C6EF7,ENG_STRATEGY_FACTORY_PLATFORM_SAEDV436GOVERNANCE_2834611A_V1,ENGINE,STRATEGY_FACTORY_PLATFORM,EXCLUDED_PROTECTED_PLATFORM,30,100,True,False,False,sha256:23733ec3539bfa72d835fb9eaf65fa49765ffbc9035de2174f6a3939a19e4c5d
CHARPACKET_78162FEA0A4683D2175E0754EBC01EA1,ENG_STRATEGY_FACTORY_PLATFORM_SAEDV436HANDOFF_7DFD3623_V1,ENGINE,STRATEGY_FACTORY_PLATFORM,EXCLUDED_PROTECTED_PLATFORM,30,100,True,False,False,sha256:b1e263db488b79761731b38d5cf4895d2aefb1af29678fc3caf822e4837f40ea
CHARPACKET_42651DAE8B6264611EADF32BC90F2319,ENG_STRATEGY_FACTORY_PLATFORM_SAEDV436MEMORYCHAIN_A63DC734_V1,ENGINE,STRATEGY_FACTORY_PLATFORM,EXCLUDED_PROTECTED_PLATFORM,30,100,True,False,False,sha256:210407d4e7c4d44371e76dfc9e33503d850001fe8c32340d476ea8f23a3e5d76
CHARPACKET_8EA87CF91AEB9B6C95281F71871D0734,ENG_STRATEGY_FACTORY_PLATFORM_SAEDV436MEMORYIDENTITY_EAD19D22_V1,ENGINE,STRATEGY_FACTORY_PLATFORM,EXCLUDED_PROTECTED_PLATFORM,30,100,True,False,False,sha256:a3c2c999741f4f32556c35f31f89a5afd905aa5d8509d72971a7154784819ee5
CHARPACKET_F30D98CC555075B50951B5392F16C106,ENG_STRATEGY_FACTORY_PLATFORM_SAEDV436MEMORYKIND_6D4C29B8_V1,ENGINE,STRATEGY_FACTORY_PLATFORM,EXCLUDED_PROTECTED_PLATFORM,30,100,True,False,False,sha256:d4ec5f47d1ac6e17bdabefa624995b38deaa5f4ab0db8def558113d77addd2e8
CHARPACKET_A00D4A2F3675A09F107A07E2B43EF3DD,ENG_STRATEGY_FACTORY_PLATFORM_SAEDV436NEGATIVEKNOWLEDGE_E3895659_V1,ENGINE,STRATEGY_FACTORY_PLATFORM,EXCLUDED_PROTECTED_PLATFORM,30,100,True,False,False,sha256:e9c684fd56874ad8257e81e0966fefc055008d1423e3fa21e3301aba0d101444
CHARPACKET_F100553656736DC65324CA3F93FED7C1,ENG_STRATEGY_FACTORY_PLATFORM_SAEDV436PLANNEREVENT_88468A86_V1,ENGINE,STRATEGY_FACTORY_PLATFORM,EXCLUDED_PROTECTED_PLATFORM,30,100,True,False,False,sha256:25cb5bb67beb0e3108a029580a9f591454dfac436ccef030fb6b88ecd2160f77
CHARPACKET_EE9C22F70C3218D97CA0D9476B857ECE,ENG_STRATEGY_FACTORY_PLATFORM_SAEDV436PLAN_B1CD1056_V1,ENGINE,STRATEGY_FACTORY_PLATFORM,EXCLUDED_PROTECTED_PLATFORM,30,100,True,False,False,sha256:057123ebc9f5ed347951aca82698974ec4c108709e309c989ad30f3aa16bdb4b
CHARPACKET_263504DCAFFAE6548EB88D7AA8E01B80,ENG_STRATEGY_FACTORY_PLATFORM_SAEDV436RETRIEVAL_01CD56BF_V1,ENGINE,STRATEGY_FACTORY_PLATFORM,EXCLUDED_PROTECTED_PLATFORM,30,100,True,False,False,sha256:62a2d53dee1fabd3e7c10378c45d4c8a7ee11d4a929c75be1a1ed428850cdd36
CHARPACKET_F76D07EF234A06374934F7F95E96FFC8,ENG_STRATEGY_FACTORY_PLATFORM_SAEDV436SCHEDULE_94EE7D8A_V1,ENGINE,STRATEGY_FACTORY_PLATFORM,EXCLUDED_PROTECTED_PLATFORM,30,100,True,False,False,sha256:feab78ab0c9c2c7d69c1fb9807cb361508e67b3549b69d9f28b86509d28bcf3c
CHARPACKET_F0070A8123152CE5107D17E5EDE75130,ENG_STRATEGY_FACTORY_PLATFORM_SAEDV436STATICASSERTIONS_108F2699_V1,ENGINE,STRATEGY_FACTORY_PLATFORM,EXCLUDED_PROTECTED_PLATFORM,30,100,True,False,False,sha256:84feeef44186bbbfe910b0377c94701101bc3b7496295549331b4b4ddd72ecfb
CHARPACKET_7B3195F50D2647D9E8DBC8A78BCA3715,ENG_STRATEGY_FACTORY_PLATFORM_SAEDV436STATICPARITYHARNESS_A6C6E018_V1,ENGINE,STRATEGY_FACTORY_PLATFORM,EXCLUDED_PROTECTED_PLATFORM,0,100,True,False,False,sha256:6aa9525c9fb1b202dd3a4945c9eb9d0e6b121e7b0ff919d1a0e7ae546beae1c6
CHARPACKET_5E9E9B12A34936ECAB65065E0F616045,ENG_STRATEGY_FACTORY_PLATFORM_SAEDV436VERSION_67A49893_V1,ENGINE,STRATEGY_FACTORY_PLATFORM,EXCLUDED_PROTECTED_PLATFORM,30,100,True,False,False,sha256:6bebda84e15eec540d39ab17f37f4730f7e02648a52576dd5c9db8985ca32cab
CHARPACKET_99207AD5D26EEB06C373A8E3B9976339,ENG_STRATEGY_FACTORY_PLATFORM_SAEDV437ALLOCATIONPLAN_2B07757A_V1,ENGINE,STRATEGY_FACTORY_PLATFORM,EXCLUDED_PROTECTED_PLATFORM,30,100,True,False,False,sha256:307678aaae0d6a186fe5ccd1a12e013f6a5e6d05332272135a4a7546bb885346
CHARPACKET_E00C3259F4B9500538AE4426DD467D1E,ENG_STRATEGY_FACTORY_PLATFORM_SAEDV437AUTHORITY_34BD2F76_V1,ENGINE,STRATEGY_FACTORY_PLATFORM,EXCLUDED_PROTECTED_PLATFORM,0,100,True,False,False,sha256:b4a462499d844d827b61c11e17507aefcb53a83963b0c8db0628b4da8e741a50
CHARPACKET_A07075C496F2D3FF9202DE85E55D732D,ENG_STRATEGY_FACTORY_PLATFORM_SAEDV437CAPACITYSURFACE_5D5B07C2_V1,ENGINE,STRATEGY_FACTORY_PLATFORM,EXCLUDED_PROTECTED_PLATFORM,30,100,True,False,False,sha256:ef0400f9638b1e8002081e2d844b736609752b0d6ce5e384161013f437173cbf
CHARPACKET_68FA07C4A301D2FE33430C8DBDD7A983,ENG_STRATEGY_FACTORY_PLATFORM_SAEDV437CERTIFICATE_C9C039B4_V1,ENGINE,STRATEGY_FACTORY_PLATFORM,EXCLUDED_PROTECTED_PLATFORM,30,100,True,False,False,sha256:6d8782a873999efdc9a6d908afdf84be619154ea8718d3f1e3edd45b76341bde
CHARPACKET_5F51A685CE0152507358283AACC798E3,ENG_STRATEGY_FACTORY_PLATFORM_SAEDV437COSTSCHEDULE_839A0F8D_V1,ENGINE,STRATEGY_FACTORY_PLATFORM,EXCLUDED_PROTECTED_PLATFORM,30,100,True,False,False,sha256:4a167042be7e6487a620ca2961eb640a0b149cefc6aeb5097c0e8419a9f0b1e0
CHARPACKET_81E9F69EC25EFBD651B8C84F1A06C534,ENG_STRATEGY_FACTORY_PLATFORM_SAEDV437COVARIANCEMATRIX_98909059_V1,ENGINE,STRATEGY_FACTORY_PLATFORM,EXCLUDED_PROTECTED_PLATFORM,30,100,True,False,False,sha256:050a363a07b69f304a7a82f594211a601001f6c710c6f0f28c5699d36b2dc54f
CHARPACKET_21EBF7A25A081FA8F5318B9A7F12CED5,ENG_STRATEGY_FACTORY_PLATFORM_SAEDV437DEPENDENCEMODEL_0FC97EC7_V1,ENGINE,STRATEGY_FACTORY_PLATFORM,EXCLUDED_PROTECTED_PLATFORM,30,100,True,False,False,sha256:8a642d3372dfdbac5a217d9319a1b5a604209702843a7c65e81f2f500861b8d0
CHARPACKET_6A8C3CEA81C4D03D139B1DF1F6BE31EE,ENG_STRATEGY_FACTORY_PLATFORM_SAEDV437EVIDENCEBUNDLE_736BCA56_V1,ENGINE,STRATEGY_FACTORY_PLATFORM,EXCLUDED_PROTECTED_PLATFORM,30,100,True,False,False,sha256:7619e9402b9b3853b89dac107298e1bc4ec54040be837f289e58ed9888405a61
CHARPACKET_32BF1962A4EC93DE70262192B5426151,ENG_STRATEGY_FACTORY_PLATFORM_SAEDV437FXSNAPSHOT_F93BA000_V1,ENGINE,STRATEGY_FACTORY_PLATFORM,EXCLUDED_PROTECTED_PLATFORM,30,100,True,False,False,sha256:8a581bdcfd4488214cb02eb947e1931631a535e863b39e587b3f490f3d523ecc
CHARPACKET_9FE7DB5A4F0E93E4BC8B5E036DB31783,ENG_STRATEGY_FACTORY_PLATFORM_SAEDV437HANDOFF_81183210_V1,ENGINE,STRATEGY_FACTORY_PLATFORM,EXCLUDED_PROTECTED_PLATFORM,30,100,True,False,False,sha256:487bbfa00abf1e0ee09ed7022d5af0376b392bf8ecf1783f95bdb9d81429f144
CHARPACKET_D1BB3E53C1B2DEEA599FAE2A3813AC6E,ENG_STRATEGY_FACTORY_PLATFORM_SAEDV437IMPACTESTIMATE_A6A94D04_V1,ENGINE,STRATEGY_FACTORY_PLATFORM,EXCLUDED_PROTECTED_PLATFORM,30,100,True,False,False,sha256:9183255a278b34d70c3bc19b45ffbc77f399c373dac880dce228279ea5a084a2
CHARPACKET_330E92E253D25E2CE0FD2FF12C9BF317,ENG_STRATEGY_FACTORY_PLATFORM_SAEDV437INSTRUMENTMASTER_BCF08EB0_V1,ENGINE,STRATEGY_FACTORY_PLATFORM,EXCLUDED_PROTECTED_PLATFORM,30,100,True,False,False,sha256:2a42f01d20151338c90fc08186e0b63037dfb2d3a7e045babebdfd857f906d2e
CHARPACKET_690FF2355AE2FD6716A51120A90DE6ED,ENG_STRATEGY_FACTORY_PLATFORM_SAEDV437LIQUIDITYPROFILE_5C3479D7_V1,ENGINE,STRATEGY_FACTORY_PLATFORM,EXCLUDED_PROTECTED_PLATFORM,30,100,True,False,False,sha256:9290f90e389d7688eaf260280d1352daafe3a15a9691d797a35ff7040d18bcc8
CHARPACKET_0F0669E23BB76A4EB1D8BE08D69D063D,ENG_STRATEGY_FACTORY_PLATFORM_SAEDV437MATH_B3EF277D_V1,ENGINE,STRATEGY_FACTORY_PLATFORM,EXCLUDED_PROTECTED_PLATFORM,0,100,True,False,False,sha256:07c06497108d4fdd73163e6d3dfc8789c213047d0eb93c15936cd82b76cfdd37
CHARPACKET_48D162D2E66AD64E8FF2AA981EC55318,ENG_STRATEGY_FACTORY_PLATFORM_SAEDV437NONEXECUTABLESCHEDULE_0B91E0BE_V1,ENGINE,STRATEGY_FACTORY_PLATFORM,EXCLUDED_PROTECTED_PLATFORM,30,100,True,False,False,sha256:6a0b8b3fe06e09d7899915d1796fdcc3282a0b87dde7dd3b7fc98a8ed9a27eff
CHARPACKET_5F480899A99FE3BEE6B3616AF15B6FE0,ENG_STRATEGY_FACTORY_PLATFORM_SAEDV437OPPORTUNITYECONOMICS_9AB89C0E_V1,ENGINE,STRATEGY_FACTORY_PLATFORM,EXCLUDED_PROTECTED_PLATFORM,30,100,True,False,False,sha256:3d95bbddcf8476cc9d363c90b3b599c24fba76701befafe29262adb18beb205c
CHARPACKET_C228312482BA830663840C3113948FCF,ENG_STRATEGY_FACTORY_PLATFORM_SAEDV437OPPORTUNITY_E0973D89_V1,ENGINE,STRATEGY_FACTORY_PLATFORM,EXCLUDED_PROTECTED_PLATFORM,30,100,True,False,False,sha256:ed1db3b94652a49ff6959aed1cfd08ffa03159a86a581e5080a5f98f3d5adf60
CHARPACKET_2E373A41E8530FE96B863EEC63CF5005,ENG_STRATEGY_FACTORY_PLATFORM_SAEDV437ORDERSLICE_207D9590_V1,ENGINE,STRATEGY_FACTORY_PLATFORM,EXCLUDED_PROTECTED_PLATFORM,30,100,True,False,False,sha256:6860ad5b294f6081e33442133509e04eb5286dae24626327b0ffa5a763b59c0e
CHARPACKET_DE0038553E61E7E4369DA3A12A3081F5,ENG_STRATEGY_FACTORY_PLATFORM_SAEDV437PORTFOLIOCONSTRAINT_342748CA_V1,ENGINE,STRATEGY_FACTORY_PLATFORM,EXCLUDED_PROTECTED_PLATFORM,30,100,True,False,False,sha256:760f453102dc4a22257d2899a63e45b02d3ce4f76a45061d41aa054cf466b078
CHARPACKET_EADFCF5ED6146F7B1762FEC23107D335,ENG_STRATEGY_FACTORY_PLATFORM_SAEDV437PORTFOLIOECONOMICSDIAGNOSTIC_6ECA419E_V1,ENGINE,STRATEGY_FACTORY_PLATFORM,EXCLUDED_PROTECTED_PLATFORM,0,100,True,False,False,sha256:3630e8cddb50761dfd0b23a559d0957996e5c0b9c76122be1943932cacf4c26d
CHARPACKET_D33E93CBC46EB1265F3CBB44E774132F,ENG_STRATEGY_FACTORY_PLATFORM_SAEDV437PORTFOLIOSNAPSHOT_FA5B2732_V1,ENGINE,STRATEGY_FACTORY_PLATFORM,EXCLUDED_PROTECTED_PLATFORM,30,100,True,False,False,sha256:4c5dcee2ec14739ddd6957d5fdcff4c44ea1e2785400c58ee229befd58db25c3
CHARPACKET_BE5B38E84E06A9D16B51E98CB2774D41,ENG_STRATEGY_FACTORY_PLATFORM_SAEDV437RECONCILIATION_EFBB0696_V1,ENGINE,STRATEGY_FACTORY_PLATFORM,EXCLUDED_PROTECTED_PLATFORM,30,100,True,False,False,sha256:f5a9103e915e700cbb92a3ee4f9b03e01bd09d0e850e1b05881e3cbb124f8287
CHARPACKET_C9FCCE3EDAEB11C3DCEA87270EFEB6A5,ENG_STRATEGY_FACTORY_PLATFORM_SAEDV437RESERVATIONLEDGER_6BDB37D0_V1,ENGINE,STRATEGY_FACTORY_PLATFORM,EXCLUDED_PROTECTED_PLATFORM,30,100,True,False,False,sha256:13deef43730f0d2a2a5205d7bee1a41e395a83e24c77d6728cd3faf9845a6ec2
CHARPACKET_52A83742754D06571F5198368AD48257,ENG_STRATEGY_FACTORY_PLATFORM_SAEDV437REVIEWBUNDLE_54E8FBDB_V1,ENGINE,STRATEGY_FACTORY_PLATFORM,EXCLUDED_PROTECTED_PLATFORM,30,100,True,False,False,sha256:c6a183562d69646912ae4940c3290f65ae53cd70837b4c4a4ba4e129c186f24d
CHARPACKET_D17BF814BA7FAED8BD312DB97E0E7A1E,ENG_STRATEGY_FACTORY_PLATFORM_SAEDV437STRESSSCENARIO_EEE55DC4_V1,ENGINE,STRATEGY_FACTORY_PLATFORM,EXCLUDED_PROTECTED_PLATFORM,30,100,True,False,False,sha256:48d8688f39ff018aa46ddb1671411faf46754c52e43ec604dd7600ac8c707b95
CHARPACKET_71DB06A753EB427182EBBDBB89BB9067,ENG_STRATEGY_FACTORY_PLATFORM_SAEDV437STRESSSUITE_BE1B8898_V1,ENGINE,STRATEGY_FACTORY_PLATFORM,EXCLUDED_PROTECTED_PLATFORM,30,100,True,False,False,sha256:d992d6c1dd88f366bfbefaac9064f1eddaf29c48fc0fdabc998985665f72db96
CHARPACKET_07D341820364D01EAD3581414051FE57,ENG_STRATEGY_FACTORY_PLATFORM_SAEDV437TYPES_B366AC0B_V1,ENGINE,STRATEGY_FACTORY_PLATFORM,EXCLUDED_PROTECTED_PLATFORM,30,100,True,False,False,sha256:05a11ebec8d53833d0bc32333f7b0af74ba65e2c52ccca47ce658fc852a070c6
CHARPACKET_D5EE6F6CA4862EE15E956A4E0C378347,ENG_STRATEGY_FACTORY_PLATFORM_SAEDV438AUTHORITY_3732BA1C_V1,ENGINE,STRATEGY_FACTORY_PLATFORM,EXCLUDED_PROTECTED_PLATFORM,0,100,True,False,False,sha256:af22f960633fd24df4a65edc3d324cb64dcff64484059b794e14c36ed609f4ff
CHARPACKET_A6254FC8B5630B4CC096B0E558F223B6,ENG_STRATEGY_FACTORY_PLATFORM_SAEDV438BUNDLEMANIFEST_DC20239D_V1,ENGINE,STRATEGY_FACTORY_PLATFORM,EXCLUDED_PROTECTED_PLATFORM,30,100,True,False,False,sha256:793cbc8e1336ee16de69998d97111ca2d35d67a693ec1269e0bfd83ba77022e3
CHARPACKET_7D38AE8C0D0FA3FFF9BEE5CC6F004BFA,ENG_STRATEGY_FACTORY_PLATFORM_SAEDV438CERTIFICATE_66F0C2A7_V1,ENGINE,STRATEGY_FACTORY_PLATFORM,EXCLUDED_PROTECTED_PLATFORM,30,100,True,False,False,sha256:05803102978e693d614933c0a700fa27527cea37287ea106bdf51c82f8147759
CHARPACKET_7B07F493126674987C2078015A6BAD51,ENG_STRATEGY_FACTORY_PLATFORM_SAEDV438CLOCKPROFILE_FFA1D889_V1,ENGINE,STRATEGY_FACTORY_PLATFORM,EXCLUDED_PROTECTED_PLATFORM,30,100,True,False,False,sha256:ac10d4b1c1f14a0199491340cb043aab5d77c79ee894e4a8384816aa4e0601d1
CHARPACKET_6A0ED6D06EF667F2DA0CCF58AA6FE5D2,ENG_STRATEGY_FACTORY_PLATFORM_SAEDV438COMPILEDRUNTIME_F76281BC_V1,ENGINE,STRATEGY_FACTORY_PLATFORM,EXCLUDED_PROTECTED_PLATFORM,30,100,True,False,False,sha256:f73eeb637bc3643c8b79f6f899789b5d5e32387e6d85b23cdc6aaf7f697f579c
CHARPACKET_20713E10971296BD097145216AEE2E20,ENG_STRATEGY_FACTORY_PLATFORM_SAEDV438EVIDENCEBUNDLE_2ABC1F45_V1,ENGINE,STRATEGY_FACTORY_PLATFORM,EXCLUDED_PROTECTED_PLATFORM,30,100,True,False,False,sha256:e9b6cd8f2509bd63597040262f5c6cf23cbb5acb46a57ba9f66a15e2edb67d50
CHARPACKET_6B7052822B25085349E89252D14670E1,ENG_STRATEGY_FACTORY_PLATFORM_SAEDV438EXTERNALEVIDENCE_B7E4D778_V1,ENGINE,STRATEGY_FACTORY_PLATFORM,EXCLUDED_PROTECTED_PLATFORM,30,100,True,False,False,sha256:7bf7975fc8d5272fec5c14b3b8e9995bb4f580ca209893be17c17e099777ee0a
CHARPACKET_A59DFD9012169B9AF483B122064C15F4,ENG_STRATEGY_FACTORY_PLATFORM_SAEDV438FALLBACK_B068F546_V1,ENGINE,STRATEGY_FACTORY_PLATFORM,EXCLUDED_PROTECTED_PLATFORM,0,100,True,False,False,sha256:6f046dd8004ab0a2ff155b214d75bbc8896efe38cebc8fbaa462fcee1f046d20
CHARPACKET_5D894508AD77F350B36784601AB8739B,ENG_STRATEGY_FACTORY_PLATFORM_SAEDV438FEATUREABI_A725CAE9_V1,ENGINE,STRATEGY_FACTORY_PLATFORM,EXCLUDED_PROTECTED_PLATFORM,30,100,True,False,False,sha256:a844a6c40c649bc98fe8dafdc89a3c7353f2d5f4a6bb694e594a513434c7e174
CHARPACKET_E1568EF4F786F4548F5479C879D0C383,ENG_STRATEGY_FACTORY_PLATFORM_SAEDV438FILEMANIFEST_851BD387_V1,ENGINE,STRATEGY_FACTORY_PLATFORM,EXCLUDED_PROTECTED_PLATFORM,30,100,True,False,False,sha256:5ea833b72426e3b7d23a0e049a4c25a873fdc50b99f79bfb4f7f5e47b15e7607
CHARPACKET_53E811A5B808E46292D1E05A4C9B9AB1,ENG_STRATEGY_FACTORY_PLATFORM_SAEDV438HANDOFF_DBC80EC2_V1,ENGINE,STRATEGY_FACTORY_PLATFORM,EXCLUDED_PROTECTED_PLATFORM,30,100,True,False,False,sha256:c1fa66954893e169c4df140b7ec869b5ed50f3821d737223bdaa76dc8235ff21
CHARPACKET_AA440294386CF88331CCE3B9340836E4,ENG_STRATEGY_FACTORY_PLATFORM_SAEDV438HASHGUARD_8AF53C25_V1,ENGINE,STRATEGY_FACTORY_PLATFORM,EXCLUDED_PROTECTED_PLATFORM,30,100,True,False,False,sha256:1e4dbedf36b96d3c7d7576ab66e18cec5d029f913ebcb536c7f8a80dcc143078
CHARPACKET_DBE33454A146455386A41C62ACF3CA3C,ENG_STRATEGY_FACTORY_PLATFORM_SAEDV438MODELABI_E3FA237F_V1,ENGINE,STRATEGY_FACTORY_PLATFORM,EXCLUDED_PROTECTED_PLATFORM,30,100,True,False,False,sha256:52c02190ce7651986c58f8a51866b79bd131880cedcd22482e285dae2935a75d
CHARPACKET_1EEBF3552C0D58425915B01854F9D459,ENG_STRATEGY_FACTORY_PLATFORM_SAEDV438NUMERICPROFILE_604163B0_V1,ENGINE,STRATEGY_FACTORY_PLATFORM,EXCLUDED_PROTECTED_PLATFORM,30,100,True,False,False,sha256:af5ae557157bb17ea35fad6fb3808fb8fac1887c0138981d1f3ff66716015326
CHARPACKET_3F48FB842941627D96A926DC8FA13AB9,ENG_STRATEGY_FACTORY_PLATFORM_SAEDV438OUTPUTABI_D9E76200_V1,ENGINE,STRATEGY_FACTORY_PLATFORM,EXCLUDED_PROTECTED_PLATFORM,30,100,True,False,False,sha256:f0ead7e4e9bf6b9f3d2100abe2457c0f0db143b2bd111389206d1fbfab60c5a0
CHARPACKET_D2FFC7FA6F78913B1E96275BB87D7B04,ENG_STRATEGY_FACTORY_PLATFORM_SAEDV438PARITYHARNESS_D1644F89_V1,ENGINE,STRATEGY_FACTORY_PLATFORM,EXCLUDED_PROTECTED_PLATFORM,0,100,True,False,False,sha256:3a5b56c58133190286b993965fadfaab32cf0cc05205a3a8797f77248fba5a41
CHARPACKET_3EB7F7685A3497132C4CB4897F2C633A,ENG_STRATEGY_FACTORY_PLATFORM_SAEDV438PARITYREPORT_B944464A_V1,ENGINE,STRATEGY_FACTORY_PLATFORM,EXCLUDED_PROTECTED_PLATFORM,30,100,True,False,False,sha256:14aff9fdcb24bab33a85b6d84e49715d67a94967e95962a7cf1b9d44b1df2d95
CHARPACKET_5FD0AC93CC2734B8C666EA9E9EDB051B,ENG_STRATEGY_FACTORY_PLATFORM_SAEDV438PARITYVECTOR_DD9AA901_V1,ENGINE,STRATEGY_FACTORY_PLATFORM,EXCLUDED_PROTECTED_PLATFORM,30,100,True,False,False,sha256:dbfd3fe5209ef4fb54ff09328f0f689eeff86787b4affde86051deaefd20e2b0
CHARPACKET_E1421DF155267631383DD260517EAD90,ENG_STRATEGY_FACTORY_PLATFORM_SAEDV438POLICYABI_75A2CF76_V1,ENGINE,STRATEGY_FACTORY_PLATFORM,EXCLUDED_PROTECTED_PLATFORM,30,100,True,False,False,sha256:56f46aeb3a2a187a49f3efedcd77889081ece04ff68c8cf6d1234cc25fbacf2e
CHARPACKET_F30FA3E4416ACCAD79131BF4220F2EA7,ENG_STRATEGY_FACTORY_PLATFORM_SAEDV438RELEASECANDIDATE_8A65122A_V1,ENGINE,STRATEGY_FACTORY_PLATFORM,EXCLUDED_PROTECTED_PLATFORM,30,100,True,False,False,sha256:e1ede8cddb7c0b6d38c0a45cf6f2edb56c4df2f5c1423bc19fd0cfa7cde5b79e
CHARPACKET_E15628CC47C2619800EEE82E5FE222D8,ENG_STRATEGY_FACTORY_PLATFORM_SAEDV438REPLAYLEDGER_7CE50960_V1,ENGINE,STRATEGY_FACTORY_PLATFORM,EXCLUDED_PROTECTED_PLATFORM,30,100,True,False,False,sha256:80079e5eaf607984f2f2baaddde791acce819abafd18d02d3630a77c1273a3a2
CHARPACKET_F79818D5BAF9D5F2B43FED17A1D072BF,ENG_STRATEGY_FACTORY_PLATFORM_SAEDV438ROLLBACKGUARD_96DEA0AF_V1,ENGINE,STRATEGY_FACTORY_PLATFORM,EXCLUDED_PROTECTED_PLATFORM,30,100,True,False,False,sha256:5758d7a15c843a2d80f17924431a472ab629c4c32e437185a1aaeb0c2905bdfb
CHARPACKET_1182F859D527D1B0FB10BBF12A05D32E,ENG_STRATEGY_FACTORY_PLATFORM_SAEDV438STATEABI_1F95446F_V1,ENGINE,STRATEGY_FACTORY_PLATFORM,EXCLUDED_PROTECTED_PLATFORM,30,100,True,False,False,sha256:5d7730328021680506858aef8587c70bf8934fe430c57dc08d29bb034b17482a
CHARPACKET_D2571B784C5545F0BD713E9BBF791A19,ENG_STRATEGY_FACTORY_PLATFORM_SAEDV438STATEMACHINE_4774EFF0_V1,ENGINE,STRATEGY_FACTORY_PLATFORM,EXCLUDED_PROTECTED_PLATFORM,0,100,True,False,False,sha256:a54f9fce681e86565cbd4a064639f996eab366580114bb892688cad961d2efd3
CHARPACKET_07934D51B27CB276394883CCC6862BEE,ENG_STRATEGY_FACTORY_PLATFORM_SAEDV438STATEREPLAYHARNESS_9FF511C5_V1,ENGINE,STRATEGY_FACTORY_PLATFORM,EXCLUDED_PROTECTED_PLATFORM,0,100,True,False,False,sha256:d2d98ffb168182c2ee80ffcb186ff4b92e430d3d462eff52017a0f86c16f17de
CHARPACKET_B581DF17C6FDAC6F2A073A838EF780E4,ENG_STRATEGY_FACTORY_PLATFORM_SAEDV438TYPES_9CFB84DD_V1,ENGINE,STRATEGY_FACTORY_PLATFORM,EXCLUDED_PROTECTED_PLATFORM,0,100,True,False,False,sha256:92e21d22d36d67849e75b5774ff7ce717ff964bb0d456cb584bca7354a7f5805
CHARPACKET_340E1FA47883E6CE2846595E3B55E505,ENG_STRATEGY_FACTORY_PLATFORM_SAEDV438VECTORREPLAYHARNESS_D020ABEA_V1,ENGINE,STRATEGY_FACTORY_PLATFORM,EXCLUDED_PROTECTED_PLATFORM,0,100,True,False,False,sha256:218a2d1cf976c60cb52b407df4ec2e1632fe62d0cebf267f1fc5d8c0c9522d78
CHARPACKET_B6D68DC079C642FD4C9C4A9448D40AF5,ENG_STRATEGY_FACTORY_PLATFORM_SAEDV439AUTHORITY_AABD2A1C_V1,ENGINE,STRATEGY_FACTORY_PLATFORM,EXCLUDED_PROTECTED_PLATFORM,0,100,True,False,False,sha256:35ad1352dce599dc3e24b2fbadbf8042105e1d1eb5c74483ee8b834d04253e18
CHARPACKET_2267C78B2765999DC4F0592BB6ECE5CB,ENG_STRATEGY_FACTORY_PLATFORM_SAEDV439BASELINE_70E9483C_V1,ENGINE,STRATEGY_FACTORY_PLATFORM,EXCLUDED_PROTECTED_PLATFORM,0,100,True,False,False,sha256:f0a1848d727d70bc9b5c8963d26059e7d18a9ddc916dbd3b9cdb647e393a6041
CHARPACKET_C0FF123F7ABCC1B1E5DA2CC2FC84F4F1,ENG_STRATEGY_FACTORY_PLATFORM_SAEDV439BROKERPROFILE_52D7FAA2_V1,ENGINE,STRATEGY_FACTORY_PLATFORM,EXCLUDED_PROTECTED_PLATFORM,0,100,True,False,False,sha256:c30da90c7341ce469e8d56c14918d249826b4c0727db2154dd9853569fbf86ac
CHARPACKET_9AB000CCB239E7D3ADDC99A4D3D7F5FE,ENG_STRATEGY_FACTORY_PLATFORM_SAEDV439CERTIFICATE_42571670_V1,ENGINE,STRATEGY_FACTORY_PLATFORM,EXCLUDED_PROTECTED_PLATFORM,0,100,True,False,False,sha256:cfad60801a00849d0e8d6d20ef3535e12574d53dad816ff853befe3c9f0825cf
CHARPACKET_076DCF32EA8907CBDAC41273A7D0B211,ENG_STRATEGY_FACTORY_PLATFORM_SAEDV439COHORT_53AEB090_V1,ENGINE,STRATEGY_FACTORY_PLATFORM,EXCLUDED_PROTECTED_PLATFORM,0,100,True,False,False,sha256:61398b8e2f973ac450e973bb3946d56ed5317a7d0f3e7ec78fa521ff1d23ebd2
CHARPACKET_A90D872162F760E86A57B36239C8286B,ENG_STRATEGY_FACTORY_PLATFORM_SAEDV439EVIDENCEBUNDLE_0D0BE089_V1,ENGINE,STRATEGY_FACTORY_PLATFORM,EXCLUDED_PROTECTED_PLATFORM,0,100,True,False,False,sha256:2d452465d56e8ebde7987679938c8919a52a29e7bc0d90e4b39b35061c72a929
CHARPACKET_8B8E95730BCFE24BD0B224BD5229E585,ENG_STRATEGY_FACTORY_PLATFORM_SAEDV439EXTERNALEVIDENCE_86879BA4_V1,ENGINE,STRATEGY_FACTORY_PLATFORM,EXCLUDED_PROTECTED_PLATFORM,0,100,True,False,False,sha256:8a47fcae23f16db5f0d0ef3be0a5889f45dc937f6422c576df3622c0af34ef71
CHARPACKET_DB7E92EE2D394D12719141CBA3620FFD,ENG_STRATEGY_FACTORY_PLATFORM_SAEDV439HANDOFF_8F3E0330_V1,ENGINE,STRATEGY_FACTORY_PLATFORM,EXCLUDED_PROTECTED_PLATFORM,0,100,True,False,False,sha256:3a450b9d70a96fa1fe104e251d1d9101cbf52bb2937cb46f920a7e99ea21e08c
CHARPACKET_FF8F17AA5ECE28C478FCDAC746B5FA9C,ENG_STRATEGY_FACTORY_PLATFORM_SAEDV439HASHCHAIN_117E39EC_V1,ENGINE,STRATEGY_FACTORY_PLATFORM,EXCLUDED_PROTECTED_PLATFORM,0,100,True,False,False,sha256:b0cef92ae2b4c4238bc01c443acc17313ac52accf60e1258641b091a4003a2b0
CHARPACKET_D1811FFCB2D8B76E6623FA369C4A59F1,ENG_STRATEGY_FACTORY_PLATFORM_SAEDV439INCIDENT_9296D024_V1,ENGINE,STRATEGY_FACTORY_PLATFORM,EXCLUDED_PROTECTED_PLATFORM,0,100,True,False,False,sha256:88b1c2db5e1ac67fa8e976a7f8602aeb75079a013941e4c81991514aa27300ea
CHARPACKET_3A758BC03E92F014A716FD9C424A854C,ENG_STRATEGY_FACTORY_PLATFORM_SAEDV439INTENTGUARD_70E7A825_V1,ENGINE,STRATEGY_FACTORY_PLATFORM,EXCLUDED_PROTECTED_PLATFORM,0,100,True,False,False,sha256:af41fa6b061d17a13e44b55962742a4379767d2ca462e2b498314a729646097e
CHARPACKET_1308C9E45BA89DA663D2148806298BA3,ENG_STRATEGY_FACTORY_PLATFORM_SAEDV439KILLSWITCH_C9D65672_V1,ENGINE,STRATEGY_FACTORY_PLATFORM,EXCLUDED_PROTECTED_PLATFORM,15,100,True,False,False,sha256:040085d264328f693c8514fe99ce3a0e8306ddb5b7066609df0029df36b57634
CHARPACKET_EC286D6C28AB89ECDE4BD39389908C70,ENG_STRATEGY_FACTORY_PLATFORM_SAEDV439KNOWNTIME_99096697_V1,ENGINE,STRATEGY_FACTORY_PLATFORM,EXCLUDED_PROTECTED_PLATFORM,0,100,True,False,False,sha256:aad71f6667e1f789f87b0e6cb3d51214251a865abb3fbac59c20409d071f309f
CHARPACKET_FBBA9C4F038D2BD1183A837BBC24F5BC,ENG_STRATEGY_FACTORY_PLATFORM_SAEDV439MICROLIVEQUALIFICATIONHARNESS_E9E88F62_V1,ENGINE,STRATEGY_FACTORY_PLATFORM,EXCLUDED_PROTECTED_PLATFORM,0,100,True,False,False,sha256:727eeb3062db9d42c34b1c6e8862cc909ad466b597976133500fd0c2c6c56c8a
CHARPACKET_5CE3D0796A887AC85BBAAF98F738C161,ENG_STRATEGY_FACTORY_PLATFORM_SAEDV439MODEGATE_01761816_V1,ENGINE,STRATEGY_FACTORY_PLATFORM,EXCLUDED_PROTECTED_PLATFORM,0,100,True,False,False,sha256:d2f7de1c5f5e922ec3cadf966c55d8c4df8654cc54effacaa89df1122fb80954
CHARPACKET_C2B81D404473F4A9BDA761CA7D406CAC,ENG_STRATEGY_FACTORY_PLATFORM_SAEDV439PAPERLEDGER_8CB5ABAF_V1,ENGINE,STRATEGY_FACTORY_PLATFORM,EXCLUDED_PROTECTED_PLATFORM,0,100,True,False,False,sha256:7710f312536c45364260314a3c9af60f1645d26981508d8beeb646f018fe1e1b
CHARPACKET_21E9E93832BA4FCB158BDBB85BFD2520,ENG_STRATEGY_FACTORY_PLATFORM_SAEDV439PAPERQUALIFICATIONHARNESS_1D1686C0_V1,ENGINE,STRATEGY_FACTORY_PLATFORM,EXCLUDED_PROTECTED_PLATFORM,0,100,True,False,False,sha256:0bddb11f4f856eeb5bf202610f2b032f4c1201e4c596712b2458e248dda119ab
CHARPACKET_E40482C04261218F7C333231BD7FC071,ENG_STRATEGY_FACTORY_PLATFORM_SAEDV439PERMIT_723A9721_V1,ENGINE,STRATEGY_FACTORY_PLATFORM,EXCLUDED_PROTECTED_PLATFORM,0,100,True,False,False,sha256:22fa7f884128d5150e0ae56c87bc5b75db9bd39d704fa357e3a22f42ee6b0257
CHARPACKET_C87C94196911CF1F4CD26B81103D4986,ENG_STRATEGY_FACTORY_PLATFORM_SAEDV439QUALIFICATIONGATE_1179FF4E_V1,ENGINE,STRATEGY_FACTORY_PLATFORM,EXCLUDED_PROTECTED_PLATFORM,0,100,True,False,False,sha256:e2e71ebcb0572ed38c6fba23a95227c86238434e54372006e2c8569cf9a5e44d
CHARPACKET_BC7EB289DDEDB6E599B0447629CBA7F5,ENG_STRATEGY_FACTORY_PLATFORM_SAEDV439RECONCILIATION_0ED58958_V1,ENGINE,STRATEGY_FACTORY_PLATFORM,EXCLUDED_PROTECTED_PLATFORM,0,100,True,False,False,sha256:5ffb138afe2427c69beaa1f382b11e1b4d7871df0cad0b3152a0e2732e154fd0
CHARPACKET_89009934E2809B14C270579C3A6D4E7B,ENG_STRATEGY_FACTORY_PLATFORM_SAEDV439RISKGUARD_8E18E7F8_V1,ENGINE,STRATEGY_FACTORY_PLATFORM,EXCLUDED_PROTECTED_PLATFORM,0,100,True,False,False,sha256:a47494b03b2b38bbedf5ad28802ea4fbf9bd086bf4da9464775745f824c7bad3
CHARPACKET_A37921796E4FB10090D5B6F9C06654FF,ENG_STRATEGY_FACTORY_PLATFORM_SAEDV439ROLLBACK_45894E77_V1,ENGINE,STRATEGY_FACTORY_PLATFORM,EXCLUDED_PROTECTED_PLATFORM,0,100,True,False,False,sha256:356081fe7fb00cafc554943f564fb898cb4b4ecaee8ed9a5766c1643c9d48a1c
CHARPACKET_CB3C2107BAF7A929B382CB02C1E2EDCF,ENG_STRATEGY_FACTORY_PLATFORM_SAEDV439RUNTIMEBINDING_0CC64674_V1,ENGINE,STRATEGY_FACTORY_PLATFORM,EXCLUDED_PROTECTED_PLATFORM,0,100,True,False,False,sha256:1c5e4cd336769ebfb26fb718528248afc09095ac798ae8cf822deef15a7e5d4a
CHARPACKET_CCFD736DA6FA1EA1371B37B3AFA8FC0C,ENG_STRATEGY_FACTORY_PLATFORM_SAEDV439SHADOWLEDGER_0E6AC785_V1,ENGINE,STRATEGY_FACTORY_PLATFORM,EXCLUDED_PROTECTED_PLATFORM,0,100,True,False,False,sha256:786f8543e111c099ef0c101ae8a7742e76085486bfb78f92d46ea9cdcdab1c0a
CHARPACKET_0715CBDCAAA6F9F467C777E1D83CB67A,ENG_STRATEGY_FACTORY_PLATFORM_SAEDV439SHADOWQUALIFICATIONHARNESS_E2B98840_V1,ENGINE,STRATEGY_FACTORY_PLATFORM,EXCLUDED_PROTECTED_PLATFORM,0,100,True,False,False,sha256:cb5595dafb4a54d98bec28434df0a39b02e29f261d9044f97747a99695849273
CHARPACKET_A9F26A9B0092FB78F826BA6770C6571A,ENG_STRATEGY_FACTORY_PLATFORM_SAEDV439SURVEILLANCE_763167BD_V1,ENGINE,STRATEGY_FACTORY_PLATFORM,EXCLUDED_PROTECTED_PLATFORM,0,100,True,False,False,sha256:805d2d64a99e320874bc8fe14f1054de89cc52784dc1aa35905b1a1bc71cd4eb
CHARPACKET_513ABC509697B748CBCBF2E3D9959472,ENG_STRATEGY_FACTORY_PLATFORM_SAEDV439TELEMETRY_E1B802E4_V1,ENGINE,STRATEGY_FACTORY_PLATFORM,EXCLUDED_PROTECTED_PLATFORM,0,100,True,False,False,sha256:fef8ba079907409f3807b736af0f31ce8c5294362011ae7d00033a0f7aa80d6f
CHARPACKET_A6C1F7C8F52A26E075182012E961BD8C,ENG_STRATEGY_FACTORY_PLATFORM_SAEDV439TWOPERSONCONTROL_63D7E41B_V1,ENGINE,STRATEGY_FACTORY_PLATFORM,EXCLUDED_PROTECTED_PLATFORM,0,100,True,False,False,sha256:7d71b43d1f9658ab89076aa8693089dc650685f7b34dda88a152153a6c824457
CHARPACKET_BFAC4EF6E002F690447F70C4AD9D99AA,ENG_STRATEGY_FACTORY_PLATFORM_SAEDV439TYPES_2F68738D_V1,ENGINE,STRATEGY_FACTORY_PLATFORM,EXCLUDED_PROTECTED_PLATFORM,0,100,True,False,False,sha256:3768cdf830b13a960a8debd0664d0827985dadf427465b30a07671c11a227d61
CHARPACKET_D41C51145763D672E4A5F4CE9F3C5FFD,ENG_STRATEGY_FACTORY_PLATFORM_SAEDV440AUTHORITY_0DD727FE_V1,ENGINE,STRATEGY_FACTORY_PLATFORM,EXCLUDED_PROTECTED_PLATFORM,30,100,True,False,False,sha256:53f517818b725edb9885988f9844219fdeecd7e9ea538395c26e2432f487a59d
CHARPACKET_B7EB7A32D5250A758B235AAB628B7E8C,ENG_STRATEGY_FACTORY_PLATFORM_SAEDV440CELLIDENTITY_9DB3492B_V1,ENGINE,STRATEGY_FACTORY_PLATFORM,EXCLUDED_PROTECTED_PLATFORM,30,100,True,False,False,sha256:0e78944370532f67c673870039ded9cd83d079990a1684b6bc7f654da4a505ac
CHARPACKET_CAC444F42417CF33D90F8357AC0B9353,ENG_STRATEGY_FACTORY_PLATFORM_SAEDV440FLEETCONTRACT01_779B446E_V1,ENGINE,STRATEGY_FACTORY_PLATFORM,EXCLUDED_PROTECTED_PLATFORM,0,100,True,False,False,sha256:fbf49f6364e81cbe1711f55f9b5ead0dab1d343b4de9bda0340befac86357be5
CHARPACKET_96B08A552A34A0F1D3EC6422A5C6B7C3,ENG_STRATEGY_FACTORY_PLATFORM_SAEDV440FLEETCONTRACT02_11809E59_V1,ENGINE,STRATEGY_FACTORY_PLATFORM,EXCLUDED_PROTECTED_PLATFORM,0,100,True,False,False,sha256:c676e076383893f313f72481d478c723b6a00c691f1901e84a84fe3dbb36cabf
CHARPACKET_05D14311EB59EEBDC80802C1267833C8,ENG_STRATEGY_FACTORY_PLATFORM_SAEDV440FLEETCONTRACT03_0ECC44C3_V1,ENGINE,STRATEGY_FACTORY_PLATFORM,EXCLUDED_PROTECTED_PLATFORM,0,100,True,False,False,sha256:5249446381275bcd93249dbc2109d81ad7aceea8c49a6162bcb02c4a50c3ad5f
CHARPACKET_A6264291A3A5CD7636BBB0FB17338070,ENG_STRATEGY_FACTORY_PLATFORM_SAEDV440FLEETCONTRACT04_955079FF_V1,ENGINE,STRATEGY_FACTORY_PLATFORM,EXCLUDED_PROTECTED_PLATFORM,0,100,True,False,False,sha256:a83fbd59babf0523a9c2322c25bcd106f4cd3184c65f8bd619b3707917bb7d4d
CHARPACKET_17C58C302C98332A9DC01AEF1202F684,ENG_STRATEGY_FACTORY_PLATFORM_SAEDV440FLEETCONTRACT05_4D8A20AD_V1,ENGINE,STRATEGY_FACTORY_PLATFORM,EXCLUDED_PROTECTED_PLATFORM,0,100,True,False,False,sha256:17b392d00caba0d9998788fb8567ceb6b74578385e0fac2e7a5d10cd297d45fb
CHARPACKET_D2EE40FB239F99D4893C10B9AF0DBFCD,ENG_STRATEGY_FACTORY_PLATFORM_SAEDV440FLEETCONTRACT06_520BE38F_V1,ENGINE,STRATEGY_FACTORY_PLATFORM,EXCLUDED_PROTECTED_PLATFORM,0,100,True,False,False,sha256:3cff8027d9c543eab01ac6ce19ce31f5650df6cf08067cedf9759b66ef1381ec
CHARPACKET_3EA5B7DE63123279F1BAEEEEE22FCAB8,ENG_STRATEGY_FACTORY_PLATFORM_SAEDV440FLEETCONTRACT07_1F8CBA6B_V1,ENGINE,STRATEGY_FACTORY_PLATFORM,EXCLUDED_PROTECTED_PLATFORM,0,100,True,False,False,sha256:4cacf2ebc992247e7ab534eea76f53c62f0506ea4733e7c8f92a6395b0eeda51
CHARPACKET_4A2163C3A9F2512071E6FC9556AA30AF,ENG_STRATEGY_FACTORY_PLATFORM_SAEDV440FLEETCONTRACT08_8FF58C31_V1,ENGINE,STRATEGY_FACTORY_PLATFORM,EXCLUDED_PROTECTED_PLATFORM,0,100,True,False,False,sha256:7c0227a90b46563c7032778f936babd9631baba9042019decd1132b0c3317f62
CHARPACKET_957F0EDACD07D279A9890CAA15BC70C4,ENG_STRATEGY_FACTORY_PLATFORM_SAEDV440FLEETCONTRACT09_FBE63A88_V1,ENGINE,STRATEGY_FACTORY_PLATFORM,EXCLUDED_PROTECTED_PLATFORM,0,100,True,False,False,sha256:04e5024053514f249ae4a6cdb8ef2e29aad952510c1aebe8db78f99fe5553846
CHARPACKET_3D73E7A56D365D2A8C84A416ED532926,ENG_STRATEGY_FACTORY_PLATFORM_SAEDV440FLEETCONTRACT10_308BB6F9_V1,ENGINE,STRATEGY_FACTORY_PLATFORM,EXCLUDED_PROTECTED_PLATFORM,0,100,True,False,False,sha256:b0ca44be7e9cb903ef0ae6a589064859a5797f8de4814c236972c2e3e30fe417
CHARPACKET_F871180F116214DD6CC83A2A2ADC1487,ENG_STRATEGY_FACTORY_PLATFORM_SAEDV440FLEETCONTRACT11_B9A07A7A_V1,ENGINE,STRATEGY_FACTORY_PLATFORM,EXCLUDED_PROTECTED_PLATFORM,0,100,True,False,False,sha256:4d5c2fe4dc1d496ed50b425fbccc2feca3cfe0c6e6c8e5af46d290efad0e53b0
CHARPACKET_ADE9F9D692691C2477E6F1132D913DA8,ENG_STRATEGY_FACTORY_PLATFORM_SAEDV440FLEETCONTRACT12_4FECF4AA_V1,ENGINE,STRATEGY_FACTORY_PLATFORM,EXCLUDED_PROTECTED_PLATFORM,0,100,True,False,False,sha256:eefa423b415b01ff77a46bfdf78f8be942eaacf6ed83c1888ee19669e27c0c65
CHARPACKET_3E1C0214B8DB2AE1D86523B2E09EAD15,ENG_STRATEGY_FACTORY_PLATFORM_SAEDV440FLEETCONTRACT13_2A29E182_V1,ENGINE,STRATEGY_FACTORY_PLATFORM,EXCLUDED_PROTECTED_PLATFORM,0,100,True,False,False,sha256:daaeda21a734c1c895e247b63b0e093a7bf22010369c0a3b9fd0cd5ed1dc90db
CHARPACKET_E602B8B3B7871F547711E2070BB3B8F9,ENG_STRATEGY_FACTORY_PLATFORM_SAEDV440FLEETCONTRACT14_33A90E31_V1,ENGINE,STRATEGY_FACTORY_PLATFORM,EXCLUDED_PROTECTED_PLATFORM,0,100,True,False,False,sha256:41aa6dd87379bccd8f94fa7061035e4c4834aaa901b85004af4187eb2defb76e
CHARPACKET_4F0B62C6A4D8EBDE42DA851E54823E5A,ENG_STRATEGY_FACTORY_PLATFORM_SAEDV440FLEETCONTRACT15_75ED57F7_V1,ENGINE,STRATEGY_FACTORY_PLATFORM,EXCLUDED_PROTECTED_PLATFORM,0,100,True,False,False,sha256:e01a9c4019ad413c834fb7466610cc74f4b69d787e6f585184d26bc44f1daf2e
CHARPACKET_D98F6E4020DF88888AC5BCC31AFCEFC7,ENG_STRATEGY_FACTORY_PLATFORM_SAEDV440FLEETCONTRACT16_6A3586AA_V1,ENGINE,STRATEGY_FACTORY_PLATFORM,EXCLUDED_PROTECTED_PLATFORM,0,100,True,False,False,sha256:6077377e8fc05f683f37d4c12b71f67f336ac328bcb2ade9da49f091263a4e41
CHARPACKET_557852A54DC6AC5ED49B21D85974CCCF,ENG_STRATEGY_FACTORY_PLATFORM_SAEDV440FLEETCONTRACT17_0CBF13F4_V1,ENGINE,STRATEGY_FACTORY_PLATFORM,EXCLUDED_PROTECTED_PLATFORM,0,100,True,False,False,sha256:c3ee076ece1d2a15b5d1aaa7a578acd3510efc7760656c2af2fd4d25b00e187f
CHARPACKET_81508E1EF63E9F03F8590D571453A43D,ENG_STRATEGY_FACTORY_PLATFORM_SAEDV440FLEETCONTRACT18_F6384809_V1,ENGINE,STRATEGY_FACTORY_PLATFORM,EXCLUDED_PROTECTED_PLATFORM,0,100,True,False,False,sha256:2a49b923b2f2f469343c7371e61772780d17fa678e369ac8214b3931de8b5d56
CHARPACKET_5BD854F0CDB50433F0A6545392229A97,ENG_STRATEGY_FACTORY_PLATFORM_SAEDV440FLEETCONTRACT19_6A586B26_V1,ENGINE,STRATEGY_FACTORY_PLATFORM,EXCLUDED_PROTECTED_PLATFORM,0,100,True,False,False,sha256:5fd7232fa17bcac050b50a42ba10d192cafdb1efe19604398b0eeef488cc3288
CHARPACKET_89923667396F04E1DCAAC006FB143B67,ENG_STRATEGY_FACTORY_PLATFORM_SAEDV440FLEETCONTRACT20_CA59D8DB_V1,ENGINE,STRATEGY_FACTORY_PLATFORM,EXCLUDED_PROTECTED_PLATFORM,0,100,True,False,False,sha256:b635d8d8576cb8965ee0da50660b865739e81a12370a40a492fa0d1de69b17ca
CHARPACKET_EB6E4482F0FF035E9CF42AB90280B338,ENG_STRATEGY_FACTORY_PLATFORM_SAEDV440FLEETMANIFEST_425FEEB2_V1,ENGINE,STRATEGY_FACTORY_PLATFORM,EXCLUDED_PROTECTED_PLATFORM,30,100,True,False,False,sha256:d0ef14812bbf686393d858cac80696aa43c7a3473d17d07b051bcd20366d9fa3
CHARPACKET_709551487965B73F49D3435C08BAF975,ENG_STRATEGY_FACTORY_PLATFORM_SAEDV440FLEETQUALIFICATIONHARNESS_3C2F37DA_V1,ENGINE,STRATEGY_FACTORY_PLATFORM,EXCLUDED_PROTECTED_PLATFORM,0,100,True,False,False,sha256:5341e3e84f24ad12730803fc5d01917b81afbec1b4b09c4d0e9c44216a9c9c99
CHARPACKET_AE08707B0050CA8ECB1F0400516E26EF,ENG_STRATEGY_FACTORY_PLATFORM_SAEDV440FLEETREPLAYHARNESS_BD6DF424_V1,ENGINE,STRATEGY_FACTORY_PLATFORM,EXCLUDED_PROTECTED_PLATFORM,0,100,True,False,False,sha256:23eb8a9cba62989e932178b7096ed7a390ef4768f0c78ce9cf7382e69c034b24
CHARPACKET_12BF8589A43AB202E085811A2331E4DB,ENG_STRATEGY_FACTORY_PLATFORM_SAEDV440HEALTH_F3403333_V1,ENGINE,STRATEGY_FACTORY_PLATFORM,EXCLUDED_PROTECTED_PLATFORM,30,100,True,False,False,sha256:484e360e9241230ed30f919bd1de88faa594a4779644693d3fac494d28c79770
CHARPACKET_001B202E7BF2923D24CD7FC7B3F8F97B,ENG_STRATEGY_FACTORY_PLATFORM_SAEDV440JOURNAL_6F70D6F7_V1,ENGINE,STRATEGY_FACTORY_PLATFORM,EXCLUDED_PROTECTED_PLATFORM,30,100,True,False,False,sha256:cceaee57e1c2f184b589f8d5b9ccf3b07aac44eb64cf7c14145a0a3031c12d89
CHARPACKET_D01DBFBB6343CC9474DEE4D05ABD641D,ENG_STRATEGY_FACTORY_PLATFORM_SAEDV440PLACEMENT_B9D7DE8C_V1,ENGINE,STRATEGY_FACTORY_PLATFORM,EXCLUDED_PROTECTED_PLATFORM,30,100,True,False,False,sha256:d76194b389a27e29fcee138308e776fa38e8704d07c4f955e70d1fb7ba369e2c
CHARPACKET_59A0EB50382F5C4D0BD53C63290756C3,ENG_STRATEGY_FACTORY_PLATFORM_SAEDV440QUOTA_C0461556_V1,ENGINE,STRATEGY_FACTORY_PLATFORM,EXCLUDED_PROTECTED_PLATFORM,30,100,True,False,False,sha256:eb1c660598b3c66d3e60a7f98cb1f1f2537ade9d4661f6cf04f794874b16f230
CHARPACKET_69C71AA63127BF9641D5435F1058EBAC,ENG_STRATEGY_FACTORY_PLATFORM_SAEDV440RECONCILIATION_0AB28379_V1,ENGINE,STRATEGY_FACTORY_PLATFORM,EXCLUDED_PROTECTED_PLATFORM,30,100,True,False,False,sha256:46d2c26bd9762af35e85d185a3eab4936675ed236b4e422ecb3266b73a01eae3
CHARPACKET_1C368B4CC0D4B1A0F7F3D917E9656E1A,ENG_STRATEGY_FACTORY_PLATFORM_SAEDV440ROLLOUT_D9CD179E_V1,ENGINE,STRATEGY_FACTORY_PLATFORM,EXCLUDED_PROTECTED_PLATFORM,30,100,True,False,False,sha256:86e9b1976aa3fc5fcb125754b952432d2e502edaefa6c094bdc66119b8f9502e
CHARPACKET_541B5FC416208F784FBFAEFBA2A75718,ENG_STRATEGY_FACTORY_PLATFORM_SAEDV440ROUTE_E8F66553_V1,ENGINE,STRATEGY_FACTORY_PLATFORM,EXCLUDED_PROTECTED_PLATFORM,30,100,True,False,False,sha256:d199277aa69eefc9d32143443daeeb31748e6bcc499dc3356af7da5949ee9b0c
CHARPACKET_2325712520B0C5C0B7F3669AD182BB93,ENG_STRATEGY_FACTORY_PLATFORM_SAEDV441ACTION_B904BD13_V1,ENGINE,STRATEGY_FACTORY_PLATFORM,EXCLUDED_PROTECTED_PLATFORM,30,100,True,False,False,sha256:9789e97a81271ff678e30aa889aab6775ffea886a4cebe1b7dfed9a636bfc55e
CHARPACKET_31D30ED756FF7F2C0E6F90BD8C681D54,ENG_STRATEGY_FACTORY_PLATFORM_SAEDV441ALERT_0D2999A9_V1,ENGINE,STRATEGY_FACTORY_PLATFORM,EXCLUDED_PROTECTED_PLATFORM,30,100,True,False,False,sha256:eac7fc92cc3e092ed70343d37dc109296d91b7053825bc229a4c4cddf971822b
CHARPACKET_7EF6E5560329696AA16011BFFB247EF7,ENG_STRATEGY_FACTORY_PLATFORM_SAEDV441ARCHIVE_11285424_V1,ENGINE,STRATEGY_FACTORY_PLATFORM,EXCLUDED_PROTECTED_PLATFORM,30,100,True,False,False,sha256:d8cc8b96e6a26dfabcb811111d1e02adb4264d805c474501f38e6c24fd979c3b
CHARPACKET_4B4CFA926A8B672A9AC541DAA26F3912,ENG_STRATEGY_FACTORY_PLATFORM_SAEDV441AUTHORITY_C9A3F62A_V1,ENGINE,STRATEGY_FACTORY_PLATFORM,EXCLUDED_PROTECTED_PLATFORM,30,100,True,False,False,sha256:b6660e8de0f7a9108a65c012bea6fc667cc1dce1335a56b943c24b22658789b2
CHARPACKET_3E1DD55D34FFBFB6099584FAF62A0399,ENG_STRATEGY_FACTORY_PLATFORM_SAEDV441CERTIFICATE_E5A2582D_V1,ENGINE,STRATEGY_FACTORY_PLATFORM,EXCLUDED_PROTECTED_PLATFORM,30,100,True,False,False,sha256:d5467036291994848760bac7ce48b9d3eeb870d4952c6232c72f28fef9ed996e
CHARPACKET_ACE4FCEC6B365CCB869E40A14FF0BEBD,ENG_STRATEGY_FACTORY_PLATFORM_SAEDV441DASHBOARD_567C39FE_V1,ENGINE,STRATEGY_FACTORY_PLATFORM,EXCLUDED_PROTECTED_PLATFORM,30,100,True,False,False,sha256:60e546c74a85de97a20178b5b90090f13a1aedae5cda5cde7bfff51812736118
CHARPACKET_03B8D68D5040B40C1C3021A220133894,ENG_STRATEGY_FACTORY_PLATFORM_SAEDV441DECISIONTRACE_04EBD54E_V1,ENGINE,STRATEGY_FACTORY_PLATFORM,EXCLUDED_PROTECTED_PLATFORM,30,100,True,False,False,sha256:10f5b511b820f81d693e45cb1184673c238974253c10fcc7cbdfe928e1c4e9bf
CHARPACKET_6544B01A20583ECF19BD26FCB73441DE,ENG_STRATEGY_FACTORY_PLATFORM_SAEDV441DEPENDENCYEDGE_2388B5D6_V1,ENGINE,STRATEGY_FACTORY_PLATFORM,EXCLUDED_PROTECTED_PLATFORM,30,100,True,False,False,sha256:8596d975f0afa77163d6072ce7f782089acd3afea36f0134258810016c1d1a1c
CHARPACKET_C7975E401FDEC84E949314EB5F99BFC8,ENG_STRATEGY_FACTORY_PLATFORM_SAEDV441DEPENDENCYNODE_A39D8BEF_V1,ENGINE,STRATEGY_FACTORY_PLATFORM,EXCLUDED_PROTECTED_PLATFORM,30,100,True,False,False,sha256:121e2730ff2173d278fc48d9517c1a995eadf5329fdb32537d0ce1ded6134c43
CHARPACKET_6737768AEACAC7CFAD327B6C3D12EC78,ENG_STRATEGY_FACTORY_PLATFORM_SAEDV441DETECTOR_A56BA1F9_V1,ENGINE,STRATEGY_FACTORY_PLATFORM,EXCLUDED_PROTECTED_PLATFORM,30,100,True,False,False,sha256:5c61d2f4039dc8965c0a434df57c8f3a1e7b38a9bd59ae6c5b3eff4ccc617699
CHARPACKET_91EE0E785629E5888202276283E517D1,ENG_STRATEGY_FACTORY_PLATFORM_SAEDV441EVIDENCE_C1EE073F_V1,ENGINE,STRATEGY_FACTORY_PLATFORM,EXCLUDED_PROTECTED_PLATFORM,30,100,True,False,False,sha256:658bd311724c75f3555931bae64c2e406caa544bf9462d589dd5038173cf6af0
CHARPACKET_94BD18D119FBF71DDD435A8970641775,ENG_STRATEGY_FACTORY_PLATFORM_SAEDV441FUSION_9656143D_V1,ENGINE,STRATEGY_FACTORY_PLATFORM,EXCLUDED_PROTECTED_PLATFORM,30,100,True,False,False,sha256:0a844aa4890b479951e99a72bbb31ffde01d13513faf5c8a7d3048a7d436bcab
CHARPACKET_86F71C167415EA099196F48B7B020532,ENG_STRATEGY_FACTORY_PLATFORM_SAEDV441IMPACT_429B4907_V1,ENGINE,STRATEGY_FACTORY_PLATFORM,EXCLUDED_PROTECTED_PLATFORM,30,100,True,False,False,sha256:69380f40daf8b64ce7dd38199b78dca35e3d1bb7ca8d4c8d4a48e0532928795f
CHARPACKET_8C3636F23D1ED7F6321129A04AAF7EC9,ENG_STRATEGY_FACTORY_PLATFORM_SAEDV441INCIDENTSTATE_D2432CDA_V1,ENGINE,STRATEGY_FACTORY_PLATFORM,EXCLUDED_PROTECTED_PLATFORM,30,100,True,False,False,sha256:ab304c16059b2bdaf40810c41b1e4ff5b43af9814bddf3f8a109be284044dd7f
CHARPACKET_043DBFB18892884AACAB9C1CC72F9BF6,ENG_STRATEGY_FACTORY_PLATFORM_SAEDV441INCIDENT_76EF737E_V1,ENGINE,STRATEGY_FACTORY_PLATFORM,EXCLUDED_PROTECTED_PLATFORM,30,100,True,False,False,sha256:0125feedad5020f6418f43dd7bcbf5b1f7be645841c0968bbc2d979360fa61e5
CHARPACKET_A666EB18D6DACC1C736EB8069CD2E641,ENG_STRATEGY_FACTORY_PLATFORM_SAEDV441KNOWNTIME_5BE098DA_V1,ENGINE,STRATEGY_FACTORY_PLATFORM,EXCLUDED_PROTECTED_PLATFORM,30,100,True,False,False,sha256:e5822ffc1b457e68d46416b49b0c45bc2beda02b0a61a73986b6d9cdb9f707d1
CHARPACKET_B5B100232F0CF81B4E7FA3EB5B0B1934,ENG_STRATEGY_FACTORY_PLATFORM_SAEDV441METRICSPEC_46D623D9_V1,ENGINE,STRATEGY_FACTORY_PLATFORM,EXCLUDED_PROTECTED_PLATFORM,30,100,True,False,False,sha256:41c1ddf56e47b2a5e6e16b71ea85a7f9ae155713a3bdd8e44e23bd0440e808f4
CHARPACKET_6354E6A28825A6E3FC145764A7E50FAC,ENG_STRATEGY_FACTORY_PLATFORM_SAEDV441OBSERVATIONLEDGER_B85D8B16_V1,ENGINE,STRATEGY_FACTORY_PLATFORM,EXCLUDED_PROTECTED_PLATFORM,30,100,True,False,False,sha256:48b194a5ac3afc20da8364302a6a26c6ee2f61035f3d1584a1d4203e457c647b
CHARPACKET_3968B10183B2B6E4DF4B1D8D83FD906F,ENG_STRATEGY_FACTORY_PLATFORM_SAEDV441OBSERVATION_CE9B6F57_V1,ENGINE,STRATEGY_FACTORY_PLATFORM,EXCLUDED_PROTECTED_PLATFORM,30,100,True,False,False,sha256:d0337a19663782dc5fd228165916b4567fa2e4b7b46c957188fcfec15d9a1f64
CHARPACKET_7C618F296E89547285967DD1426137B0,ENG_STRATEGY_FACTORY_PLATFORM_SAEDV441OPERATIONSHANDOFF_11BBB575_V1,ENGINE,STRATEGY_FACTORY_PLATFORM,EXCLUDED_PROTECTED_PLATFORM,30,100,True,False,False,sha256:1a111c34e8fb280b4f71e9bd97b47b9e9cf4baeb1782fb6bc52946d8d653d94c
CHARPACKET_1056F38E4152045E2E9B16193A0C9F3F,ENG_STRATEGY_FACTORY_PLATFORM_SAEDV441PROGRAMCLOSURE_6D795884_V1,ENGINE,STRATEGY_FACTORY_PLATFORM,EXCLUDED_PROTECTED_PLATFORM,30,100,True,False,False,sha256:05df8b7ae16054468ad25179c2b8ec514214287216fe12c28b68eef313c5aadc
CHARPACKET_24FBD6D5DE873FA807A2A158083C2349,ENG_STRATEGY_FACTORY_PLATFORM_SAEDV441QUARANTINE_94E32E7E_V1,ENGINE,STRATEGY_FACTORY_PLATFORM,EXCLUDED_PROTECTED_PLATFORM,30,100,True,False,False,sha256:a2bc24519535900ad08b04075ffb7c668a1157ec687b6fefa1beaebb77417a94
CHARPACKET_A82C66BAD77CBA023347F58B4E61AA70,ENG_STRATEGY_FACTORY_PLATFORM_SAEDV441RELEASE_DA91609F_V1,ENGINE,STRATEGY_FACTORY_PLATFORM,EXCLUDED_PROTECTED_PLATFORM,30,100,True,False,False,sha256:3ad2d6a15261922870b9d986059e7826dcf2c2a942ccdd930df891df91d5a096
CHARPACKET_3527AFEDB64BA71FB850B9E97A974646,ENG_STRATEGY_FACTORY_PLATFORM_SAEDV441RESTRICTION_0ED78CF7_V1,ENGINE,STRATEGY_FACTORY_PLATFORM,EXCLUDED_PROTECTED_PLATFORM,30,100,True,False,False,sha256:c8dbddc28f661fa5a5bfd200d625d8e8e0156ad31df48731be1f9092c0afdfca
CHARPACKET_84ED8EFB555B686109B7B3C4ABBC519A,ENG_STRATEGY_FACTORY_PLATFORM_SAEDV441RETIREMENTAPPROVAL_3A735FE7_V1,ENGINE,STRATEGY_FACTORY_PLATFORM,EXCLUDED_PROTECTED_PLATFORM,30,100,True,False,False,sha256:a87cc65caa3feffbcc3d2cf9a9e1c255cdc7f08f26426dc74489425da86109de
CHARPACKET_73A232AD0E0279CFB4163C85C73CC06A,ENG_STRATEGY_FACTORY_PLATFORM_SAEDV441RETIREMENTCANDIDATE_21C13F81_V1,ENGINE,STRATEGY_FACTORY_PLATFORM,EXCLUDED_PROTECTED_PLATFORM,30,100,True,False,False,sha256:57c5bbea1bd13544b9dcf7f704327a9f91565d8adb479dac94f5982159afef2d
CHARPACKET_AC55549B9B6C87493DA201CFCEB05B41,ENG_STRATEGY_FACTORY_PLATFORM_SAEDV441RETIREMENTEVENT_D6DE7D6E_V1,ENGINE,STRATEGY_FACTORY_PLATFORM,EXCLUDED_PROTECTED_PLATFORM,30,100,True,False,False,sha256:dbefe19e7600aa77aef37818df7e546915265eae18a4230fe3b272786d8ab5a2
CHARPACKET_00B13D0186FE4EB431247FBF42E7BC38,ENG_STRATEGY_FACTORY_PLATFORM_SAEDV441RETIREMENTRECORD_8BE33CBB_V1,ENGINE,STRATEGY_FACTORY_PLATFORM,EXCLUDED_PROTECTED_PLATFORM,30,100,True,False,False,sha256:0735b60c2cd97983f73dfb3124c8b8320134c567612c2ea48f31f46e27432760
CHARPACKET_DF840563FAD59526B72616E45015377D,ENG_STRATEGY_FACTORY_PLATFORM_SAEDV441REVIEW_2D79879F_V1,ENGINE,STRATEGY_FACTORY_PLATFORM,EXCLUDED_PROTECTED_PLATFORM,30,100,True,False,False,sha256:8a7b9d3bf8f48195c42dc6e0391d2a6b9f2aa75c3a3e1160ef0fd3e5d9ac79b9
CHARPACKET_7953675F89779C89247604CE771BF000,ENG_STRATEGY_FACTORY_PLATFORM_SAEDV441SURVEILLANCEPARITYPROBE_F5577E32_V1,ENGINE,STRATEGY_FACTORY_PLATFORM,EXCLUDED_PROTECTED_PLATFORM,30,100,True,False,False,sha256:1d7dbaef7adace2802f84dd1c6d84941f3dbba2c4f1400d9650777379b9488b6
CHARPACKET_680A1852E04A59E2CB8B8D8B643F01B5,ENG_STRATEGY_FACTORY_PLATFORM_SAEDV441TOMBSTONE_7AFF7349_V1,ENGINE,STRATEGY_FACTORY_PLATFORM,EXCLUDED_PROTECTED_PLATFORM,30,100,True,False,False,sha256:f170ccb95bafb56a9a1fa3e6c551572be704b58ec722050fac0aed22a6057d36
CHARPACKET_6FF97FF9F19CB2B6686F826136866EC4,ENG_STRATEGY_FACTORY_PLATFORM_SAEDV441VERIFICATION_0E83DED9_V1,ENGINE,STRATEGY_FACTORY_PLATFORM,EXCLUDED_PROTECTED_PLATFORM,30,100,True,False,False,sha256:0fbd906838093d6bd667b662227e4a36c80f20e1e5f5c926ee33e4261a8780f6
CHARPACKET_B26F8B4394E83F7F4D5D736676F95538,ENG_STRATEGY_FACTORY_PLATFORM_SAEDV441WINDOW_FE8F63DA_V1,ENGINE,STRATEGY_FACTORY_PLATFORM,EXCLUDED_PROTECTED_PLATFORM,30,100,True,False,False,sha256:8eade6b666f14ead38f64849c2efe2fd993f2b0f35d494f99b560249a10ea4a5
CHARPACKET_0BBA2201566CFD88186AA75CC59736FD,ENG_STRATEGY_FACTORY_PLATFORM_SAEDV4ACTIONLATTICEADJACENCY_4281B0A6_V1,ENGINE,STRATEGY_FACTORY_PLATFORM,EXCLUDED_PROTECTED_PLATFORM,0,100,True,False,False,sha256:eb4cae63b908d41180081fcab19f8b7bbb6625a91d7dc3dd82f14dcc577c0c2d
CHARPACKET_7E0AED43D4B8C431DA7727B4CA6F789D,ENG_STRATEGY_FACTORY_PLATFORM_SAEDV4ACTIONLATTICEAUTHORITY_DB0CBD69_V1,ENGINE,STRATEGY_FACTORY_PLATFORM,EXCLUDED_PROTECTED_PLATFORM,0,100,True,False,False,sha256:39c2ebe250d8fad23b65b4e3ae04c30f631728e54fb25ab4bf3da30cc10fc4b4
CHARPACKET_83F28DEA4D6407903454CA4D3A345005,ENG_STRATEGY_FACTORY_PLATFORM_SAEDV4ACTIONLATTICEBUDGET_4340B38D_V1,ENGINE,STRATEGY_FACTORY_PLATFORM,EXCLUDED_PROTECTED_PLATFORM,0,100,True,False,False,sha256:bb14b3516bc90f505a9c84c26bd7bd660193437947f8206b277e78ed3d0ee0cb
CHARPACKET_E5F27F507DF8B7EA14C056093EF8A80C,ENG_STRATEGY_FACTORY_PLATFORM_SAEDV4ACTIONLATTICECONSTRAINT_D9820437_V1,ENGINE,STRATEGY_FACTORY_PLATFORM,EXCLUDED_PROTECTED_PLATFORM,0,100,True,False,False,sha256:f6092a84b75d75c06ebf69ae283fb52c5588280552ee69728d8062f881983d1c
CHARPACKET_5B0D6F694A573B70C2B1FEED4E0DD799,ENG_STRATEGY_FACTORY_PLATFORM_SAEDV4ACTIONLATTICEDOMAIN_50B9C753_V1,ENGINE,STRATEGY_FACTORY_PLATFORM,EXCLUDED_PROTECTED_PLATFORM,0,100,True,False,False,sha256:e91d6def1ced273069c7429a5d12674230c9d32aed931cd8250abfb930773b69
CHARPACKET_C24505EC2FF895AC92EE237FBA9DEB6D,ENG_STRATEGY_FACTORY_PLATFORM_SAEDV4ACTIONLATTICEEDGE_0AFE41EF_V1,ENGINE,STRATEGY_FACTORY_PLATFORM,EXCLUDED_PROTECTED_PLATFORM,0,100,True,False,False,sha256:d8a7eaf366b38eb1cae9058206712dabe547eeed12893bb765e44df43a4066b6
CHARPACKET_63A9E8AF688C1853D36070A21B5CCEBF,ENG_STRATEGY_FACTORY_PLATFORM_SAEDV4ACTIONLATTICEFALLBACK_AD260481_V1,ENGINE,STRATEGY_FACTORY_PLATFORM,EXCLUDED_PROTECTED_PLATFORM,0,100,True,False,False,sha256:58aa80e99f3c2209d5855e551cdf5d21532f0bcdb1c150bc2e1b3657ae9935fc
CHARPACKET_84D5E9E311CE095B4A167B1F851B7E69,ENG_STRATEGY_FACTORY_PLATFORM_SAEDV4ACTIONLATTICEHANDOFF_8DFD3BC5_V1,ENGINE,STRATEGY_FACTORY_PLATFORM,EXCLUDED_PROTECTED_PLATFORM,0,100,True,False,False,sha256:7de405cb6012adc347f381fcf6f1b1874c05d1293dfb2a9dc3264b36e566f7f9
CHARPACKET_369F80900CB2B4A0AB8BC165E1892359,ENG_STRATEGY_FACTORY_PLATFORM_SAEDV4ACTIONLATTICEINTEGRITY_74A474D7_V1,ENGINE,STRATEGY_FACTORY_PLATFORM,EXCLUDED_PROTECTED_PLATFORM,0,100,True,False,False,sha256:4e2e8a3981d8cc1feb19d789762da44c1cccd23bdfaca16f097c83b683c45d4c
CHARPACKET_05F23E35DEF5E4B01800301F5A47DA69,ENG_STRATEGY_FACTORY_PLATFORM_SAEDV4ACTIONLATTICENODE_83CCCAD1_V1,ENGINE,STRATEGY_FACTORY_PLATFORM,EXCLUDED_PROTECTED_PLATFORM,0,100,True,False,False,sha256:d6f1f85c4e431b4d2d08f37fcc560eca1a18b0f57882e1c93a8b057f39ff0b9b
CHARPACKET_EAB055FB1DB347CEF776A7E88DCA07D9,ENG_STRATEGY_FACTORY_PLATFORM_SAEDV4ACTIONLATTICESTATICVALIDATION_85B47D03_V1,ENGINE,STRATEGY_FACTORY_PLATFORM,EXCLUDED_PROTECTED_PLATFORM,0,100,True,False,False,sha256:5fa7dca2b31988d5811f64fef1231c0fb3a4d3b26c4b654e5a29d18970b5b09a
CHARPACKET_15C0C455C873BCD6762A145DB78D0257,ENG_STRATEGY_FACTORY_PLATFORM_SAEDV4ACTIONLATTICETELEMETRY_9BA9508D_V1,ENGINE,STRATEGY_FACTORY_PLATFORM,EXCLUDED_PROTECTED_PLATFORM,0,100,True,False,False,sha256:81c17a53dedff88de0968498fc3cd42cf07a3a2f818abf09a585b5d4727460ef
CHARPACKET_AB8E2139CFE754BFF95AFD2A4300A691,ENG_STRATEGY_FACTORY_PLATFORM_SAEDV4ACTIONLATTICETYPES_63FCD81F_V1,ENGINE,STRATEGY_FACTORY_PLATFORM,EXCLUDED_PROTECTED_PLATFORM,0,100,True,False,False,sha256:7f29be98cb1635fb447e5787098968e72edb9b2522b531064368831efdd01a1d
CHARPACKET_2EE32956476B3052D77D55D9C58DD9F2,ENG_STRATEGY_FACTORY_PLATFORM_SAEDV4ACTIONLATTICE_75AA5167_V1,ENGINE,STRATEGY_FACTORY_PLATFORM,EXCLUDED_PROTECTED_PLATFORM,0,100,True,False,False,sha256:57ddab8dcb98b58989040099e5203dea7f01032165eab42a5673e0175600f076
CHARPACKET_9E3BB5322D47030B25BF3D4BF0B44CA7,ENG_STRATEGY_FACTORY_PLATFORM_SAEDV4EXECUTIONTWINAUTHORITY_3687B749_V1,ENGINE,STRATEGY_FACTORY_PLATFORM,EXCLUDED_PROTECTED_PLATFORM,0,100,True,False,False,sha256:44f1f2a9cea11c55cb8b633ba122e030e918d541115eafffbaf046047a5412d3
CHARPACKET_D67E6E32ED3D212BA0A83951E73DB668,ENG_STRATEGY_FACTORY_PLATFORM_SAEDV4EXECUTIONTWINHANDOFF_AAEAD04D_V1,ENGINE,STRATEGY_FACTORY_PLATFORM,EXCLUDED_PROTECTED_PLATFORM,0,100,True,False,False,sha256:0f436a08ce7e5ea2d7bfa590372476e8cf88b4d1d3bec9c4ed5d1f60ed4e62f9
CHARPACKET_296BE82698996AB4EA45B64445EBE414,ENG_STRATEGY_FACTORY_PLATFORM_SAEDV4EXECUTIONTWINHAZARD_20AB572B_V1,ENGINE,STRATEGY_FACTORY_PLATFORM,EXCLUDED_PROTECTED_PLATFORM,0,100,True,False,False,sha256:2b91413cf474765e4973681138e524c34ad4f5e4de50daa72096240d22b73884
CHARPACKET_3FE0430E982DE537FB4358535B7D41AE,ENG_STRATEGY_FACTORY_PLATFORM_SAEDV4EXECUTIONTWININTEGRITY_5B9D9C3B_V1,ENGINE,STRATEGY_FACTORY_PLATFORM,EXCLUDED_PROTECTED_PLATFORM,0,100,True,False,False,sha256:f5c98c160ebd5b0fb236a77964b3a4255c3426818d37c4be36b3636fb4d65c05
CHARPACKET_1AB2BBDD5FC2A54FDDCF72D894F0B257,ENG_STRATEGY_FACTORY_PLATFORM_SAEDV4EXECUTIONTWINLATENCY_C59EB1D1_V1,ENGINE,STRATEGY_FACTORY_PLATFORM,EXCLUDED_PROTECTED_PLATFORM,0,100,True,False,False,sha256:4b72d345125b399349ea58f2887635f8352337597f90eb0f85dc6c4fe1eba1c0
CHARPACKET_8C2AFD0AC6BC34C57AAF4D8EDCDC7A8E,ENG_STRATEGY_FACTORY_PLATFORM_SAEDV4EXECUTIONTWINLIFECYCLE_79D5FAE7_V1,ENGINE,STRATEGY_FACTORY_PLATFORM,EXCLUDED_PROTECTED_PLATFORM,0,100,True,False,False,sha256:1dffa8851251df2a37ecb9aa17865caedc4be64f14332cc92cc1e2f6d26b88bb
CHARPACKET_AE96F566BA0CD528F32E1DB4930E09AC,ENG_STRATEGY_FACTORY_PLATFORM_SAEDV4EXECUTIONTWINQUEUE_328AAB5B_V1,ENGINE,STRATEGY_FACTORY_PLATFORM,EXCLUDED_PROTECTED_PLATFORM,0,100,True,False,False,sha256:372702fbbf927e9d08a5d200767bcca1db28d6824428af6bbdc3f5e3b2e10242
CHARPACKET_8F437FA1FD44C8FADD80DFDF8AB6C837,ENG_STRATEGY_FACTORY_PLATFORM_SAEDV4EXECUTIONTWINSTATICVALIDATION_D7B14D76_V1,ENGINE,STRATEGY_FACTORY_PLATFORM,EXCLUDED_PROTECTED_PLATFORM,0,100,True,False,False,sha256:5c38d8aa83976bfeae798e1bbb90c18d09c9d3b7af05d536524e26da735e63d1
CHARPACKET_54A1EFD4D27282F844D739DA88A15D57,ENG_STRATEGY_FACTORY_PLATFORM_SAEDV4EXECUTIONTWINTYPES_0A8BF5A7_V1,ENGINE,STRATEGY_FACTORY_PLATFORM,EXCLUDED_PROTECTED_PLATFORM,0,100,True,False,False,sha256:e4217becf018b1f226facf27ba38d0d00155d474b1e50fb34be58672b88d9020
CHARPACKET_8FEF25CB520857F350D4EFB97C8E2B87,ENG_STRATEGY_FACTORY_PLATFORM_SAEDV4EXECUTIONTWIN_E609A0D5_V1,ENGINE,STRATEGY_FACTORY_PLATFORM,EXCLUDED_PROTECTED_PLATFORM,0,100,True,False,False,sha256:602d17b146c2d3b1ef4e02d17314c95bc8941fdb8291e1e75e7b58ee0877479c
CHARPACKET_D75E2ADA026906D4E299D8BA997D9566,ENG_STRATEGY_FACTORY_PLATFORM_SAEDV4OUTCOMECUBEAUTHORITY_B644E5EF_V1,ENGINE,STRATEGY_FACTORY_PLATFORM,EXCLUDED_PROTECTED_PLATFORM,0,100,True,False,False,sha256:78a890709231dde62461e6f5fcaed6cd551453bbbd78d7ee3fb38a900d647b02
CHARPACKET_731A0C3E4AB282E869A016F6C4FBA587,ENG_STRATEGY_FACTORY_PLATFORM_SAEDV4OUTCOMECUBECOST_8507123D_V1,ENGINE,STRATEGY_FACTORY_PLATFORM,EXCLUDED_PROTECTED_PLATFORM,0,100,True,False,False,sha256:b5e0df3e67b3ad47e1ecb17096a599c857c7434c9442e4b8df35954b9e46ffa2
CHARPACKET_C984914C76630F83AD1CBCC18B9D536A,ENG_STRATEGY_FACTORY_PLATFORM_SAEDV4OUTCOMECUBEEXPOSURE_ACE69B21_V1,ENGINE,STRATEGY_FACTORY_PLATFORM,EXCLUDED_PROTECTED_PLATFORM,0,100,True,False,False,sha256:a009884995dab172fd4c29e9a6202a92672730996c38d31ec765d620a6614c6d
CHARPACKET_BDE527EE719636AD32B308A24199C711,ENG_STRATEGY_FACTORY_PLATFORM_SAEDV4OUTCOMECUBEHANDOFF_0F26E24F_V1,ENGINE,STRATEGY_FACTORY_PLATFORM,EXCLUDED_PROTECTED_PLATFORM,0,100,True,False,False,sha256:f9aa4e27d56d5ea20d02dba182cbec963e889f2d8199c545115309cb333987dc
CHARPACKET_C2B5F6216DEBDB27BB185D6C05B8EF19,ENG_STRATEGY_FACTORY_PLATFORM_SAEDV4OUTCOMECUBEINTEGRITY_E050D1E6_V1,ENGINE,STRATEGY_FACTORY_PLATFORM,EXCLUDED_PROTECTED_PLATFORM,0,100,True,False,False,sha256:0b603bee566685ab25d21ee7d5fa1422be3dcceaf6ce3fd48d2cff0e1e56a48c
CHARPACKET_A8CF397F22391F39CB315432BEBE5CBB,ENG_STRATEGY_FACTORY_PLATFORM_SAEDV4OUTCOMECUBEOBSERVATION_654C4B29_V1,ENGINE,STRATEGY_FACTORY_PLATFORM,EXCLUDED_PROTECTED_PLATFORM,0,100,True,False,False,sha256:337e064cfc5127583122246bcdbb47622ab78ddd23d34404e52d5b5955ba1c2e
CHARPACKET_9FEF1CA09D05A4B67C5A15422A035A8E,ENG_STRATEGY_FACTORY_PLATFORM_SAEDV4OUTCOMECUBEPATHEVENT_F161C4E2_V1,ENGINE,STRATEGY_FACTORY_PLATFORM,EXCLUDED_PROTECTED_PLATFORM,0,100,True,False,False,sha256:703ced685e2d3f69998062478d2ea66bfd39562eb03785658e257d052bd14b5b
CHARPACKET_B1F8E574026A32050BFBA8497873A067,ENG_STRATEGY_FACTORY_PLATFORM_SAEDV4OUTCOMECUBEROW_4C73D7D2_V1,ENGINE,STRATEGY_FACTORY_PLATFORM,EXCLUDED_PROTECTED_PLATFORM,0,100,True,False,False,sha256:0c8f66f8d4d8a643df85c9dba63d5da8ab8da1251483f2b2836583c8e8d60209
CHARPACKET_3B59CC31E368A60375401734ED024A03,ENG_STRATEGY_FACTORY_PLATFORM_SAEDV4OUTCOMECUBESPEC_44E4A9D0_V1,ENGINE,STRATEGY_FACTORY_PLATFORM,EXCLUDED_PROTECTED_PLATFORM,0,100,True,False,False,sha256:2104093a068ddd603a892109832a5c1d4d005d3f680f3658d5d32f976eb5adcf
CHARPACKET_1A43D84C262EBF64B8448D14F609AA13,ENG_STRATEGY_FACTORY_PLATFORM_SAEDV4OUTCOMECUBESTATICVALIDATION_298E6969_V1,ENGINE,STRATEGY_FACTORY_PLATFORM,EXCLUDED_PROTECTED_PLATFORM,0,100,True,False,False,sha256:225f94e3faee8a050f1d836f7a39adbfc16c713fc0381df57769c1b0a92a237c
CHARPACKET_F39BBF09D9D594374893E1EA0C81F9DA,ENG_STRATEGY_FACTORY_PLATFORM_SAEDV4OUTCOMECUBETELEMETRY_7F2ED87B_V1,ENGINE,STRATEGY_FACTORY_PLATFORM,EXCLUDED_PROTECTED_PLATFORM,0,100,True,False,False,sha256:a573e5060099d190a0ec8cc6e38c8ab7d0c6dadc5bef711765845a48d7274942
CHARPACKET_479A99453A892D38FB13EA2B9FB8B61C,ENG_STRATEGY_FACTORY_PLATFORM_SAEDV4OUTCOMECUBETYPES_8D538554_V1,ENGINE,STRATEGY_FACTORY_PLATFORM,EXCLUDED_PROTECTED_PLATFORM,0,100,True,False,False,sha256:8159cff21d8b9ea062ab40cec31abe3f82991dcc501991e1e24be9e083735e27
CHARPACKET_BFF9446434CD7F4AC641085EE075BDE4,ENG_STRATEGY_FACTORY_PLATFORM_SAEDV4OUTCOMECUBE_98291891_V1,ENGINE,STRATEGY_FACTORY_PLATFORM,EXCLUDED_PROTECTED_PLATFORM,0,100,True,False,False,sha256:a25c0bdd3ac6119f8ce70f522cade8fb21465fcdbf9e3da3c4c2b1152c67af68
CHARPACKET_A4E25A0E9B5FCDF48229CF515C4AF460,ENG_STRATEGY_FACTORY_PLATFORM_SAEDV4TREATMENTDSLAUTHORITY_60316952_V1,ENGINE,STRATEGY_FACTORY_PLATFORM,EXCLUDED_PROTECTED_PLATFORM,0,100,True,False,False,sha256:7dc0f788c15c71844724cae17f2cd2a145a16bf66a0b39266201a6931701ad53
CHARPACKET_00285BB3783CE2D872A154E6D1275725,ENG_STRATEGY_FACTORY_PLATFORM_SAEDV4TREATMENTDSLBINDING_F7B4F269_V1,ENGINE,STRATEGY_FACTORY_PLATFORM,EXCLUDED_PROTECTED_PLATFORM,0,100,True,False,False,sha256:4148dcd7d377b9206ff163d4a16a1f6f32df97335244d53ad864290d813d9b19
CHARPACKET_097FEA380AA1D2EE4E28742CBACDB6E1,ENG_STRATEGY_FACTORY_PLATFORM_SAEDV4TREATMENTDSLCANONICAL_87431008_V1,ENGINE,STRATEGY_FACTORY_PLATFORM,EXCLUDED_PROTECTED_PLATFORM,0,100,True,False,False,sha256:6d4bdab5ecf6e5903faee5e60541596f8d09f73c1f4b680fa0882e24ca608c22
CHARPACKET_827A5D0D796ECF57A95EAE71B0F9334F,ENG_STRATEGY_FACTORY_PLATFORM_SAEDV4TREATMENTDSLHANDOFF_729D746F_V1,ENGINE,STRATEGY_FACTORY_PLATFORM,EXCLUDED_PROTECTED_PLATFORM,0,100,True,False,False,sha256:6286913514d3fbff6c7817994c3588cb87371f97d8157ffca1eb2d11ae6124e6
CHARPACKET_C0E75E29DB2CFDD5D1DDCE12D0CCB13E,ENG_STRATEGY_FACTORY_PLATFORM_SAEDV4TREATMENTDSLINTEGRITY_A6318454_V1,ENGINE,STRATEGY_FACTORY_PLATFORM,EXCLUDED_PROTECTED_PLATFORM,0,100,True,False,False,sha256:3b55a92f4e5eeb79aec16bc7cfcfbef5768e1d138cc74a1439895b3453f4341e
CHARPACKET_491842A42DB2493458AD987F89235F51,ENG_STRATEGY_FACTORY_PLATFORM_SAEDV4TREATMENTDSLPARAMETERS_CB075344_V1,ENGINE,STRATEGY_FACTORY_PLATFORM,EXCLUDED_PROTECTED_PLATFORM,0,100,True,False,False,sha256:7ae0c186ad0a97ba83708c3a9cc9ac26b7bbfd94f5b1bc763927d18479b93a55
CHARPACKET_9D5A9B88FEAB397A2E3D8A39FF21DEF9,ENG_STRATEGY_FACTORY_PLATFORM_SAEDV4TREATMENTDSLPROGRAM_D8C126AA_V1,ENGINE,STRATEGY_FACTORY_PLATFORM,EXCLUDED_PROTECTED_PLATFORM,0,100,True,False,False,sha256:3b3bfb976078cae6c2d13cd8150783ed8da4d9cc900c72ce8342068884c013b0
CHARPACKET_B57EB1E1A93987ED941118B89EA50FAD,ENG_STRATEGY_FACTORY_PLATFORM_SAEDV4TREATMENTDSLREGISTRY_B42E99C0_V1,ENGINE,STRATEGY_FACTORY_PLATFORM,EXCLUDED_PROTECTED_PLATFORM,0,100,True,False,False,sha256:5835ae4fcc9868026bd7a0265a9bb18329b85983babe29759dd865ceb7ebf83f
CHARPACKET_CE926D87560DFA61EB89B9F7123C01EA,ENG_STRATEGY_FACTORY_PLATFORM_SAEDV4TREATMENTDSLSTATEMACHINE_26D57FAD_V1,ENGINE,STRATEGY_FACTORY_PLATFORM,EXCLUDED_PROTECTED_PLATFORM,0,100,True,False,False,sha256:a6746c3d825d6af7262c6b208ab6014fd579f44c4fa6af3fedcce92c01fce0c2
CHARPACKET_69071330EE59113A9E89F487D823C85F,ENG_STRATEGY_FACTORY_PLATFORM_SAEDV4TREATMENTDSLSTATICVALIDATION_9297694E_V1,ENGINE,STRATEGY_FACTORY_PLATFORM,EXCLUDED_PROTECTED_PLATFORM,0,100,True,False,False,sha256:c47522c02058c8908a9ca9e61b43cbfe8de9c4426a522c4ae69960bd98f84b0b
CHARPACKET_D9455D7928824F42FCAAB14BA2F4C0DD,ENG_STRATEGY_FACTORY_PLATFORM_SAEDV4TREATMENTDSLTELEMETRY_6D45D6FE_V1,ENGINE,STRATEGY_FACTORY_PLATFORM,EXCLUDED_PROTECTED_PLATFORM,0,100,True,False,False,sha256:ac3cd2b19ab60ffe9263898f1478045c9c3e3dc6438ffdca74b1b6e56fecd330
CHARPACKET_019891D0D3A868C1A89102D638DDC2E1,ENG_STRATEGY_FACTORY_PLATFORM_SAEDV4TREATMENTDSLTYPES_4C5CFD5B_V1,ENGINE,STRATEGY_FACTORY_PLATFORM,EXCLUDED_PROTECTED_PLATFORM,0,100,True,False,False,sha256:859ca6bcd7b2d89eca707435c06de5dbaa243a8d5f2b9d11eb3dd4e532744f8d
CHARPACKET_0E30E6DE98D1F12100F7DC0180845342,ENG_STRATEGY_FACTORY_PLATFORM_SAEDV4TREATMENTDSL_669B4E0A_V1,ENGINE,STRATEGY_FACTORY_PLATFORM,EXCLUDED_PROTECTED_PLATFORM,0,100,True,False,False,sha256:7f0dec8d2f23ce9871895248d5851e87cc17d7cf55eec862074f998bd7afa3ec
CHARPACKET_9C71ED58A06BE651C584E7759D61710C,ENG_STRATEGY_FACTORY_PLATFORM_SAED_V4_00_AUTHORITYSELFTEST_BD9CA11D_V1,ENGINE,STRATEGY_FACTORY_PLATFORM,EXCLUDED_PROTECTED_PLATFORM,15,100,True,False,False,sha256:d5244b0985bbe16394eb0f5ae11bf1b8cc18b43573f6eee5b26fe112c73c8d9e
CHARPACKET_65F863C817C7F2E02FDF337B4DCDE221,ENG_STRATEGY_FACTORY_PLATFORM_SAED_V4_00_CONSTITUTIONDIAGNOSTIC_23BCCAFB_V1,ENGINE,STRATEGY_FACTORY_PLATFORM,EXCLUDED_PROTECTED_PLATFORM,15,100,True,False,False,sha256:4e7aa632ec7ed9ede3477dd3a62deffbc7b5f82dca490332a65f40ce0e46956d
CHARPACKET_7E28CD28895079CD9DC6DC73E179C06E,ENG_STRATEGY_FACTORY_PLATFORM_SAED_V4_00_EVIDENCEFIREWALLSELFTEST_A89EB336_V1,ENGINE,STRATEGY_FACTORY_PLATFORM,EXCLUDED_PROTECTED_PLATFORM,15,100,True,False,False,sha256:1923645c14ce29087f049cd614bc942c8e41d8eeba6919034945733e61f08d2f
CHARPACKET_D37C2CC93035151CBE6629E57EDAD0FC,ENG_STRATEGY_FACTORY_PLATFORM_SAED_V4_12_ALL_54C70814_V1,ENGINE,STRATEGY_FACTORY_PLATFORM,EXCLUDED_PROTECTED_PLATFORM,0,100,True,False,False,sha256:6f8c9ea69ec2f083cf771a48c4f75f091ca0a749a7bc1e9b4bf8a3b6f1d64832
CHARPACKET_74C3A72EE5A3ED3417E72682E91D08B5,ENG_STRATEGY_FACTORY_PLATFORM_SAED_V4_12_AUTHORITY_64D27774_V1,ENGINE,STRATEGY_FACTORY_PLATFORM,EXCLUDED_PROTECTED_PLATFORM,0,100,True,False,False,sha256:1295f24134d079bdcdfe5b9d2c549a97682a8ba6c4dc806247b36de402a95254
CHARPACKET_C781550C414719D821A3AA62C5C29248,ENG_STRATEGY_FACTORY_PLATFORM_SAED_V4_12_CANONICAL_D49C479B_V1,ENGINE,STRATEGY_FACTORY_PLATFORM,EXCLUDED_PROTECTED_PLATFORM,0,100,True,False,False,sha256:9fe2cad80f24e81d2f2bae2977d0fe433e2722be21a7d669b98fa92bbdc27b29
CHARPACKET_D235A1EE56887D6D9C5AC63A773A5BCC,ENG_STRATEGY_FACTORY_PLATFORM_SAED_V4_12_CONTRACT_36242A25_V1,ENGINE,STRATEGY_FACTORY_PLATFORM,EXCLUDED_PROTECTED_PLATFORM,0,100,True,False,False,sha256:d8dbc41e2c072924828cdbdf1fe530a677b417dfd537bd3065bc7958a0bc49eb
CHARPACKET_000BFBEE25B334BDAC3B2D8B70EBF078,ENG_STRATEGY_FACTORY_PLATFORM_SAED_V4_12_DIAGONALSSM_B83A4035_V1,ENGINE,STRATEGY_FACTORY_PLATFORM,EXCLUDED_PROTECTED_PLATFORM,0,100,True,False,False,sha256:2c8ae53e0a08887a5281f0060b34a1e06adefbf65eaa31f3504e7dca52ab2d04
CHARPACKET_AF089DBBA2D892B1AB533BB695C9002E,ENG_STRATEGY_FACTORY_PLATFORM_SAED_V4_12_PARITY_7414AD93_V1,ENGINE,STRATEGY_FACTORY_PLATFORM,EXCLUDED_PROTECTED_PLATFORM,0,100,True,False,False,sha256:0e523e36fd564f0a66d9fb595e3d892b048a830e98c7b649d7553b5fd1804f31
CHARPACKET_7D444DA6F64D443D6C3C8BC962C28089,ENG_STRATEGY_FACTORY_PLATFORM_SAED_V4_12_RESET_E2B9A5BD_V1,ENGINE,STRATEGY_FACTORY_PLATFORM,EXCLUDED_PROTECTED_PLATFORM,0,100,True,False,False,sha256:e6aa055c1a08bcd8aee353ddd19be06ebb6bca176ac22c66a8bc47244843b3b6
CHARPACKET_1E808DA4EF3D053636D35895B64285A1,ENG_STRATEGY_FACTORY_PLATFORM_SAED_V4_12_SNAPSHOT_A7D7FEEA_V1,ENGINE,STRATEGY_FACTORY_PLATFORM,EXCLUDED_PROTECTED_PLATFORM,0,100,True,False,False,sha256:c0defe112fcab1e50d745bfaa6bc46207c0e8d1448e5c9922cc1257e138245ef
CHARPACKET_DE9ECE3E83BF92FE3BD1E94826D16A10,ENG_STRATEGY_FACTORY_PLATFORM_SAED_V4_12_TYPES_D828D887_V1,ENGINE,STRATEGY_FACTORY_PLATFORM,EXCLUDED_PROTECTED_PLATFORM,0,100,True,False,False,sha256:36a1e7fdba1e2184048fe01ac3c878911c699d80d699f03e3452d4109803a904
CHARPACKET_F129D86608E553837826A6FD8E4EF2F5,ENG_STRATEGY_FACTORY_PLATFORM_SF01_ALLCONTRACTS_781FFE95_V1,ENGINE,STRATEGY_FACTORY_PLATFORM,EXCLUDED_PROTECTED_PLATFORM,0,100,True,False,False,sha256:5c2c8f0cf3c69ebc6b82e494823bbe0c4f2119dd7edcc04d008a79eee45eb048
CHARPACKET_72A296690A5190FE8DD5147B8941D44D,ENG_STRATEGY_FACTORY_PLATFORM_SF01_ANATOMYEVENT_4542405F_V1,ENGINE,STRATEGY_FACTORY_PLATFORM,EXCLUDED_PROTECTED_PLATFORM,35,100,True,False,False,sha256:5b33cefc65b6b5165ef0d60dc344e9669913d2aa130fa100db2b2cc170cba599
CHARPACKET_570E6DD3E32267C8A03B8A65C6DCDEEA,ENG_STRATEGY_FACTORY_PLATFORM_SF01_ARTIFACTIDENTITY_E4F1A0A4_V1,ENGINE,STRATEGY_FACTORY_PLATFORM,EXCLUDED_PROTECTED_PLATFORM,0,100,True,False,False,sha256:8ff85653dc6922099287ef4d0dbca66afec0880b2a89a5171fe66f49e0e0753e
CHARPACKET_4CFB6D3AA2A80B40C4014B433D346C3A,ENG_STRATEGY_FACTORY_PLATFORM_SF01_BARRECORD_4E19EB49_V1,ENGINE,STRATEGY_FACTORY_PLATFORM,EXCLUDED_PROTECTED_PLATFORM,15,100,True,False,False,sha256:7c60ca001ef420dbc099e11bb8fa7a1d2a5b87b1b57622514c270d1fe200e607
CHARPACKET_51E7626D53CC2FE9EFDE47872F9B7D2D,ENG_STRATEGY_FACTORY_PLATFORM_SF01_CONTRACTCODECS_9D56C84D_V1,ENGINE,STRATEGY_FACTORY_PLATFORM,EXCLUDED_PROTECTED_PLATFORM,35,100,True,False,False,sha256:fdbdb684195ad2e624a428779b9126752eeb1be58e293ad2c5bd4c0bdbb83f3b
CHARPACKET_79D136883EA3647813892A1D01B211C9,ENG_STRATEGY_FACTORY_PLATFORM_SF01_CONTRACTREGISTRY_654B5426_V1,ENGINE,STRATEGY_FACTORY_PLATFORM,EXCLUDED_PROTECTED_PLATFORM,0,100,True,False,False,sha256:3d2af0a0ce87c8405c21b69cd156aac38abacebbfa97869560b6133d92d7c726
CHARPACKET_EE939F0E858D9D873A46CD64D59DDFC5,ENG_STRATEGY_FACTORY_PLATFORM_SF01_CONTRACTSELFTEST_362F28C1_V1,ENGINE,STRATEGY_FACTORY_PLATFORM,EXCLUDED_PROTECTED_PLATFORM,35,100,True,False,False,sha256:b88fd41e4ee42a66a474271b733f53d05246052f92860a15f90b88a90afd686a
CHARPACKET_A2D85410CB83385998F6CEBFC21A3909,ENG_STRATEGY_FACTORY_PLATFORM_SF01_CONTRACTVERSION_9B000BE6_V1,ENGINE,STRATEGY_FACTORY_PLATFORM,EXCLUDED_PROTECTED_PLATFORM,0,100,True,False,False,sha256:5c13a50b3717698a4df9895ee9b614ceb41210ee48fd061976294c97b65f4d4f
CHARPACKET_9FECDD409CDCB00CF762ACFCEEF2176F,ENG_STRATEGY_FACTORY_PLATFORM_SF01_ENUMS_B2551ECF_V1,ENGINE,STRATEGY_FACTORY_PLATFORM,EXCLUDED_PROTECTED_PLATFORM,0,100,True,False,False,sha256:19e347a7daf48f07b8f31a00cceb25936569276dd98a2f3642b8a4c183f44c47
CHARPACKET_4DCDA33324FFB16E7F8AF007E2F11F10,ENG_STRATEGY_FACTORY_PLATFORM_SF01_FEATURESNAPSHOT_7D6C5D2E_V1,ENGINE,STRATEGY_FACTORY_PLATFORM,EXCLUDED_PROTECTED_PLATFORM,0,100,True,False,False,sha256:5582085de99de6a3f3cacec49f0ab0ebf65fc44f346f3a011a9ea1005efa4cd0
CHARPACKET_F4894E76F57C84BFB0BE3250E5A678AC,ENG_STRATEGY_FACTORY_PLATFORM_SF01_FEATUREVALUE_2D7F5B7D_V1,ENGINE,STRATEGY_FACTORY_PLATFORM,EXCLUDED_PROTECTED_PLATFORM,0,100,True,False,False,sha256:bbc0c417152e79a7782dd10ae092b45dd417194b3045a2a39a76d976030ae5b8
CHARPACKET_E16343C43718230F4EEBA158E43D7815,ENG_STRATEGY_FACTORY_PLATFORM_SF01_HASH_0A80FF26_V1,ENGINE,STRATEGY_FACTORY_PLATFORM,EXCLUDED_PROTECTED_PLATFORM,0,100,True,False,False,sha256:59ed130e6c29e7a90b5d8a2df77d0cec72af319aa2dcbc26446564787533c79a
CHARPACKET_BE97C39EF6DCEECA93C3B40557F51482,ENG_STRATEGY_FACTORY_PLATFORM_SF01_MARKETTIMESTAMP_92312F03_V1,ENGINE,STRATEGY_FACTORY_PLATFORM,EXCLUDED_PROTECTED_PLATFORM,0,100,True,False,False,sha256:c2111df856fa23fcffbb21fbb78029f6e4cb42b9e50763c3b3281a34d742e139
CHARPACKET_E3F09805980DFDA70A45CA2BD1E7DF33,ENG_STRATEGY_FACTORY_PLATFORM_SF01_SCHEMAIDENTITY_6DFE910F_V1,ENGINE,STRATEGY_FACTORY_PLATFORM,EXCLUDED_PROTECTED_PLATFORM,0,100,True,False,False,sha256:108f555daed8d4983aeb57ab30053771e337634ffc79f94888dfa458b008dff2
CHARPACKET_D6BFE7FAED4D25D27B6762B719DD2251,ENG_STRATEGY_FACTORY_PLATFORM_SF01_STRINGCODEC_D5B72A48_V1,ENGINE,STRATEGY_FACTORY_PLATFORM,EXCLUDED_PROTECTED_PLATFORM,0,100,True,False,False,sha256:08a0ca180ae2f3feccb563bf7e7c3774a034a3d51de89ce7cd2ad9af47f09e62
CHARPACKET_67EA5BD045427FA1286D61DEDE98EDAC,ENG_STRATEGY_FACTORY_PLATFORM_SF02_ALLCORE_D77F8796_V1,ENGINE,STRATEGY_FACTORY_PLATFORM,EXCLUDED_PROTECTED_PLATFORM,0,100,True,False,False,sha256:edc0c79a0262537290228a64b23e977279ace46a16d5ba218570c9c697c3e9ee
CHARPACKET_F3712E4007331068C36D93031DE66D73,ENG_STRATEGY_FACTORY_PLATFORM_SF02_ALLNULLADAPTERS_54AC0898_V1,ENGINE,STRATEGY_FACTORY_PLATFORM,EXCLUDED_PROTECTED_PLATFORM,0,100,True,False,False,sha256:25f289c2f9f50bc7bdbc453ffa90308b2bfd6722616257a302db56903f0f8a9c
CHARPACKET_9B4E45C546D5C4BBD5C0AD65D3BE3D3E,ENG_STRATEGY_FACTORY_PLATFORM_SF02_ALLPORTS_58BEF458_V1,ENGINE,STRATEGY_FACTORY_PLATFORM,EXCLUDED_PROTECTED_PLATFORM,0,100,True,False,False,sha256:03b4747d423d09f8813563544065acbb4de5e6c6f5d4f9dd406bc92ceeebbfc2
CHARPACKET_AFEB7853A50A56C825C9B5745A37C33C,ENG_STRATEGY_FACTORY_PLATFORM_SF02_ALLRUNTIME_9E7D7D4B_V1,ENGINE,STRATEGY_FACTORY_PLATFORM,EXCLUDED_PROTECTED_PLATFORM,0,100,True,False,False,sha256:96319a934a5d1996750713e3c9bd3524bf134ccb8d6213e24b0d82e03023a0cf
CHARPACKET_E3196821E5C2BE680E5BD86CB9235639,ENG_STRATEGY_FACTORY_PLATFORM_SF02_ASSERT_3C43C7FA_V1,ENGINE,STRATEGY_FACTORY_PLATFORM,EXCLUDED_PROTECTED_PLATFORM,0,100,True,False,False,sha256:3efc3b90c40934bb60eff96414ba562b5e28e5a383db68022be9c3b3ed8240cc
CHARPACKET_F57253A9F83068AAB1F2D2D063DD0A0A,ENG_STRATEGY_FACTORY_PLATFORM_SF02_EVENTENVELOPE_BBF00B35_V1,ENGINE,STRATEGY_FACTORY_PLATFORM,EXCLUDED_PROTECTED_PLATFORM,0,100,True,False,False,sha256:aefc37a44eecff2a762a11635299ac82c3f72442bebf06e74c3d4fbb19353412
CHARPACKET_26C0B5C19444D7C8DF9BE9BEA7A8F81C,ENG_STRATEGY_FACTORY_PLATFORM_SF02_FIXTURESERVICES_75A62C96_V1,ENGINE,STRATEGY_FACTORY_PLATFORM,EXCLUDED_PROTECTED_PLATFORM,50,100,True,False,False,sha256:46ffc6d7e97e05385a81ede5596c18d3a9fab93a78501c780637a4a0b4bff1fb
CHARPACKET_B9ABE38EA210AD74487F43914CD10BC3,ENG_STRATEGY_FACTORY_PLATFORM_SF02_NOSENDEXECUTIONBOUNDARY_A349F9A3_V1,ENGINE,STRATEGY_FACTORY_PLATFORM,EXCLUDED_PROTECTED_PLATFORM,0,100,True,False,False,sha256:f9d0a53f95764b996f0cd09d1acbc52aa98cb5fc386b140c853669995f94f8f9
CHARPACKET_E09DA75B9F03FFAC36713B872E2A4464,ENG_STRATEGY_FACTORY_PLATFORM_SF02_NULLANATOMYPROVIDER_EED02930_V1,ENGINE,STRATEGY_FACTORY_PLATFORM,EXCLUDED_PROTECTED_PLATFORM,0,100,True,False,False,sha256:9d089fba17322e55d1432bf0dd07f8151affab351b145bfbedbd7b402de29853
CHARPACKET_FBC02156F8FDDC86B9C5573585231976,ENG_STRATEGY_FACTORY_PLATFORM_SF02_NULLFEATUREPROVIDER_4AB294A7_V1,ENGINE,STRATEGY_FACTORY_PLATFORM,EXCLUDED_PROTECTED_PLATFORM,0,100,True,False,False,sha256:1672dfa81b2b3d26d698e2021a56080fe04eee3863a7bd91273c605d1aa75e48
CHARPACKET_FD70BD35826579561193056619EB1669,ENG_STRATEGY_FACTORY_PLATFORM_SF02_PRINTRESULTSINK_A2199A68_V1,ENGINE,STRATEGY_FACTORY_PLATFORM,EXCLUDED_PROTECTED_PLATFORM,0,100,True,False,False,sha256:3ea07cb8707a6bd32b5a3c48c114dd6de4cc8d539075a4fff8e278485574f508
CHARPACKET_2F1E28B03F7E22C7A8AAF40BBAE9706B,ENG_STRATEGY_FACTORY_PLATFORM_SF02_RUNTIMECONFIG_D80860C2_V1,ENGINE,STRATEGY_FACTORY_PLATFORM,EXCLUDED_PROTECTED_PLATFORM,25,100,True,False,False,sha256:9aa0063401eaed210d0ea1b24a7dbce92506e2227d8881ff99940febc157c8d7
CHARPACKET_0115F8516A9973C262A3EB8DCDEAD9AB,ENG_STRATEGY_FACTORY_PLATFORM_SF02_RUNTIMEENUMS_74241983_V1,ENGINE,STRATEGY_FACTORY_PLATFORM,EXCLUDED_PROTECTED_PLATFORM,0,100,True,False,False,sha256:e233952231d61df6a3a41098a7fd897a8764df53bff0faafa3486de177f07ac5
CHARPACKET_7DA65346665B0DB941C2F9FD615DCD39,ENG_STRATEGY_FACTORY_PLATFORM_SF02_RUNTIMESELFTEST_66CB1B77_V1,ENGINE,STRATEGY_FACTORY_PLATFORM,EXCLUDED_PROTECTED_PLATFORM,0,100,True,False,False,sha256:331dae29903f232c571791bbac0967d5d438d497e339e98128193a0a8d778518
CHARPACKET_3508C7DAC285224DB9A9048D903A6EC5,ENG_STRATEGY_FACTORY_PLATFORM_SF02_RUNTIMESTATE_D6B555D5_V1,ENGINE,STRATEGY_FACTORY_PLATFORM,EXCLUDED_PROTECTED_PLATFORM,0,100,True,False,False,sha256:909f2eb948104e4edc73aa2aca002df46048f3a137c745dbb1cb9a5f95257782
CHARPACKET_BA23C907157C86D4CE5424720AEF2BFC,ENG_STRATEGY_FACTORY_PLATFORM_SF02_RUNTIMEVERSION_8C099735_V1,ENGINE,STRATEGY_FACTORY_PLATFORM,EXCLUDED_PROTECTED_PLATFORM,0,100,True,False,False,sha256:6ad1cb8464cba1d294d59d9a21ca7ca8dab3798b69b064606075bbc5ccaf5546
CHARPACKET_A0C49694BA108630107EDBD024AA21A3,ENG_STRATEGY_FACTORY_PLATFORM_SF02_SERVICEHEALTH_4868CF1C_V1,ENGINE,STRATEGY_FACTORY_PLATFORM,EXCLUDED_PROTECTED_PLATFORM,0,100,True,False,False,sha256:af3bc9a60cb3f0272d5105ca56edc10116bd26aceb3fb5e8776c19b78e42e8f1
CHARPACKET_34156D482D6E3803270FDE1C5A645B32,ENG_STRATEGY_FACTORY_PLATFORM_SF02_SERVICEREGISTRY_C04A13F0_V1,ENGINE,STRATEGY_FACTORY_PLATFORM,EXCLUDED_PROTECTED_PLATFORM,0,100,True,False,False,sha256:423a8785eb8a563442f56b43799311da966e34ae2869cf527e47eee773d6f0d2
CHARPACKET_3FA3FF638D52B9D428F46644060A87BF,ENG_STRATEGY_FACTORY_PLATFORM_SF02_STRATEGYHOST_EC780845_V1,ENGINE,STRATEGY_FACTORY_PLATFORM,EXCLUDED_PROTECTED_PLATFORM,25,100,True,False,False,sha256:3bac2854cc925ae1607bcbe3d6cf5d47874d5f7e7818adf4bc0d5572c8a1cea9
CHARPACKET_0950AABF82C375BF9C9FD7E00C9E21BB,ENG_STRATEGY_FACTORY_PLATFORM_SF02_STRATEGYRUNTIME_3C5FC0C7_V1,ENGINE,STRATEGY_FACTORY_PLATFORM,EXCLUDED_PROTECTED_PLATFORM,40,100,True,False,False,sha256:dbb2f84d6a7c8d83a3e85206d39d37c81645211e4c8315f253015af6f7a8bd0a
CHARPACKET_B6589A012537241FFC183B05C52A9335,ENG_STRATEGY_FACTORY_PLATFORM_SF02_TERMINALCLOCK_50FCC781_V1,ENGINE,STRATEGY_FACTORY_PLATFORM,EXCLUDED_PROTECTED_PLATFORM,35,100,True,False,False,sha256:9b6a4063a614a63476d496f32596ecfc5e76f19fd9a19a7738aeab09d9328d11
CHARPACKET_A1063D40168DF1FB81928589F7FD25AD,ENG_STRATEGY_FACTORY_PLATFORM_SF02_TYPEDEVENTBUS_80782DE2_V1,ENGINE,STRATEGY_FACTORY_PLATFORM,EXCLUDED_PROTECTED_PLATFORM,0,100,True,False,False,sha256:5012dd0001c5a8c4dba85a019e54ab5fd14597aeba336f6681ed9021d6ae8f4c
CHARPACKET_9B9FD83CE8A35DABAA839B8FF2A899E5,ENG_STRATEGY_FACTORY_PLATFORM_SF03_ALLMARKET_FC559591_V1,ENGINE,STRATEGY_FACTORY_PLATFORM,EXCLUDED_PROTECTED_PLATFORM,0,100,True,False,False,sha256:088e3039331f94e94c4400309ad2c58f0ac244c3e5c57fc29cdc69b7c2199d06
CHARPACKET_7B62FD540AA812056813F1DD6FCD0A3E,ENG_STRATEGY_FACTORY_PLATFORM_SF03_BARCACHE_52E7CF3F_V1,ENGINE,STRATEGY_FACTORY_PLATFORM,EXCLUDED_PROTECTED_PLATFORM,15,100,True,False,False,sha256:1bc294c6889a1a89f1bea1bb86a45b99c01759cb0b12f3e9a4d0ad4b52f043e1
CHARPACKET_219F7CBC62DD0F0D9CB06833A7E86D62,ENG_STRATEGY_FACTORY_PLATFORM_SF03_FIXTUREMARKETSOURCE_BAA3D5D7_V1,ENGINE,STRATEGY_FACTORY_PLATFORM,EXCLUDED_PROTECTED_PLATFORM,15,100,True,False,False,sha256:24b06ed8cc5023375315fd21eb82391658c42ed5584cbb1052f753ef5f11d65a
CHARPACKET_F7FA518230898CD7E60E28F4E192A9F5,ENG_STRATEGY_FACTORY_PLATFORM_SF03_MARKETDATASERVICE_F5656183_V1,ENGINE,STRATEGY_FACTORY_PLATFORM,EXCLUDED_PROTECTED_PLATFORM,30,100,True,False,False,sha256:e07c112dd7a9b3a9fc05f638bbc908669b1a93ed239e67e8ce1667086e6265d5
CHARPACKET_19A8704DDB57CD140548F02AEFEBC326,ENG_STRATEGY_FACTORY_PLATFORM_SF03_MARKETENUMS_291311F0_V1,ENGINE,STRATEGY_FACTORY_PLATFORM,EXCLUDED_PROTECTED_PLATFORM,0,100,True,False,False,sha256:8bcf40551043e714d4375459c6db4cdd16370513bc2668acda16e66601630770
CHARPACKET_952926A75BD41A1894146FD6A8BDB03D,ENG_STRATEGY_FACTORY_PLATFORM_SF03_MARKETSERVICEBUNDLE_099BEB2A_V1,ENGINE,STRATEGY_FACTORY_PLATFORM,EXCLUDED_PROTECTED_PLATFORM,20,100,True,False,False,sha256:ad0c48b117bc2d19424fb31d1da4f0172bfcfd53782daba099768883429da985
CHARPACKET_5835D24BB5E48DD81419D184C29B041A,ENG_STRATEGY_FACTORY_PLATFORM_SF03_MARKETSERVICESDIAGNOSTIC_B0E60C77_V1,ENGINE,STRATEGY_FACTORY_PLATFORM,EXCLUDED_PROTECTED_PLATFORM,40,100,True,False,False,sha256:2c459d467897ef9b073b0cea9252e007f31a75960fa077292db05338a5c215b3
CHARPACKET_28007B8C8E583F0871EF2CC86E48BA5C,ENG_STRATEGY_FACTORY_PLATFORM_SF03_MARKETSERVICESSELFTEST_077774D2_V1,ENGINE,STRATEGY_FACTORY_PLATFORM,EXCLUDED_PROTECTED_PLATFORM,100,100,True,False,False,sha256:8cf8f8765575b0f68eb65dc12d9043687adfbb3da1c0765525b9068356e0200e
CHARPACKET_D7CE8228F844AFA307A2C8560BD3BB15,ENG_STRATEGY_FACTORY_PLATFORM_SF03_MARKETTELEMETRY_7409FB9A_V1,ENGINE,STRATEGY_FACTORY_PLATFORM,EXCLUDED_PROTECTED_PLATFORM,0,100,True,False,False,sha256:28ac76a71d55ad2439ba99abea08507936b8367e8adef9a14022494878ce56a5
CHARPACKET_CA4088DF36D593567F0EB9D139C6D201,ENG_STRATEGY_FACTORY_PLATFORM_SF03_MARKETTYPES_B7BC6A3C_V1,ENGINE,STRATEGY_FACTORY_PLATFORM,EXCLUDED_PROTECTED_PLATFORM,35,100,True,False,False,sha256:73fe06286c5948810a2eb0aea1e50082e3a2f0f434ba3affe70fc9a0243531bd
CHARPACKET_DFB6C2014D526CFBD12E003C59878148,ENG_STRATEGY_FACTORY_PLATFORM_SF03_MARKETVERSION_75CE84FE_V1,ENGINE,STRATEGY_FACTORY_PLATFORM,EXCLUDED_PROTECTED_PLATFORM,0,100,True,False,False,sha256:cdc818cf599df9251927a02710258b3afc67c7bdb43b6b0497722672be6a7191
CHARPACKET_57675C9CE7A026390E0FA047C50C70D7,ENG_STRATEGY_FACTORY_PLATFORM_SF03_MULTISYMBOLSYNC_6A442C17_V1,ENGINE,STRATEGY_FACTORY_PLATFORM,EXCLUDED_PROTECTED_PLATFORM,45,100,True,False,False,sha256:b37be838a86b0dc15b3621508dbe701e8131f04c27c96cd3238dc0ac3a55ce55
CHARPACKET_2AA91EDFDBFC45A925E4F023CE640B6B,ENG_STRATEGY_FACTORY_PLATFORM_SF03_NEWBARTRACKER_7968DC40_V1,ENGINE,STRATEGY_FACTORY_PLATFORM,EXCLUDED_PROTECTED_PLATFORM,15,100,True,False,False,sha256:546671d322a25a99bbb30c99e114cd6b4931ac93e05ec59f34db672046a85d33
CHARPACKET_ABF5CB587F36CE40C82C58A26304104D,ENG_STRATEGY_FACTORY_PLATFORM_SF03_SESSIONSCHEDULE_8BB27646_V1,ENGINE,STRATEGY_FACTORY_PLATFORM,EXCLUDED_PROTECTED_PLATFORM,20,100,True,False,False,sha256:b6680fc8b9f8010ca0bfef14828f87d194c65d8700bf3a6ba939391c2ec2ae76
CHARPACKET_813AE62713A8CB5C2CE2E23AE12C5B99,ENG_STRATEGY_FACTORY_PLATFORM_SF03_SYMBOLSPECCACHE_DDA32200_V1,ENGINE,STRATEGY_FACTORY_PLATFORM,EXCLUDED_PROTECTED_PLATFORM,0,100,True,False,False,sha256:86eaa6bf3d9378a71c98de972f13e362da100719866a751aed714c8d64c194c2
CHARPACKET_CA78A148FB4A12017E6C09990FF87A3E,ENG_STRATEGY_FACTORY_PLATFORM_SF03_TERMINALMARKETSOURCE_BAECF2C9_V1,ENGINE,STRATEGY_FACTORY_PLATFORM,EXCLUDED_PROTECTED_PLATFORM,30,100,True,False,False,sha256:b85e764adc0d6f7b2affc5bd77bf477753403820d15a552272179a29afaf616a
CHARPACKET_CF0214A050F4AD749A00CCE0A252D980,ENG_STRATEGY_FACTORY_PLATFORM_SF03_TICKCACHE_EE88AAA1_V1,ENGINE,STRATEGY_FACTORY_PLATFORM,EXCLUDED_PROTECTED_PLATFORM,30,100,True,False,False,sha256:1d40e183f9cc32d3ed29b495e112ee343876dfc48cbe9cb666bf7d1b7b479318
CHARPACKET_7A79B7C79CDB805E18C63F07D81F7908,ENG_STRATEGY_FACTORY_PLATFORM_SF03_TIMEKERNEL_AA8EF53E_V1,ENGINE,STRATEGY_FACTORY_PLATFORM,EXCLUDED_PROTECTED_PLATFORM,35,100,True,False,False,sha256:4f99efc7a48b96fd38f8f8c127abb212eb2a47956151c5c11bb21286d011259e
CHARPACKET_2D45551B88396EA78347ABFB98C70A7E,ENG_STRATEGY_FACTORY_PLATFORM_SF03_TIMEMATH_8A1B2209_V1,ENGINE,STRATEGY_FACTORY_PLATFORM,EXCLUDED_PROTECTED_PLATFORM,0,100,True,False,False,sha256:858c696ab77d1aab58753002eddb793ccac21b4d72f27938da9e0ded3f6b3e59
CHARPACKET_A355C76DB7512615D6BDAF144906A0C3,ENG_STRATEGY_FACTORY_PLATFORM_SF04_ALLPLUGINS_5945972E_V1,ENGINE,STRATEGY_FACTORY_PLATFORM,EXCLUDED_PROTECTED_PLATFORM,0,100,True,False,False,sha256:96c02d15202ab5654f067e04e913c86f4c64d4a93768242f75ded1afb42ea509
CHARPACKET_6F9A2F33088EDF22306AC5FE2BB76E2E,ENG_STRATEGY_FACTORY_PLATFORM_SF04_ANATOMYEVENTQUEUE_6BD902BF_V1,ENGINE,STRATEGY_FACTORY_PLATFORM,EXCLUDED_PROTECTED_PLATFORM,0,100,True,False,False,sha256:3242645012af17208283d7e152477be55b2248c0b8953a0aeeb9774de3231355
CHARPACKET_7B369E9B7BC75E3326BA9C253696E46E,ENG_STRATEGY_FACTORY_PLATFORM_SF04_ANATOMYPLUGINBASE_7E8AD279_V1,ENGINE,STRATEGY_FACTORY_PLATFORM,EXCLUDED_PROTECTED_PLATFORM,25,100,True,False,False,sha256:2e39abfc04992c62b5fea1c13915f502d3441fddd135155660f60522684bdecd
CHARPACKET_357EA3485C2A96F777FA723E53D2083B,ENG_STRATEGY_FACTORY_PLATFORM_SF04_DATAREQUIREMENT_967F597D_V1,ENGINE,STRATEGY_FACTORY_PLATFORM,EXCLUDED_PROTECTED_PLATFORM,15,100,True,False,False,sha256:bbe72fa435cc873e412a6d0347d34dfc974e6f038c8c7b42c6991c533ef06581
CHARPACKET_602D070FCF53D3817A28730A9DEFB37C,ENG_STRATEGY_FACTORY_PLATFORM_SF04_FIXTUREPULSEFACTORY_8E30B0AE_V1,ENGINE,STRATEGY_FACTORY_PLATFORM,EXCLUDED_PROTECTED_PLATFORM,0,100,True,False,False,sha256:bace262b797befdc7c2a6a331a59fa6f7176996e51b56cabbedb13058ab535b9
CHARPACKET_91B5DDEE3E23AA821D26C8476D32F726,ENG_STRATEGY_FACTORY_PLATFORM_SF04_FIXTUREPULSEPLUGIN_C55C4FB2_V1,ENGINE,STRATEGY_FACTORY_PLATFORM,EXCLUDED_PROTECTED_PLATFORM,50,100,True,False,False,sha256:45f04777734328130935582e725173bbacaaa2ebaa49c1d01fd9be3a574d3e9c
CHARPACKET_A82F0B26D95460E33D57C3DF61A6F987,ENG_STRATEGY_FACTORY_PLATFORM_SF04_PLUGINDESCRIPTOR_5BAEDAEC_V1,ENGINE,STRATEGY_FACTORY_PLATFORM,EXCLUDED_PROTECTED_PLATFORM,0,100,True,False,False,sha256:f26e58037089452150fdd9f7b65c4b406a9962860fd5b919f440458c0e64f492
CHARPACKET_41A641ABDA9E08A3A24B03B22AAF0A5E,ENG_STRATEGY_FACTORY_PLATFORM_SF04_PLUGINENUMS_57D493D1_V1,ENGINE,STRATEGY_FACTORY_PLATFORM,EXCLUDED_PROTECTED_PLATFORM,0,100,True,False,False,sha256:98c9cb5df6ccb858ae7bdedc14c7060e99e7eba7691ef3c776b9dc0de0f47399
CHARPACKET_1666D6306A3EBEBB1B315C1C1E25218B,ENG_STRATEGY_FACTORY_PLATFORM_SF04_PLUGINMETADATAFEATUREPROVIDER_41782F32_V1,ENGINE,STRATEGY_FACTORY_PLATFORM,EXCLUDED_PROTECTED_PLATFORM,0,100,True,False,False,sha256:7816037bce7359edffb812122d8b744692f5f824ee4ee449e986e034da75c962
CHARPACKET_8C4FCBB750FB75F33F261B1C8F3176F9,ENG_STRATEGY_FACTORY_PLATFORM_SF04_PLUGINREGISTRYDIAGNOSTIC_F83AE108_V1,ENGINE,STRATEGY_FACTORY_PLATFORM,EXCLUDED_PROTECTED_PLATFORM,45,100,True,False,False,sha256:5bc67426f34203c8a96e11e824660e7ab13da5423aed0b4b6e8cf53d1b1200d2
CHARPACKET_871F7647C1AC5F5D49BA2332791D5D9B,ENG_STRATEGY_FACTORY_PLATFORM_SF04_PLUGINREGISTRYSELFTEST_D1A2A335_V1,ENGINE,STRATEGY_FACTORY_PLATFORM,EXCLUDED_PROTECTED_PLATFORM,30,100,True,False,False,sha256:a508eb80706a2d76f6e1d8a13ad0733850cfa899da0dd66be42675558a288e97
CHARPACKET_381FD20F3936507A284E2F9569EC67D8,ENG_STRATEGY_FACTORY_PLATFORM_SF04_PLUGINREGISTRY_961C1895_V1,ENGINE,STRATEGY_FACTORY_PLATFORM,EXCLUDED_PROTECTED_PLATFORM,0,100,True,False,False,sha256:77bf7216de53316cbdb678ad17672e9dd4268474a8bf0aae1ea039179686ad2e
CHARPACKET_8C2EC5EDD1EC5E1017B320E235399F7F,ENG_STRATEGY_FACTORY_PLATFORM_SF04_PLUGINREQUIREMENTS_31D1A9B1_V1,ENGINE,STRATEGY_FACTORY_PLATFORM,EXCLUDED_PROTECTED_PLATFORM,0,100,True,False,False,sha256:34ab7906bd10265fcca73d32263aa0f4f741b09ffe6f48f33dee1a0eb73de3ce
CHARPACKET_CB82926E8574FE4619D5F8FE875CCD64,ENG_STRATEGY_FACTORY_PLATFORM_SF04_PLUGINSELECTION_E28278CE_V1,ENGINE,STRATEGY_FACTORY_PLATFORM,EXCLUDED_PROTECTED_PLATFORM,0,100,True,False,False,sha256:a33834a4c2b35f06d368fe359b0c2090794f3dad10be66aa9c6f06a12c4a86f5
CHARPACKET_0240B7D71C8BCF0CF16B9FA2ED433B2A,ENG_STRATEGY_FACTORY_PLATFORM_SF04_PLUGINSTARTUPVALIDATOR_F2168776_V1,ENGINE,STRATEGY_FACTORY_PLATFORM,EXCLUDED_PROTECTED_PLATFORM,30,100,True,False,False,sha256:d4f26a5fa7d4034f9a54f570b2f110c5b9476c8d6219f576a8d05a8c6577680a
CHARPACKET_14BDFA7E685CB7B199EB10AA09C41C83,ENG_STRATEGY_FACTORY_PLATFORM_SF04_PLUGINTELEMETRY_A9571783_V1,ENGINE,STRATEGY_FACTORY_PLATFORM,EXCLUDED_PROTECTED_PLATFORM,25,100,True,False,False,sha256:6795bb75a21401ef0c5841eb75ba05576e1d99c9cd5d36eb1fa58c0210a5009f
CHARPACKET_C5D888F451E3012CFEDA5FC43D464FD6,ENG_STRATEGY_FACTORY_PLATFORM_SF04_PLUGINVERSION_D2B4F75A_V1,ENGINE,STRATEGY_FACTORY_PLATFORM,EXCLUDED_PROTECTED_PLATFORM,0,100,True,False,False,sha256:4fd1b4bc403e7460f21b49258e45d0d89a3a83992ca71c151877df133a956727
CHARPACKET_093B0AD582527E4F32ECB0CD5BE4FC8E,ENG_STRATEGY_FACTORY_PLATFORM_SF04_STRATEGYHOST_55FE8AC5_V1,ENGINE,STRATEGY_FACTORY_PLATFORM,EXCLUDED_PROTECTED_PLATFORM,70,100,True,False,False,sha256:bc3c0952006a694225f33fd0bab04e335a4732882368254a513cac223732fdfa
CHARPACKET_531FD572E235F6763A0F48B1C663447D,ENG_STRATEGY_FACTORY_PLATFORM_SF05_ALLGENERATION_31E181C2_V1,ENGINE,STRATEGY_FACTORY_PLATFORM,EXCLUDED_PROTECTED_PLATFORM,0,100,True,False,False,sha256:d2e278f963e6e3cb78be8a4256bc8ad5519dbe3461f38f6f83ee20ed85c4ee7b
CHARPACKET_181CA276C0ACA44531AF386015B87BB9,ENG_STRATEGY_FACTORY_PLATFORM_SF05_APPENDONLYMEMORYSINK_CC25CF11_V1,ENGINE,STRATEGY_FACTORY_PLATFORM,EXCLUDED_PROTECTED_PLATFORM,0,100,True,False,False,sha256:1e16a6f96be350e7fda8d188435874628fed68109c206280c0cbec7dac3837e6
CHARPACKET_FE202055544B29114E21325E3BE6BB14,ENG_STRATEGY_FACTORY_PLATFORM_SF05_ARTIFACTCATALOG_0AC579CF_V1,ENGINE,STRATEGY_FACTORY_PLATFORM,EXCLUDED_PROTECTED_PLATFORM,0,100,True,False,False,sha256:620688e217ccffda4a310d8aae82c99ea568aec88922ccff26d36b3e21493b65
CHARPACKET_43BE4BF4E916BE4BE49C33DDCCD52065,ENG_STRATEGY_FACTORY_PLATFORM_SF05_COMPOSITERESULTSINK_3BF7CC8F_V1,ENGINE,STRATEGY_FACTORY_PLATFORM,EXCLUDED_PROTECTED_PLATFORM,0,100,True,False,False,sha256:1a0ce2e8adbc143d2a2b216369202c5cf214314d23aa8877ab52b8929f100bfc
CHARPACKET_DCF32C372B28C3CBCD5B35FFA07B51E5,ENG_STRATEGY_FACTORY_PLATFORM_SF05_ENVELOPEFACTORY_D4E3C4A2_V1,ENGINE,STRATEGY_FACTORY_PLATFORM,EXCLUDED_PROTECTED_PLATFORM,0,100,True,False,False,sha256:dfd4d429723ef4aaa4c9652b771463fbc672883d8524ab6a99cb78c7190d628f
CHARPACKET_CD3EADAE84C8ABFA3C8A642309B06032,ENG_STRATEGY_FACTORY_PLATFORM_SF05_GENERATIONBUNDLE_86ED399D_V1,ENGINE,STRATEGY_FACTORY_PLATFORM,EXCLUDED_PROTECTED_PLATFORM,0,100,True,False,False,sha256:c31792fd366e19c160fe18052b5d1414aad00aae39ba95c044972b24caef60b2
CHARPACKET_F17D647E8E052BC892D6263F4137ABD9,ENG_STRATEGY_FACTORY_PLATFORM_SF05_GENERATIONCOMPILER_A2269CCE_V1,ENGINE,STRATEGY_FACTORY_PLATFORM,EXCLUDED_PROTECTED_PLATFORM,15,100,True,False,False,sha256:4dd1f85e3d770f263ad29d59300a9d78d1a034e1793197d0f64f1b0b548305b4
CHARPACKET_19B1AAEB903C5C60A5AC9327031344BA,ENG_STRATEGY_FACTORY_PLATFORM_SF05_GENERATIONDIAGNOSTIC_C35D33C5_V1,ENGINE,STRATEGY_FACTORY_PLATFORM,EXCLUDED_PROTECTED_PLATFORM,0,100,True,False,False,sha256:8d0a48d5af2987b80f695e0f2ccde0f06908f8dfe4e5652b30fc9dd353740f27
CHARPACKET_6A26F31C19A1CD78FB963DB97A1983B6,ENG_STRATEGY_FACTORY_PLATFORM_SF05_GENERATIONENUMS_86F06B6D_V1,ENGINE,STRATEGY_FACTORY_PLATFORM,EXCLUDED_PROTECTED_PLATFORM,0,100,True,False,False,sha256:d5bbef3f295cd4a730196a6bb689490bc698eccf5e2c56e1e5f814cd409b5275
CHARPACKET_ADCED1B5862B1C1A079920C0E29DDEA5,ENG_STRATEGY_FACTORY_PLATFORM_SF05_GENERATIONMANAGER_97D4C1BB_V1,ENGINE,STRATEGY_FACTORY_PLATFORM,EXCLUDED_PROTECTED_PLATFORM,0,100,True,False,False,sha256:9618a0495f05f07723c351d2736d4c41e1839b874bccd8f83da282ed8b264e27
CHARPACKET_FD27F71B8760812923FC1814985851BE,ENG_STRATEGY_FACTORY_PLATFORM_SF05_JSONLRESULTSINK_7539B5FE_V1,ENGINE,STRATEGY_FACTORY_PLATFORM,EXCLUDED_PROTECTED_PLATFORM,35,100,True,False,False,sha256:aeccde31b23a8f804cb52089f253f2f6440e3e11d559938458caee3baf1c89f6
CHARPACKET_7B76C1CA43C03094F332E22C417D9975,ENG_STRATEGY_FACTORY_PLATFORM_SF05_RESULTENVELOPE_9896DD97_V1,ENGINE,STRATEGY_FACTORY_PLATFORM,EXCLUDED_PROTECTED_PLATFORM,0,100,True,False,False,sha256:7102ee4381f61a74304c7095545878f476b24e40f812f73741d4fbc37eca3767
CHARPACKET_CF555D9D946B6E1847A3F3FC954BA7B3,ENG_STRATEGY_FACTORY_PLATFORM_SF05_RESULTSINKCONFIG_25B41435_V1,ENGINE,STRATEGY_FACTORY_PLATFORM,EXCLUDED_PROTECTED_PLATFORM,0,100,True,False,False,sha256:3ce07e79129f8b0c16d7f9135dcc7514a11fa6438e5902f058d6300aa1d4a7bc
CHARPACKET_84812D2F4ECDC7332808C9913E63CE29,ENG_STRATEGY_FACTORY_PLATFORM_SF05_RUNMANIFEST_D053A1EB_V1,ENGINE,STRATEGY_FACTORY_PLATFORM,EXCLUDED_PROTECTED_PLATFORM,0,100,True,False,False,sha256:64fc03f3a6495dd406c0cb6df3d8637f8084d3056abf0a9d73277e2e830c6b36
CHARPACKET_8E772E77BE166F2B75E22CE7C9FB98ED,ENG_STRATEGY_FACTORY_PLATFORM_SF05_RUNTIMEGENERATIONSELFTEST_94AAC1E7_V1,ENGINE,STRATEGY_FACTORY_PLATFORM,EXCLUDED_PROTECTED_PLATFORM,30,100,True,False,False,sha256:d2f608862efba1dfd6b885b0f6f20277eb0eb7dda623337dba6a4d65087f47d2
CHARPACKET_ACF2437F398F32FF193EE1B25CD01915,ENG_STRATEGY_FACTORY_PLATFORM_SF05_RUNTIMEGENERATION_EB3CE838_V1,ENGINE,STRATEGY_FACTORY_PLATFORM,EXCLUDED_PROTECTED_PLATFORM,0,100,True,False,False,sha256:3aae6bde9fab2e856c91b2835a12ce737641e4daa2eb65cf2cecc27c2e465df4
CHARPACKET_E182309DEE0BAE65522C0CB4718CC435,ENG_STRATEGY_FACTORY_PLATFORM_SF05_STRATEGYHOST_491EF2DB_V1,ENGINE,STRATEGY_FACTORY_PLATFORM,EXCLUDED_PROTECTED_PLATFORM,55,100,True,False,False,sha256:05a5bf65f5e8106e547dd22858ba6608e33e5d8d83c414ebd3260d287fd781f3
CHARPACKET_E044F1609331BD7DCE19E33E3165F6A9,ENG_STRATEGY_FACTORY_PLATFORM_SF06_ALLANATOMY_4440DBE9_V1,ENGINE,STRATEGY_FACTORY_PLATFORM,EXCLUDED_PROTECTED_PLATFORM,0,100,True,False,False,sha256:5ea7a95cbc8f162606bbdee794c75ff213dbafa8e7c4827bcfaadff537feee8e
CHARPACKET_863236D58384DA6AF7B4064911C2AB72,ENG_STRATEGY_FACTORY_PLATFORM_SF06_ANATOMYENUMS_43EBA2D7_V1,ENGINE,STRATEGY_FACTORY_PLATFORM,EXCLUDED_PROTECTED_PLATFORM,0,100,True,False,False,sha256:ea142cbcb0868d579bdb097d6554ee4662ac20e635cd3d54e01e60c924e45735
CHARPACKET_A0273776AC76A525045C7A274E590DAC,ENG_STRATEGY_FACTORY_PLATFORM_SF06_ANATOMYOBSERVATION_B035C46A_V1,ENGINE,STRATEGY_FACTORY_PLATFORM,EXCLUDED_PROTECTED_PLATFORM,15,100,True,False,False,sha256:c2332ff93d84850a872017e16dc52ef546fd80e54702f32627842492c57505e2
CHARPACKET_4EE2B78D8FF5470F1781E5E551473369,ENG_STRATEGY_FACTORY_PLATFORM_SF06_EVENTBUILDER_20AE2776_V1,ENGINE,STRATEGY_FACTORY_PLATFORM,EXCLUDED_PROTECTED_PLATFORM,35,100,True,False,False,sha256:c6cd7eb3be064e598ae42491865cb6a68684e1fca9b584eb68e8a0b3bbbdbc61
CHARPACKET_D5F2D6CE48EE296CE65AD4B17B7CB265,ENG_STRATEGY_FACTORY_PLATFORM_SF06_EVENTLIFECYCLE_E87B0579_V1,ENGINE,STRATEGY_FACTORY_PLATFORM,EXCLUDED_PROTECTED_PLATFORM,0,100,True,False,False,sha256:4d4ec09284d54dca8b27bb87cb45a7f46154506af9b7e7cab8fa8b80b2d347de
CHARPACKET_2B966EC42056952D72A091F74D6A9F0B,ENG_STRATEGY_FACTORY_PLATFORM_SF06_GOLDENLEDGER_22D9BDB7_V1,ENGINE,STRATEGY_FACTORY_PLATFORM,EXCLUDED_PROTECTED_PLATFORM,0,100,True,False,False,sha256:d77ffd00222d0d4d3e56c1a685fad94954e259fda5a905dcd29d7002a0f5e66e
CHARPACKET_697FB50C9C367D2C6D0846EEDDFB9141,ENG_STRATEGY_FACTORY_PLATFORM_SF06_REFERENCEANATOMYDIAGNOSTIC_C4B32F56_V1,ENGINE,STRATEGY_FACTORY_PLATFORM,EXCLUDED_PROTECTED_PLATFORM,0,100,True,False,False,sha256:555147252c569833d44c15b6c1e48e034c6110fe26e875ceac9ce0406cdb99fa
CHARPACKET_9854E062E7E1939C6BB0054C0724ABC4,ENG_STRATEGY_FACTORY_PLATFORM_SF06_REFERENCEANATOMYSELFTEST_9A5E97AF_V1,ENGINE,STRATEGY_FACTORY_PLATFORM,EXCLUDED_PROTECTED_PLATFORM,35,100,True,False,False,sha256:3e0ef5661407da02e2a5893b1ec54b18de0c0b599a8ebe66dfdf7f32b63e25f3
CHARPACKET_8A383826A7E60EA7CC3153C9A47AF3F6,ENG_STRATEGY_FACTORY_PLATFORM_SF06_REFERENCESWEEPFACTORY_628547DB_V1,ENGINE,STRATEGY_FACTORY_PLATFORM,EXCLUDED_PROTECTED_PLATFORM,0,100,True,False,False,sha256:97b33aea627f1529498ce3e18a238bd217214bbf98362c8ad980f583b2ce24c3
CHARPACKET_48D05114757C82D4FA76F4367BA619BD,ENG_STRATEGY_FACTORY_PLATFORM_SF06_REFERENCESWEEPPLUGIN_962060B5_V1,ENGINE,STRATEGY_FACTORY_PLATFORM,EXCLUDED_PROTECTED_PLATFORM,35,100,True,False,False,sha256:3febb67183b35e78eb9cd9023707d71b0de1e650a850a498595f892c12eb200d
CHARPACKET_12C8DB1897457566AF7773FD13D817D2,ENG_STRATEGY_FACTORY_PLATFORM_SF06_STRATEGYHOST_677089FC_V1,ENGINE,STRATEGY_FACTORY_PLATFORM,EXCLUDED_PROTECTED_PLATFORM,55,100,True,False,False,sha256:9fe66fd9d2d07796cc416ec068d0d24c15618060d6992aa89fc9084d45651b4d
CHARPACKET_D402CDF330FDCB7EDA5663436EFA8F52,ENG_STRATEGY_FACTORY_PLATFORM_SF07_ALLCONTEXT_47BD4926_V1,ENGINE,STRATEGY_FACTORY_PLATFORM,EXCLUDED_PROTECTED_PLATFORM,0,100,True,False,False,sha256:b51f52967d9e7274a60ec4803008d77804ffaa07b398853cc0778696af984142
CHARPACKET_6E9DC0F10389DE9EE2CDFC51F5AAC90F,ENG_STRATEGY_FACTORY_PLATFORM_SF07_CONTEXTDIAGNOSTIC_ACD28866_V1,ENGINE,STRATEGY_FACTORY_PLATFORM,EXCLUDED_PROTECTED_PLATFORM,0,100,True,False,False,sha256:728d0c5705d09e3e14befa7c21a18eea9b833320e6951175ce705f7ededcddf5
CHARPACKET_5703BF64CF22104F543681D8A9D84272,ENG_STRATEGY_FACTORY_PLATFORM_SF07_CONTEXTENGINESELFTEST_3A904C71_V1,ENGINE,STRATEGY_FACTORY_PLATFORM,EXCLUDED_PROTECTED_PLATFORM,35,100,True,False,False,sha256:d75c559ca8acafda65a00d3c18365a25fb350299a0d3408e61748da3bfdc8e7a
CHARPACKET_C3832D69B8A9BCCDF919F1470AEDCFBF,ENG_STRATEGY_FACTORY_PLATFORM_SF07_CONTEXTENGINE_CA4E082C_V1,ENGINE,STRATEGY_FACTORY_PLATFORM,EXCLUDED_PROTECTED_PLATFORM,0,100,True,False,False,sha256:d7063aba91a95cdb96e902f20955e2def2ced7c2341a53c2f08d6a0daa3b9098
CHARPACKET_F7E59A5EF74A59ED5D353088A5E88FA4,ENG_STRATEGY_FACTORY_PLATFORM_SF07_CONTEXTENUMS_F375E384_V1,ENGINE,STRATEGY_FACTORY_PLATFORM,EXCLUDED_PROTECTED_PLATFORM,25,100,True,False,False,sha256:5bd42cb8373c3d5f8234e720622d691fc20ad2833d5aba0563b55f6004bd5712
CHARPACKET_C2F6A7FD9B87AEA3E5D98AA03371BEE7,ENG_STRATEGY_FACTORY_PLATFORM_SF07_CONTEXTFRAME_7342FDB2_V1,ENGINE,STRATEGY_FACTORY_PLATFORM,EXCLUDED_PROTECTED_PLATFORM,0,100,True,False,False,sha256:bc9815273acc541c45b00491a9eeea32f8ba3acb393686847cb89f4632c992f2
CHARPACKET_D5412F3D5B732AA14872AFF18BFB0368,ENG_STRATEGY_FACTORY_PLATFORM_SF07_CONTEXTSTATE_CDB67735_V1,ENGINE,STRATEGY_FACTORY_PLATFORM,EXCLUDED_PROTECTED_PLATFORM,0,100,True,False,False,sha256:0cac09d804e8702de80c24920432335327d8842879af000e97d1a927a18944a6
CHARPACKET_A602C96C6C8A1F21D16B154DECCFC531,ENG_STRATEGY_FACTORY_PLATFORM_SF07_CONTEXTTELEMETRY_B9B465DE_V1,ENGINE,STRATEGY_FACTORY_PLATFORM,EXCLUDED_PROTECTED_PLATFORM,0,100,True,False,False,sha256:af45bd26cb3a45b507b942ad04cefb52efb9f836c06210843dd129df47e9aba0
CHARPACKET_AE317A7212E0C8C80093F7BE28C13550,ENG_STRATEGY_FACTORY_PLATFORM_SF07_CONVICTIONSEEDNODE_07525D96_V1,ENGINE,STRATEGY_FACTORY_PLATFORM,EXCLUDED_PROTECTED_PLATFORM,0,100,True,False,False,sha256:9324feda5e6aea9d704c13b4b3299d7c4575ddcf054604a454ea6ddf396bff0e
CHARPACKET_2EE422E99E11B1F6002E866C9B5D5562,ENG_STRATEGY_FACTORY_PLATFORM_SF07_EVENTDIRECTIONNODE_E994DC16_V1,ENGINE,STRATEGY_FACTORY_PLATFORM,EXCLUDED_PROTECTED_PLATFORM,0,100,True,False,False,sha256:7bbfd09d3fb8f5884ad842bfa826415467c32b8b439ebd37fc796bdcf1382739
CHARPACKET_6FBD98AF4391896CE5F0EDF616450448,ENG_STRATEGY_FACTORY_PLATFORM_SF07_FEATUREDESCRIPTOR_6EED7FCF_V1,ENGINE,STRATEGY_FACTORY_PLATFORM,EXCLUDED_PROTECTED_PLATFORM,0,100,True,False,False,sha256:933f2df402bf38623189a1b1f48a64f3703632faaa3151f656cb1f2895eba4e6
CHARPACKET_6EE723298A59A87F25B32C841EBEE998,ENG_STRATEGY_FACTORY_PLATFORM_SF07_FEATUREREGISTRY_1EC26C8F_V1,ENGINE,STRATEGY_FACTORY_PLATFORM,EXCLUDED_PROTECTED_PLATFORM,0,100,True,False,False,sha256:32859cc3fe676119cce032df980b48b3d71084acd9ca4ecb06e3fbaefdb61ecb
CHARPACKET_93D56195B52480D1645F4F73299940A0,ENG_STRATEGY_FACTORY_PLATFORM_SF07_FEATUREVECTOR_E7A42BED_V1,ENGINE,STRATEGY_FACTORY_PLATFORM,EXCLUDED_PROTECTED_PLATFORM,0,100,True,False,False,sha256:b98b81d8acf4033250e6c2bae4e23d523703877858a508991e1d59c5e59f0541
CHARPACKET_9D2320274D9440BAA67999CD9C23E475,ENG_STRATEGY_FACTORY_PLATFORM_SF07_FIXTUREFEATUREPACK_A2DDD528_V1,ENGINE,STRATEGY_FACTORY_PLATFORM,EXCLUDED_PROTECTED_PLATFORM,0,100,True,False,False,sha256:41626f2a2e10c25bba4f20ed3f91a700a9cc74d09f9e070369ad91c2dc47f157
CHARPACKET_AF39C307D996D9C2914B2917E7B000D2,ENG_STRATEGY_FACTORY_PLATFORM_SF07_NORMALIZEDRISKNODE_481EA781_V1,ENGINE,STRATEGY_FACTORY_PLATFORM,EXCLUDED_PROTECTED_PLATFORM,0,100,True,False,False,sha256:271058e7dd9431d1c75fbc37d7c6f96aedb14001ea7dd3a1d1f7bb09058db1a8
CHARPACKET_E30449B0319C244A3854DFC839626B12,ENG_STRATEGY_FACTORY_PLATFORM_SF07_REFERENCEMAGNITUDENODE_02165EF2_V1,ENGINE,STRATEGY_FACTORY_PLATFORM,EXCLUDED_PROTECTED_PLATFORM,0,100,True,False,False,sha256:9c6500feb6990d77be5e1ec9b61878f3d57ea211654d3ce31fd34af60e72d00b
CHARPACKET_9836425A2EE76E2C88FE4FDBF3D067F0,ENG_STRATEGY_FACTORY_PLATFORM_SF07_RISKDISTANCENODE_E195AEEC_V1,ENGINE,STRATEGY_FACTORY_PLATFORM,EXCLUDED_PROTECTED_PLATFORM,0,100,True,False,False,sha256:3685ec2ff845cfd9acadcd60f2c797bfd259395a9ba76a0dcf0d06c094eb9973
CHARPACKET_068F72FAD9E0B964A608D37DE9A304AA,ENG_STRATEGY_FACTORY_PLATFORM_SF07_STRATEGYHOST_DDE2BFFD_V1,ENGINE,STRATEGY_FACTORY_PLATFORM,EXCLUDED_PROTECTED_PLATFORM,55,100,True,False,False,sha256:7bf4b9978889d8c0886493e1acf8dcc43f6534efa53462ff89be2aa3bb026f76
CHARPACKET_2F540D5D49094075574BF64D150F9B7A,ENG_STRATEGY_FACTORY_PLATFORM_SF08_ALLCANDIDATE_18BFBEB3_V1,ENGINE,STRATEGY_FACTORY_PLATFORM,EXCLUDED_PROTECTED_PLATFORM,0,100,True,False,False,sha256:e512a1ad04792b9cafda3b49bf1191c5a9a220398a4931a625592d68baf53311
CHARPACKET_BAB2C828B1E9318ED22CD45CFE730D7F,ENG_STRATEGY_FACTORY_PLATFORM_SF08_ANATOMYINVALIDATIONSTOP_8F423820_V1,ENGINE,STRATEGY_FACTORY_PLATFORM,EXCLUDED_PROTECTED_PLATFORM,0,100,True,False,False,sha256:4d1e073de4ad473d2dbf523db2b1266dcf579ad10f306bac2d5d7c002347359d
CHARPACKET_D3707779F9364BC6780421733012E4F3,ENG_STRATEGY_FACTORY_PLATFORM_SF08_BUFFEREDINVALIDATIONSTOP_71499594_V1,ENGINE,STRATEGY_FACTORY_PLATFORM,EXCLUDED_PROTECTED_PLATFORM,20,100,True,False,False,sha256:c68d0946c3fdf02fd26c0a0c39e5369e97f34b1bd409dde21d10199f910efcc0
CHARPACKET_7CA498B2225335D448549A93790F68CE,ENG_STRATEGY_FACTORY_PLATFORM_SF08_CANDIDATEDIAGNOSTIC_ECA90F36_V1,ENGINE,STRATEGY_FACTORY_PLATFORM,EXCLUDED_PROTECTED_PLATFORM,0,100,True,False,False,sha256:688742d2014385025bf90ba093541292bffaa75f47fbf679e509de9931985bcf
CHARPACKET_9494F2184D93F05B083B244C97E3AA82,ENG_STRATEGY_FACTORY_PLATFORM_SF08_CANDIDATEENGINESELFTEST_C10CC03C_V1,ENGINE,STRATEGY_FACTORY_PLATFORM,EXCLUDED_PROTECTED_PLATFORM,35,100,True,False,False,sha256:fa849f65f0b02d7eca27001d382f6f30619186fbbe2160283002dd22dc8fc16c
CHARPACKET_664CC219A36A69EE3C0D6821C0CDF915,ENG_STRATEGY_FACTORY_PLATFORM_SF08_CANDIDATEENGINE_F51DE7DB_V1,ENGINE,STRATEGY_FACTORY_PLATFORM,EXCLUDED_PROTECTED_PLATFORM,0,100,True,False,False,sha256:efae6eb235d236f94b09bc4ea9d93162566ab6b1404e316f848cf29a6a637e89
CHARPACKET_1118D709E535E29508B687A539A29B21,ENG_STRATEGY_FACTORY_PLATFORM_SF08_CANDIDATEENUMS_3A39699F_V1,ENGINE,STRATEGY_FACTORY_PLATFORM,EXCLUDED_PROTECTED_PLATFORM,0,100,True,False,False,sha256:bd9eb96ddfc9d44e74275a7a99f16036dc7eb89f5bb9f1ef23cbd47b8da9f4d5
CHARPACKET_87DDDD21525205841B99142639D93411,ENG_STRATEGY_FACTORY_PLATFORM_SF08_CANDIDATEMATRIXPLAN_D46DC231_V1,ENGINE,STRATEGY_FACTORY_PLATFORM,EXCLUDED_PROTECTED_PLATFORM,0,100,True,False,False,sha256:0117ff2430d5f034c248d9dae15d8fbce6c44d1122168ed7f4c5024519438613
CHARPACKET_9D5898F0056BB572A11FAF71C5408F13,ENG_STRATEGY_FACTORY_PLATFORM_SF08_CANDIDATEQUEUE_72129BD5_V1,ENGINE,STRATEGY_FACTORY_PLATFORM,EXCLUDED_PROTECTED_PLATFORM,20,100,True,False,False,sha256:751ebb281cba61f03c75f62ab7c97c9f3bab6f9a8d1f4972e316c7fa48e68ffd
CHARPACKET_EDC7EE555345FF4230FCFBD791236D0E,ENG_STRATEGY_FACTORY_PLATFORM_SF08_CANDIDATETELEMETRY_8AB7A0AD_V1,ENGINE,STRATEGY_FACTORY_PLATFORM,EXCLUDED_PROTECTED_PLATFORM,0,100,True,False,False,sha256:000d755181dacb9b97499c31e218945fb93b0f2b2928b86c0a13f83ad763365c
CHARPACKET_A6E4A4BE72A5691DC1DA5F08307F5FA3,ENG_STRATEGY_FACTORY_PLATFORM_SF08_CANDIDATETEMPLATE_D426B940_V1,ENGINE,STRATEGY_FACTORY_PLATFORM,EXCLUDED_PROTECTED_PLATFORM,0,100,True,False,False,sha256:68abbb157a2b23c376f7c1a6ae409ef2a41c846ce9187f04a9372ff384516456
CHARPACKET_54DE16A0A789E193DD7CE6B7DD67708B,ENG_STRATEGY_FACTORY_PLATFORM_SF08_CONFIRMATIONMARKETENTRY_9444A552_V1,ENGINE,STRATEGY_FACTORY_PLATFORM,EXCLUDED_PROTECTED_PLATFORM,20,100,True,False,False,sha256:0da9772b6930f744eb65308dad52451dff8892bee689f7b9b29914ea1d4e5b96
CHARPACKET_9152B8F914FABA795E96FBC41A88C691,ENG_STRATEGY_FACTORY_PLATFORM_SF08_FEATUREACCESS_6EFAF359_V1,ENGINE,STRATEGY_FACTORY_PLATFORM,EXCLUDED_PROTECTED_PLATFORM,0,100,True,False,False,sha256:3215939e2a1a2cd5da1f1b0117e2624cd5f9e650077d931acde63c65698ee2f5
CHARPACKET_4AA497E175E7846EDD62BBA739DB6447,ENG_STRATEGY_FACTORY_PLATFORM_SF08_FIXEDREXIT_82495BD1_V1,ENGINE,STRATEGY_FACTORY_PLATFORM,EXCLUDED_PROTECTED_PLATFORM,20,100,True,False,False,sha256:c0485c0df60d4f9fd7cc800c5b2ffc50e19c38351d39dc3cdd15847370e5b67b
CHARPACKET_63318FCF4A3BB847471F37D74C88D569,ENG_STRATEGY_FACTORY_PLATFORM_SF08_FIXTUREPOLICYPACK_08129F35_V1,ENGINE,STRATEGY_FACTORY_PLATFORM,EXCLUDED_PROTECTED_PLATFORM,20,100,True,False,False,sha256:f2058c9e8590e05de71475f2e159e34fb2607077e2b3deafaedccd1f7748a196
CHARPACKET_67F53058045B5D26E4C1C7D575798A5A,ENG_STRATEGY_FACTORY_PLATFORM_SF08_PLANS_8CC19DC7_V1,ENGINE,STRATEGY_FACTORY_PLATFORM,EXCLUDED_PROTECTED_PLATFORM,0,100,True,False,False,sha256:1599e8315743e03f611a5bd37b7c1dde25d974eb4cf9f40caca45beeda01fd05
CHARPACKET_9B410275799070F520F19ED4A74EA8B8,ENG_STRATEGY_FACTORY_PLATFORM_SF08_POLICYDESCRIPTOR_641108DF_V1,ENGINE,STRATEGY_FACTORY_PLATFORM,EXCLUDED_PROTECTED_PLATFORM,0,100,True,False,False,sha256:7e3da42c38f2640084d27385a197f31a9d60b12689d1e9cac489f379aa48ba90
CHARPACKET_B34EB5A8728A997ECCD1B714929AE59F,ENG_STRATEGY_FACTORY_PLATFORM_SF08_POLICYPARAMETERS_57DE10D8_V1,ENGINE,STRATEGY_FACTORY_PLATFORM,EXCLUDED_PROTECTED_PLATFORM,0,100,True,False,False,sha256:7593e067209c3c614945d30b79b12cde98ec9b9a528a3965550fd5c46705de9b
CHARPACKET_7AE3A7DD121CACE7BD7D264785EAE8B2,ENG_STRATEGY_FACTORY_PLATFORM_SF08_POLICYREGISTRY_0C963641_V1,ENGINE,STRATEGY_FACTORY_PLATFORM,EXCLUDED_PROTECTED_PLATFORM,0,100,True,False,False,sha256:d21cab14f0cadb1e79e00fb7ca71b85bffc37bfb6072913f3d3159d7b6e3f5cb
CHARPACKET_4D9C86E26D1690B38FF2E26BC676AFAB,ENG_STRATEGY_FACTORY_PLATFORM_SF08_REFERENCELIMITENTRY_35B57F12_V1,ENGINE,STRATEGY_FACTORY_PLATFORM,EXCLUDED_PROTECTED_PLATFORM,20,100,True,False,False,sha256:a273e552a383d368c2f74bbb17317c9fa5652c9c7e60d65cecb88ddc5bfecfb7
CHARPACKET_F56F9FB1117847FDE018B2738E520F4D,ENG_STRATEGY_FACTORY_PLATFORM_SF08_STRATEGYHOST_865F3D9D_V1,ENGINE,STRATEGY_FACTORY_PLATFORM,EXCLUDED_PROTECTED_PLATFORM,0,100,True,False,False,sha256:f345da22c6cabae1e02aa88204768c40d313089a5649ad0b0135e651f43d62ea
CHARPACKET_56A1E2A434317B884036B0A3C073D33E,ENG_STRATEGY_FACTORY_PLATFORM_SF08_TIMEONLYEXIT_C0B20285_V1,ENGINE,STRATEGY_FACTORY_PLATFORM,EXCLUDED_PROTECTED_PLATFORM,20,100,True,False,False,sha256:25e4ad9f109693ba3d63faf97789a27925f6008f350451b4c5ee25cbf0e97abd
CHARPACKET_FE5C07E268C8D018B389017EF86C1621,ENG_STRATEGY_FACTORY_PLATFORM_SF08_TRADECANDIDATE_A62A9BA7_V1,ENGINE,STRATEGY_FACTORY_PLATFORM,EXCLUDED_PROTECTED_PLATFORM,0,100,True,False,False,sha256:50de269648b7f0f6c0e2acf79ecc4e7f180dd7ca908a899c5152421f3011116b
CHARPACKET_329185A5B10995EDE350B711D1139E60,ENG_STRATEGY_FACTORY_PLATFORM_SF09_ALLOUTCOME_F35D32A9_V1,ENGINE,STRATEGY_FACTORY_PLATFORM,EXCLUDED_PROTECTED_PLATFORM,0,100,True,False,False,sha256:96766dec1d47e3223087a3ece2243ae038e889160eb4dde796d4f8191ba06af4
CHARPACKET_1FA70B37097159E32DBA7198F6A9D2B8,ENG_STRATEGY_FACTORY_PLATFORM_SF09_CANDIDATERUNTIME_780810DD_V1,ENGINE,STRATEGY_FACTORY_PLATFORM,EXCLUDED_PROTECTED_PLATFORM,0,100,True,False,False,sha256:98a7d1aba962750302b1545012fa6810f545858c5b6e2c9d4a9585af1bc63fc2
CHARPACKET_DA5973AFCFED24C4300D6232FAAD00F6,ENG_STRATEGY_FACTORY_PLATFORM_SF09_COSTMODEL_97C17E5A_V1,ENGINE,STRATEGY_FACTORY_PLATFORM,EXCLUDED_PROTECTED_PLATFORM,0,100,True,False,False,sha256:753e47de95b1421c1196cd7e93f23f43471e98eeda98089b8557c3bf93e2239c
CHARPACKET_CBD6F7C262C1E781046DB1188F3A1750,ENG_STRATEGY_FACTORY_PLATFORM_SF09_COSTREGISTRY_D8E03DB0_V1,ENGINE,STRATEGY_FACTORY_PLATFORM,EXCLUDED_PROTECTED_PLATFORM,0,100,True,False,False,sha256:caf229bb4b27cd2a1149bcac0aac8ba75642c39a5f42cd9d8d87673e65c036e4
CHARPACKET_77255883BC55BDE29B01840B95B0BBB6,ENG_STRATEGY_FACTORY_PLATFORM_SF09_OUTCOMECODECS_2321948B_V1,ENGINE,STRATEGY_FACTORY_PLATFORM,EXCLUDED_PROTECTED_PLATFORM,0,100,True,False,False,sha256:c339479dbf580165a01f9dcb1bb651a74e1fde90e486a3800d634d14ee32bea9
CHARPACKET_204976FC3F374D3CAA73D18993674E9B,ENG_STRATEGY_FACTORY_PLATFORM_SF09_OUTCOMEDIAGNOSTIC_953FC8F5_V1,ENGINE,STRATEGY_FACTORY_PLATFORM,EXCLUDED_PROTECTED_PLATFORM,0,100,True,False,False,sha256:cbd41222352befa076f867c13b7c6ac0e9f6bf67c7a1254d518d341fe54f493b
CHARPACKET_57C02F9D28F6D34F2C25CD2AADA4E792,ENG_STRATEGY_FACTORY_PLATFORM_SF09_OUTCOMEENGINESELFTEST_D81BB502_V1,ENGINE,STRATEGY_FACTORY_PLATFORM,EXCLUDED_PROTECTED_PLATFORM,0,100,True,False,False,sha256:0936d732da774453316e11b932d84a3695d04529592c74aef3c6d86f65f4ce5e
CHARPACKET_663719C83677CB6BA6B1F10C3CEC2071,ENG_STRATEGY_FACTORY_PLATFORM_SF09_OUTCOMEENGINE_1AD6F964_V1,ENGINE,STRATEGY_FACTORY_PLATFORM,EXCLUDED_PROTECTED_PLATFORM,0,100,True,False,False,sha256:65adbfa4e12f56c71a4817fd91994ad2023808e5e3307d0059fc9b00ebfbcb01
CHARPACKET_469A943BDA26398815B4D3262B2523F4,ENG_STRATEGY_FACTORY_PLATFORM_SF09_OUTCOMEENUMS_1DA357A7_V1,ENGINE,STRATEGY_FACTORY_PLATFORM,EXCLUDED_PROTECTED_PLATFORM,0,100,True,False,False,sha256:dc6b686da81d26226005186f9fcda339aee580c3cb458f35938dc73d03e181d6
CHARPACKET_E0993E046A3F620FD1BBDA709A023A57,ENG_STRATEGY_FACTORY_PLATFORM_SF09_OUTCOMEFIXTURES_E68CD003_V1,ENGINE,STRATEGY_FACTORY_PLATFORM,EXCLUDED_PROTECTED_PLATFORM,0,100,True,False,False,sha256:1b1dee8f2225185911e825b179784dc72087fa5269dea3cc6416ed2bb82b379e
CHARPACKET_F650ED1047216C58DF3F58603C52CA54,ENG_STRATEGY_FACTORY_PLATFORM_SF09_OUTCOMEQUEUE_1F7256FB_V1,ENGINE,STRATEGY_FACTORY_PLATFORM,EXCLUDED_PROTECTED_PLATFORM,0,100,True,False,False,sha256:c3809aa8bff53ee5c8180e54a646ae842dddb20ad3d4a66a55a493f0406c4b06
CHARPACKET_FA02A07AF5E7ECD12695FA9F66F102F0,ENG_STRATEGY_FACTORY_PLATFORM_SF09_OUTCOMERECORD_260FB683_V1,ENGINE,STRATEGY_FACTORY_PLATFORM,EXCLUDED_PROTECTED_PLATFORM,0,100,True,False,False,sha256:a94485e5bbefe45abb5b244003ee111fcef9f8d8a2adaea0cbb6158c1af58e61
CHARPACKET_389D59FA7AB709F2B696660BBF853B9F,ENG_STRATEGY_FACTORY_PLATFORM_SF09_OUTCOMETELEMETRY_C1FD23DB_V1,ENGINE,STRATEGY_FACTORY_PLATFORM,EXCLUDED_PROTECTED_PLATFORM,0,100,True,False,False,sha256:f15f6875fa5b73f260723b8cb4f3d299b66a568db701d7fa896fc879af5439c7
CHARPACKET_882216CC2B740F3ED878C54DF8C64A7D,ENG_STRATEGY_FACTORY_PLATFORM_SF09_PATHTRACKER_2081F8E9_V1,ENGINE,STRATEGY_FACTORY_PLATFORM,EXCLUDED_PROTECTED_PLATFORM,0,100,True,False,False,sha256:29aeac1708843995ed0e341257bda74126185b8e73da89c77c49417a0b39358f
CHARPACKET_423A32AAB09EE33E83E279DA85DAF7E0,ENG_STRATEGY_FACTORY_PLATFORM_SF09_PRICEOBSERVATION_D4577D28_V1,ENGINE,STRATEGY_FACTORY_PLATFORM,EXCLUDED_PROTECTED_PLATFORM,0,100,True,False,False,sha256:531e399a6cc724dc9268337a724e465d02eb961118af77d47269d16d49907698
CHARPACKET_FCFA15A8642C3DB5DD30939DB6350959,ENG_STRATEGY_FACTORY_PLATFORM_SF09_SIMULATIONPOLICY_35FC48D7_V1,ENGINE,STRATEGY_FACTORY_PLATFORM,EXCLUDED_PROTECTED_PLATFORM,0,100,True,False,False,sha256:7dec282d308954798a7f66e1c932c680a8b12061f277e29a5da8135a530b1245
CHARPACKET_4BCA65C9EB2986A3C423C17C6A1DA75D,ENG_STRATEGY_FACTORY_PLATFORM_SF09_STRATEGYHOST_70DB1B01_V1,ENGINE,STRATEGY_FACTORY_PLATFORM,EXCLUDED_PROTECTED_PLATFORM,0,100,True,False,False,sha256:5abf46c9a5c07f79951ed09409155a283186fd82328784cddaaa01c7309f5a0d
CHARPACKET_95836BF368F5294BD934A5D4DF2CD205,ENG_STRATEGY_FACTORY_PLATFORM_SF10_ALLRESEARCH_1CF74861_V1,ENGINE,STRATEGY_FACTORY_PLATFORM,EXCLUDED_PROTECTED_PLATFORM,0,100,True,False,False,sha256:c34e96fce47dfb86d8a037b7b1bcd159de64af30002548328ba60f1a283e8e6c
CHARPACKET_7787F798E3FA6D268F0E295614B2CF6E,ENG_STRATEGY_FACTORY_PLATFORM_SF10_CUSTOMOBJECTIVE_1D46BF7B_V1,ENGINE,STRATEGY_FACTORY_PLATFORM,EXCLUDED_PROTECTED_PLATFORM,0,100,True,False,False,sha256:77154e506a2b9301ec013c5ed0955bcbc7733a1e7f915e8905e7a647a4913cde
CHARPACKET_466A879148A578E4648BE1482471D66A,ENG_STRATEGY_FACTORY_PLATFORM_SF10_DIFFERENTIALCOMPARATOR_F795E895_V1,ENGINE,STRATEGY_FACTORY_PLATFORM,EXCLUDED_PROTECTED_PLATFORM,0,100,True,False,False,sha256:9292678b27bef49b5e31023995f7c60350881507921b717919acc5a07527eed3
CHARPACKET_5D20B0B915F33C2E1716DE7439FC6FE7,ENG_STRATEGY_FACTORY_PLATFORM_SF10_FIDELITYPRESET_013BD947_V1,ENGINE,STRATEGY_FACTORY_PLATFORM,EXCLUDED_PROTECTED_PLATFORM,0,100,True,False,False,sha256:6db216acf2a257a65a475ac048a612f7c8734e9e5faa5c608b591f65c221d0fd
CHARPACKET_3290A43698477ED982E83AFFEC721DBC,ENG_STRATEGY_FACTORY_PLATFORM_SF10_OPTIMIZATIONFRAMES_323BB9EE_V1,ENGINE,STRATEGY_FACTORY_PLATFORM,EXCLUDED_PROTECTED_PLATFORM,0,100,True,False,False,sha256:a7b34760c341c1e067d194cf51b87f106c2968a02c2045b5a79b0f2cf6de48c2
CHARPACKET_1016A9194DAB3DEDAEDBF3715D7F1844,ENG_STRATEGY_FACTORY_PLATFORM_SF10_PASSSUMMARY_2EAAAB09_V1,ENGINE,STRATEGY_FACTORY_PLATFORM,EXCLUDED_PROTECTED_PLATFORM,20,100,True,False,False,sha256:98cc8cec387d424e1e558a3cebf341fe359613c84878d80c1710310417673910
CHARPACKET_C81BEE75D7B205F0A67829F9BA9AB473,ENG_STRATEGY_FACTORY_PLATFORM_SF10_RESEARCHDIAGNOSTIC_54BF3756_V1,ENGINE,STRATEGY_FACTORY_PLATFORM,EXCLUDED_PROTECTED_PLATFORM,0,100,True,False,False,sha256:e63910bb48c3325862148744c06d60d93e710cec8a181bc4c32b750ed9aee47e
CHARPACKET_BEEC4C12F61EBE5882F8D434A00542C0,ENG_STRATEGY_FACTORY_PLATFORM_SF10_RESEARCHENUMS_5B356F83_V1,ENGINE,STRATEGY_FACTORY_PLATFORM,EXCLUDED_PROTECTED_PLATFORM,0,100,True,False,False,sha256:e9933ef4cbd67294d66b192f0371870ae9524a7cd5f7ebaac5576e237884b418
CHARPACKET_9B5A43440B321CD6C5868305D4F3FF84,ENG_STRATEGY_FACTORY_PLATFORM_SF10_RESEARCHHARNESSSELFTEST_12976C94_V1,ENGINE,STRATEGY_FACTORY_PLATFORM,EXCLUDED_PROTECTED_PLATFORM,0,100,True,False,False,sha256:dd6b32e5a3a661eb96a8d525168179adb4f3f8c58ed58f9008a3d2f5a0c57470
CHARPACKET_03086C8609AE8CB3ADEFE6ECE6556C3A,ENG_STRATEGY_FACTORY_PLATFORM_SF10_RESEARCHHARNESS_02AF6EEA_V1,ENGINE,STRATEGY_FACTORY_PLATFORM,EXCLUDED_PROTECTED_PLATFORM,0,100,True,False,False,sha256:50f254bd3cf5baa7a57b5b502dd5e12d4451fb57e476bc046520c0db3cfecfc3
CHARPACKET_9ACA0E8FB544B628EF16C87594A1CC6A,ENG_STRATEGY_FACTORY_PLATFORM_SF10_RESEARCHMETRICS_44D89E10_V1,ENGINE,STRATEGY_FACTORY_PLATFORM,EXCLUDED_PROTECTED_PLATFORM,0,100,True,False,False,sha256:d05871c2387990de847783f2d7a2105ebd2a9812dc065dfa24b5a80458c57da8
CHARPACKET_A25C0EDEDF645213FF3CDE972535178C,ENG_STRATEGY_FACTORY_PLATFORM_SF10_RESEARCHTELEMETRY_56911629_V1,ENGINE,STRATEGY_FACTORY_PLATFORM,EXCLUDED_PROTECTED_PLATFORM,0,100,True,False,False,sha256:b48d46ecc3c9f40b0e009d7b7f4a827c0650b7a1fdd2c1f553615c9457ddf2ad
CHARPACKET_94209ECBE3735830649419DF85775F6A,ENG_STRATEGY_FACTORY_PLATFORM_SF10_RUNMANIFEST_2567F699_V1,ENGINE,STRATEGY_FACTORY_PLATFORM,EXCLUDED_PROTECTED_PLATFORM,15,100,True,False,False,sha256:fc16b73f0185200ac993b69509944fb10d9d1055a9313e2fbc2a826364fcc0b2
CHARPACKET_55E0C0F7BEECE7BEBDDE6F90F3684134,ENG_STRATEGY_FACTORY_PLATFORM_SF10_SELECTEDPASSCOLLECTOR_AC63F91C_V1,ENGINE,STRATEGY_FACTORY_PLATFORM,EXCLUDED_PROTECTED_PLATFORM,35,100,True,False,False,sha256:cf1f7cd4b6ae784aee5637b4015984b622fb5b8082a75b1f3c6474d912184898
CHARPACKET_B4A1B806F3599AE04CF79DB769963EC7,ENG_STRATEGY_FACTORY_PLATFORM_SF10_STRATEGYTESTERRESEARCHHOST_769F3321_V1,ENGINE,STRATEGY_FACTORY_PLATFORM,EXCLUDED_PROTECTED_PLATFORM,15,100,True,False,False,sha256:9a071080d7fdd2dbdf11aafd8b97cfa26560cde52b723473e3cc192eae6a021e
CHARPACKET_3B822BD77814E08F0D1CBE54C1EB0B12,ENG_STRATEGY_FACTORY_PLATFORM_SF11_ALLSTATISTICS_5968F23D_V1,ENGINE,STRATEGY_FACTORY_PLATFORM,EXCLUDED_PROTECTED_PLATFORM,0,100,True,False,False,sha256:804da04ca09b3d8b0d8c68d1744ba53f7d75af0be454e3234399191129c112fc
CHARPACKET_62B2DEBAADB12ECFA6369A4B26BCA1A4,ENG_STRATEGY_FACTORY_PLATFORM_SF11_BOUNDEDQUANTILES_D23BDEA8_V1,ENGINE,STRATEGY_FACTORY_PLATFORM,EXCLUDED_PROTECTED_PLATFORM,0,100,True,False,False,sha256:0fec56ee7d594c7f6ebbb6c620cfa91d9c1abdc0bf5d50f1fd751abf6f34d660
CHARPACKET_880A946169B3C7333CE0A77F44675D5D,ENG_STRATEGY_FACTORY_PLATFORM_SF11_CONFIDENCEINTERVAL_99AB12DE_V1,ENGINE,STRATEGY_FACTORY_PLATFORM,EXCLUDED_PROTECTED_PLATFORM,0,100,True,False,False,sha256:4fc9e810bb85a5a255ce43d2a95dd60d8fdd4034f0dff6c1383a9f3a875355e2
CHARPACKET_37A85237CD42BC79A3282D774957BA08,ENG_STRATEGY_FACTORY_PLATFORM_SF11_GROUPACCUMULATOR_A06D2415_V1,ENGINE,STRATEGY_FACTORY_PLATFORM,EXCLUDED_PROTECTED_PLATFORM,0,100,True,False,False,sha256:d993b3821e7f282891a84b7697b3784dd47c83efaee6cde3822b8adf094626a2
CHARPACKET_E4BE68BAB197C6D991231F695669B86A,ENG_STRATEGY_FACTORY_PLATFORM_SF11_MATCHEDNULLENGINE_F061BCDF_V1,ENGINE,STRATEGY_FACTORY_PLATFORM,EXCLUDED_PROTECTED_PLATFORM,0,100,True,False,False,sha256:b61a7e25ea4c69b72356412824c16a6e2bd390b59e4349f60dc0f6595f2fd914
CHARPACKET_11F0E5CCD918B201F5274CBCFB0F1EA5,ENG_STRATEGY_FACTORY_PLATFORM_SF11_MATCHEDNULL_83188247_V1,ENGINE,STRATEGY_FACTORY_PLATFORM,EXCLUDED_PROTECTED_PLATFORM,0,100,True,False,False,sha256:0c37efe03b7928918efe6a79702c63340703f0b656d8e1414f2dd4c17035fb79
CHARPACKET_9B9F78DF91989F6DB3E4B6E25CFFE67A,ENG_STRATEGY_FACTORY_PLATFORM_SF11_REPORTMANIFEST_8C8823FB_V1,ENGINE,STRATEGY_FACTORY_PLATFORM,EXCLUDED_PROTECTED_PLATFORM,0,100,True,False,False,sha256:3009b9b443012050dfd61ffa269f4d81187876986058e98dd96c836287ff6aa2
CHARPACKET_0126AA23CF0BFC3DD457F4DB36E3C330,ENG_STRATEGY_FACTORY_PLATFORM_SF11_STATISTICALSAMPLE_6F7E089C_V1,ENGINE,STRATEGY_FACTORY_PLATFORM,EXCLUDED_PROTECTED_PLATFORM,20,100,True,False,False,sha256:88fccaa64a0640f8106033c7b2d6a86794189553b96dbccf4c75b21e8de62ee2
CHARPACKET_C222A9D097121E784E3CCA444D14CACF,ENG_STRATEGY_FACTORY_PLATFORM_SF11_STATISTICSDIAGNOSTIC_42682DE0_V1,ENGINE,STRATEGY_FACTORY_PLATFORM,EXCLUDED_PROTECTED_PLATFORM,0,100,True,False,False,sha256:9ff7782d855a87d418cc35f6c8c08d2aa6b9e3612ff16e1bdd0dc796ecf6c061
CHARPACKET_34BAB0307A0BD10D75E944A36A7572FE,ENG_STRATEGY_FACTORY_PLATFORM_SF11_STATISTICSENUMS_291E098E_V1,ENGINE,STRATEGY_FACTORY_PLATFORM,EXCLUDED_PROTECTED_PLATFORM,0,100,True,False,False,sha256:4e79ce5b6259866bdef65afbf58757d4b0274938f28ea6b059cb8b55a1b3ca36
CHARPACKET_EA262C3AA4784DBABD094D45CD5BBC5F,ENG_STRATEGY_FACTORY_PLATFORM_SF11_STATISTICSEXPORTER_7AF268D3_V1,ENGINE,STRATEGY_FACTORY_PLATFORM,EXCLUDED_PROTECTED_PLATFORM,35,100,True,False,False,sha256:e292fbbcd20ccdddad46e5322395a23da8d4aadcc1871b9e773920066078d58b
CHARPACKET_D831064C125EFA19AC9EC7C517EC57C1,ENG_STRATEGY_FACTORY_PLATFORM_SF11_STATISTICSHARNESS_F4C56DBD_V1,ENGINE,STRATEGY_FACTORY_PLATFORM,EXCLUDED_PROTECTED_PLATFORM,0,100,True,False,False,sha256:901e76b1985a9423df3d57183477ebf406c0e6e39c4ee3279f71e9356d124dbb
CHARPACKET_1151E5FE0DFEEC009508293D9626912F,ENG_STRATEGY_FACTORY_PLATFORM_SF11_STATISTICSRESEARCHHOST_2D2DE028_V1,ENGINE,STRATEGY_FACTORY_PLATFORM,EXCLUDED_PROTECTED_PLATFORM,0,100,True,False,False,sha256:bd8da1d2ec66bbd5a7e350dced109cbd9e30e3e14f06f38e24bf31f0b963ef8a
CHARPACKET_AE4A77E3CC762D8471C0BE8501001406,ENG_STRATEGY_FACTORY_PLATFORM_SF11_STATISTICSSELFTEST_1DEF1023_V1,ENGINE,STRATEGY_FACTORY_PLATFORM,EXCLUDED_PROTECTED_PLATFORM,20,100,True,False,False,sha256:30cc81642a5b4de330821434a361635ed400d824a7bacd794ec1809b582fa0a1
CHARPACKET_B5E84AE84D6D33AB7685A2ECDF9283F5,ENG_STRATEGY_FACTORY_PLATFORM_SF11_STATISTICSTELEMETRY_CA8DCDEA_V1,ENGINE,STRATEGY_FACTORY_PLATFORM,EXCLUDED_PROTECTED_PLATFORM,0,100,True,False,False,sha256:e88b6848566a8f899668ef5e9ce10a2589fbd2bbc807411841fb8b01ff2fd4ef
CHARPACKET_B4777CCEA48EA372EFBDD3CF34E6EFC6,ENG_STRATEGY_FACTORY_PLATFORM_SF11_STATISTICSUMMARY_9B4A2116_V1,ENGINE,STRATEGY_FACTORY_PLATFORM,EXCLUDED_PROTECTED_PLATFORM,0,100,True,False,False,sha256:1cb65fae27e1aeb0d49649363b30b2d069489116bfaa2cd3c24f46d46dac4d94
CHARPACKET_F8339588D4BC69C45B6C91F3700C5788,ENG_STRATEGY_FACTORY_PLATFORM_SF11_STREAMINGMOMENTS_A5912805_V1,ENGINE,STRATEGY_FACTORY_PLATFORM,EXCLUDED_PROTECTED_PLATFORM,0,100,True,False,False,sha256:24874497cbf915f2cd09622d8a30bb0d1a17efe6e8a2808e305365ca44f1ccb0
CHARPACKET_0EDDC5C06AB8A23A7B810FB63C35F976,ENG_STRATEGY_FACTORY_PLATFORM_SF12_ALLVALIDATION_0178FBDA_V1,ENGINE,STRATEGY_FACTORY_PLATFORM,EXCLUDED_PROTECTED_PLATFORM,0,100,True,False,False,sha256:5b9fa7dfe0f8ad87500f3405d38902aa263f8cd7ab1278350d1bc696175d1909
CHARPACKET_F6645293D4EE412CB72F6A6889EA7B82,ENG_STRATEGY_FACTORY_PLATFORM_SF12_ANTIOVERFITDIAGNOSTIC_59CE4E31_V1,ENGINE,STRATEGY_FACTORY_PLATFORM,EXCLUDED_PROTECTED_PLATFORM,0,100,True,False,False,sha256:48f2f88ff69277cd821e19dcd843db587253d1ee0ccdb8e9606b99715cf8dec7
CHARPACKET_4D9D402B937657E498F6D3960791C576,ENG_STRATEGY_FACTORY_PLATFORM_SF12_ANTIOVERFITRESEARCHHOST_0460C0E4_V1,ENGINE,STRATEGY_FACTORY_PLATFORM,EXCLUDED_PROTECTED_PLATFORM,0,100,True,False,False,sha256:0831f82463b63127f5941b24678d5976fa6b79a074e49828e676aa1880338f8c
CHARPACKET_5262E847B52D772A3D3CAD6A3FE24976,ENG_STRATEGY_FACTORY_PLATFORM_SF12_ANTIOVERFITSELFTEST_EE9C1E14_V1,ENGINE,STRATEGY_FACTORY_PLATFORM,EXCLUDED_PROTECTED_PLATFORM,0,100,True,False,False,sha256:a235b63023c3b244824d4ac771a6798ac0a3f01b19effc3568b07343748f08a8
CHARPACKET_3AA670CF72B7831C69330C23A5D7BD7C,ENG_STRATEGY_FACTORY_PLATFORM_SF12_FOLDCOMPILER_8B0E25D0_V1,ENGINE,STRATEGY_FACTORY_PLATFORM,EXCLUDED_PROTECTED_PLATFORM,0,100,True,False,False,sha256:ce063911941a41815f2f2d667edccbebb746300686d9e1b1d75c5ad6b3dcdaf4
CHARPACKET_68D7F66594A32CDA3F8359CA055BEA8C,ENG_STRATEGY_FACTORY_PLATFORM_SF12_FOLDOBSERVATION_E2DB0C37_V1,ENGINE,STRATEGY_FACTORY_PLATFORM,EXCLUDED_PROTECTED_PLATFORM,0,100,True,False,False,sha256:5cfe7742aa0e14f4a637096cd103eaab99a79f6038b7447084881806a7dca35e
CHARPACKET_E33741485E4ADA2FC191F9B162A6F26B,ENG_STRATEGY_FACTORY_PLATFORM_SF12_VALIDATIONENGINE_A4C28397_V1,ENGINE,STRATEGY_FACTORY_PLATFORM,EXCLUDED_PROTECTED_PLATFORM,0,100,True,False,False,sha256:71da65818ad084c44c2bca23655e5735b1be7c727ad90ebeb09b16abb80781be
CHARPACKET_B52F237E573876350FE66473BF7FB21B,ENG_STRATEGY_FACTORY_PLATFORM_SF12_VALIDATIONENUMS_9C9B4E50_V1,ENGINE,STRATEGY_FACTORY_PLATFORM,EXCLUDED_PROTECTED_PLATFORM,0,100,True,False,False,sha256:08f286c7683c5c452b1a50c97412ca8b3eb32db839a2e200b0a80b6560d5969d
CHARPACKET_D65B4C765F089662C25ECE83D52BF4D6,ENG_STRATEGY_FACTORY_PLATFORM_SF12_VALIDATIONEXPORTER_CA54136B_V1,ENGINE,STRATEGY_FACTORY_PLATFORM,EXCLUDED_PROTECTED_PLATFORM,35,100,True,False,False,sha256:a07cd5140db035148f67298ffe319314ffc1f1d49f2b7ef7a107617cc3f3b08e
CHARPACKET_2D0E3BD29DB130B6FB55BBCAE75D81D6,ENG_STRATEGY_FACTORY_PLATFORM_SF12_VALIDATIONFOLD_958D99E0_V1,ENGINE,STRATEGY_FACTORY_PLATFORM,EXCLUDED_PROTECTED_PLATFORM,0,100,True,False,False,sha256:37179df55860d95dc82526b57d4bafc19cf963ca3c5a1afa6f1e62a75bf76972
CHARPACKET_6BCC3D2FED0E45A9702488894C4FECB4,ENG_STRATEGY_FACTORY_PLATFORM_SF12_VALIDATIONGATE_81530269_V1,ENGINE,STRATEGY_FACTORY_PLATFORM,EXCLUDED_PROTECTED_PLATFORM,0,100,True,False,False,sha256:99af50a546cedd636157f676c5d997ca917a2ad4eacf0fb994ba6ba86e3d7d26
CHARPACKET_9E130820985DA1A5F00CF26BCE79096C,ENG_STRATEGY_FACTORY_PLATFORM_SF12_VALIDATIONPLAN_4672C364_V1,ENGINE,STRATEGY_FACTORY_PLATFORM,EXCLUDED_PROTECTED_PLATFORM,0,100,True,False,False,sha256:0d89115ea076a1edf60227bd3747718cd41e40c5ee9c3bfdc2ddea233ecce636
CHARPACKET_67BF22BB99702CB0AEEAA1B66AB5CBA6,ENG_STRATEGY_FACTORY_PLATFORM_SF12_VALIDATIONTELEMETRY_C48A258E_V1,ENGINE,STRATEGY_FACTORY_PLATFORM,EXCLUDED_PROTECTED_PLATFORM,0,100,True,False,False,sha256:66523b4f256159acbed16e34edb13499eb2b4099979ed3b260bcc7bf9c08a70c
CHARPACKET_A4D1D64CF19144FBC9F8CCE3BD1C8AE4,ENG_STRATEGY_FACTORY_PLATFORM_SF13_ALLTRAINING_7027DB30_V1,ENGINE,STRATEGY_FACTORY_PLATFORM,EXCLUDED_PROTECTED_PLATFORM,0,100,True,False,False,sha256:bff37108fb6125736018769100079ca4cd87025b49f701c19da36aefbe0d6cce
CHARPACKET_729023EE8623D9357F1ABD4A99E44273,ENG_STRATEGY_FACTORY_PLATFORM_SF13_DATASETASSEMBLER_FA6AEC71_V1,ENGINE,STRATEGY_FACTORY_PLATFORM,EXCLUDED_PROTECTED_PLATFORM,0,100,True,False,False,sha256:baa3d9136142ec278644f4f897039769cfa90ef5aa64ae7aec2ec98c87fa49ff
CHARPACKET_34AA227EB63E43E5FF3142A34B977EA7,ENG_STRATEGY_FACTORY_PLATFORM_SF13_DATASETEXPORTER_E6C500E0_V1,ENGINE,STRATEGY_FACTORY_PLATFORM,EXCLUDED_PROTECTED_PLATFORM,35,100,True,False,False,sha256:3f9f1370d07d3b0bb5eeb596dac2a88625ef44af56ff61cc2bc431b1a9787750
CHARPACKET_B17D35F416E8DB558C1069763B7F6867,ENG_STRATEGY_FACTORY_PLATFORM_SF13_DATASETEXPORTRESEARCHHOST_8810E5CA_V1,ENGINE,STRATEGY_FACTORY_PLATFORM,EXCLUDED_PROTECTED_PLATFORM,0,100,True,False,False,sha256:6dd9d8907df53800a9f379c1e1ee0f9e494dfd8f884dc748ce3a15a94c353d03
CHARPACKET_37F1CE46DB938A49D6DFD1EDDDBCA38C,ENG_STRATEGY_FACTORY_PLATFORM_SF13_DATASETMANIFEST_94AF1D45_V1,ENGINE,STRATEGY_FACTORY_PLATFORM,EXCLUDED_PROTECTED_PLATFORM,0,100,True,False,False,sha256:4d8cb68fda17c9e853fbe369c63e014e520875c4eef34ed7bd0daff767bd6c4d
CHARPACKET_59DBF54FFF47C2E57007917E1998FB6C,ENG_STRATEGY_FACTORY_PLATFORM_SF13_DATASETROW_5AB518BB_V1,ENGINE,STRATEGY_FACTORY_PLATFORM,EXCLUDED_PROTECTED_PLATFORM,0,100,True,False,False,sha256:826db82e53a2751b1cd7d9dba53badd7e23bbb10e41afa6ade41308e99d25d05
CHARPACKET_1695449E3344D353E5E50F6E37E0A0AB,ENG_STRATEGY_FACTORY_PLATFORM_SF13_FEATURECOLUMN_2EE2B317_V1,ENGINE,STRATEGY_FACTORY_PLATFORM,EXCLUDED_PROTECTED_PLATFORM,0,100,True,False,False,sha256:6ccc161c08082178feba7c5b047ed6dbd2100f28d202e320d4e83d94f5b7233e
CHARPACKET_85B2881E00AA3E820D985B0AD2DA7236,ENG_STRATEGY_FACTORY_PLATFORM_SF13_LABELCONTRACT_81E49C78_V1,ENGINE,STRATEGY_FACTORY_PLATFORM,EXCLUDED_PROTECTED_PLATFORM,0,100,True,False,False,sha256:120989872762f68b91fee42ac55a749e7e6efe77fbdae7daea03e4fd12750d85
CHARPACKET_CB50E9E746C4530D403AA5C639ABA468,ENG_STRATEGY_FACTORY_PLATFORM_SF13_MODELARTIFACT_4D0D0FD3_V1,ENGINE,STRATEGY_FACTORY_PLATFORM,EXCLUDED_PROTECTED_PLATFORM,0,100,True,False,False,sha256:15a94e564a512e675c9bd8a3ab529589c0a2ec006f74aae06c4fa39791353218
CHARPACKET_EBAE4EC88B19E599E39586DFFD66D6F6,ENG_STRATEGY_FACTORY_PLATFORM_SF13_PREDICTIONRECORD_0AE8CF62_V1,ENGINE,STRATEGY_FACTORY_PLATFORM,EXCLUDED_PROTECTED_PLATFORM,0,100,True,False,False,sha256:ed3af663b45a47f429fcebfe70146147aa6fb637d2ae88d5824353e2e2be27d1
CHARPACKET_D774641AA014DF582915B1F683B4C2BF,ENG_STRATEGY_FACTORY_PLATFORM_SF13_TRAININGCONTRACTSSELFTEST_ACE81869_V1,ENGINE,STRATEGY_FACTORY_PLATFORM,EXCLUDED_PROTECTED_PLATFORM,20,100,True,False,False,sha256:10e949a7b41d51f9052f597d0bcce63826f22de0ebc8e4e0febfb6d86391d402
CHARPACKET_18367E8E9447AB4D1D4023BE90966716,ENG_STRATEGY_FACTORY_PLATFORM_SF13_TRAININGDIAGNOSTIC_E7CADE09_V1,ENGINE,STRATEGY_FACTORY_PLATFORM,EXCLUDED_PROTECTED_PLATFORM,0,100,True,False,False,sha256:28cf7d70014d568ce32c69a39563429ae976f81bf8d1cdab91842fecd4e77b1d
CHARPACKET_E2721B5092D62195019D59DB2987E6C6,ENG_STRATEGY_FACTORY_PLATFORM_SF13_TRAININGENUMS_39E42FDD_V1,ENGINE,STRATEGY_FACTORY_PLATFORM,EXCLUDED_PROTECTED_PLATFORM,0,100,True,False,False,sha256:a1cd36febb9dfbcfa82c89afc81ef9fbd69128d1535733f28989ca04db3f39ca
CHARPACKET_C61A312A8F054390F5CCD58E21D8D113,ENG_STRATEGY_FACTORY_PLATFORM_SF13_TRAININGPLAN_B093F3C7_V1,ENGINE,STRATEGY_FACTORY_PLATFORM,EXCLUDED_PROTECTED_PLATFORM,0,100,True,False,False,sha256:6d312387ea2072c93a0a9a2e0ec57e2304d1c4dd2e9ef78c0f7e4b54a345f493
CHARPACKET_44CF0E3D0341F1E8EBE74BE96F8D7F71,ENG_STRATEGY_FACTORY_PLATFORM_SF13_TRAININGTELEMETRY_8FFC753E_V1,ENGINE,STRATEGY_FACTORY_PLATFORM,EXCLUDED_PROTECTED_PLATFORM,0,100,True,False,False,sha256:4b48629167facb181efa087c47b95e3c55a9d53f611235a73ca7426d95ad024e
CHARPACKET_5F3A83D66C9B741729F9EAC9EE182781,ENG_STRATEGY_FACTORY_PLATFORM_SF13_TRANSFORMSTATE_199BAABF_V1,ENGINE,STRATEGY_FACTORY_PLATFORM,EXCLUDED_PROTECTED_PLATFORM,0,100,True,False,False,sha256:836b6ae84364760dfd8bd8edd9e407ebb5b1561ed0b87a3c2932cd009820280a
CHARPACKET_0C4F025CA8A19874E08A87C3E05E4564,ENG_STRATEGY_FACTORY_PLATFORM_SF14_ALLGOVERNANCE_1338134A_V1,ENGINE,STRATEGY_FACTORY_PLATFORM,EXCLUDED_PROTECTED_PLATFORM,0,100,True,False,False,sha256:9ff762e82a58eb540d8bc060b5b4d7ce3faf77b565a1e3dc5998ba6000c9ddda
CHARPACKET_4C6098701ED596BDB790BB80D9627A17,ENG_STRATEGY_FACTORY_PLATFORM_SF14_ARTIFACTDIGEST_07EF6EE4_V1,ENGINE,STRATEGY_FACTORY_PLATFORM,EXCLUDED_PROTECTED_PLATFORM,0,100,True,False,False,sha256:4d0b358e87a01757c85cda8a1f88b3b00bd0c4b46d9953727ce67b4676950d82
CHARPACKET_3C264126B2505931C58EE6F395532BC8,ENG_STRATEGY_FACTORY_PLATFORM_SF14_ARTIFACTINVENTORY_400BB6AB_V1,ENGINE,STRATEGY_FACTORY_PLATFORM,EXCLUDED_PROTECTED_PLATFORM,0,100,True,False,False,sha256:48162aa90874bb269883fcd090547d68ba976c9d46c9984a4260b0b39aad06f0
CHARPACKET_8EE922A1D138B0283DFE3ECF26EA77E6,ENG_STRATEGY_FACTORY_PLATFORM_SF14_AUTHENTICITYATTESTATION_099B008C_V1,ENGINE,STRATEGY_FACTORY_PLATFORM,EXCLUDED_PROTECTED_PLATFORM,0,100,True,False,False,sha256:12138038e9624e0d3bf4d6c21453dfaff8f3bd4f021b297943613151ada0d748
CHARPACKET_96D2ABC0F82BDFBAC0D06F00FD2A3617,ENG_STRATEGY_FACTORY_PLATFORM_SF14_GOVERNANCEDECISION_60EE012E_V1,ENGINE,STRATEGY_FACTORY_PLATFORM,EXCLUDED_PROTECTED_PLATFORM,0,100,True,False,False,sha256:6666d540cb7c61f8fabef75c7379d8d0b69ea91190ebca5766b4308616d76f4d
CHARPACKET_A898E866EDD2D2F038F2B9D5B41C5B32,ENG_STRATEGY_FACTORY_PLATFORM_SF14_GOVERNANCEDIAGNOSTIC_DF7FE0E9_V1,ENGINE,STRATEGY_FACTORY_PLATFORM,EXCLUDED_PROTECTED_PLATFORM,0,100,True,False,False,sha256:14e4568ebddfcb6fe40c007c7dc3dee61ef2341e8547b4e97cf253180cfa0fee
CHARPACKET_C5738DFD05E3563F6839406FB576221E,ENG_STRATEGY_FACTORY_PLATFORM_SF14_GOVERNANCEENUMS_B3C9A380_V1,ENGINE,STRATEGY_FACTORY_PLATFORM,EXCLUDED_PROTECTED_PLATFORM,0,100,True,False,False,sha256:404cf6ac886f848d08630bd33704711f1f70b2c0f06b4fbce25f925c4feda3cd
CHARPACKET_CE93DE8BD6EE85AEDC8D45EF82A94268,ENG_STRATEGY_FACTORY_PLATFORM_SF14_GOVERNANCESELFTEST_FA07B55D_V1,ENGINE,STRATEGY_FACTORY_PLATFORM,EXCLUDED_PROTECTED_PLATFORM,35,100,True,False,False,sha256:c028dc59add56eb4014d63959653156f00d0f085e02314178ac074a0e78cf929
CHARPACKET_AD99A2447CB8F6CD2CA309AA22D18B03,ENG_STRATEGY_FACTORY_PLATFORM_SF14_GOVERNANCETELEMETRY_53D59E92_V1,ENGINE,STRATEGY_FACTORY_PLATFORM,EXCLUDED_PROTECTED_PLATFORM,0,100,True,False,False,sha256:7d2fbd798e2674ee50801a8c2c631c96783223c437241beb3d10adc8267bbb34
CHARPACKET_DC5110CE79D43C8AC89A208A7A5C4AA9,ENG_STRATEGY_FACTORY_PLATFORM_SF14_MODELEVIDENCEBUNDLE_A9B9B4AF_V1,ENGINE,STRATEGY_FACTORY_PLATFORM,EXCLUDED_PROTECTED_PLATFORM,0,100,True,False,False,sha256:f2754ecf05478365fbee6ae874c417eba20f411fe3b9fcfb69eb7e787824883d
CHARPACKET_FABDD2F95F6EF748B4F34D2FA28DEC05,ENG_STRATEGY_FACTORY_PLATFORM_SF14_MODELGOVERNANCEHOST_B18C4D33_V1,ENGINE,STRATEGY_FACTORY_PLATFORM,EXCLUDED_PROTECTED_PLATFORM,0,100,True,False,False,sha256:0aa2a02ed6dd7cdc29e2915d93c1854fc6eac8f2bcd14a05a0a464cd44b74de8
CHARPACKET_68531E3AF7FF18BF2B5E24653E480EBA,ENG_STRATEGY_FACTORY_PLATFORM_SF14_MODELREGISTRY_888D77F7_V1,ENGINE,STRATEGY_FACTORY_PLATFORM,EXCLUDED_PROTECTED_PLATFORM,0,100,True,False,False,sha256:c787b6b2bb7f008d17436fbfa2d3fff527b10ae8e4114a81599562768f9343ab
CHARPACKET_C3F42954080AD388E715DD027FE7649F,ENG_STRATEGY_FACTORY_PLATFORM_SF14_MODELRELEASEMANIFEST_06F61364_V1,ENGINE,STRATEGY_FACTORY_PLATFORM,EXCLUDED_PROTECTED_PLATFORM,0,100,True,False,False,sha256:741a743d353b289b60527bd3478938af3f01e76a0649f714cf79430c0908bc15
CHARPACKET_9078D72BCAB0324A976530A12E3872F5,ENG_STRATEGY_FACTORY_PLATFORM_SF14_PROMOTIONEVALUATION_15B9333C_V1,ENGINE,STRATEGY_FACTORY_PLATFORM,EXCLUDED_PROTECTED_PLATFORM,0,100,True,False,False,sha256:d0e277a66067e10002915a1dc47a1e2af7a4b5cb9b4b4f33073f8522ce7599ed
CHARPACKET_0C5C56D042E58F512AC78744A98230BC,ENG_STRATEGY_FACTORY_PLATFORM_SF14_PROMOTIONPOLICY_444CF08A_V1,ENGINE,STRATEGY_FACTORY_PLATFORM,EXCLUDED_PROTECTED_PLATFORM,0,100,True,False,False,sha256:8078f3e0c59a086018078dffd85b6ba0a5f83f80a7fbf30afbd48dd107158d71
CHARPACKET_043A0827DF4FAF415BDD2AF5DEA7A3F6,ENG_STRATEGY_FACTORY_PLATFORM_SF14_REGISTRYENTRY_9CECB610_V1,ENGINE,STRATEGY_FACTORY_PLATFORM,EXCLUDED_PROTECTED_PLATFORM,0,100,True,False,False,sha256:dd8cd5bf43a82c7e2a75fc71dd6800d5a0d76693b8e6b61d365e23fdac2a0a2c
CHARPACKET_F1C217CE143B9D6801886D26078CC294,ENG_STRATEGY_FACTORY_PLATFORM_SF14_REGISTRYSCOPE_13738B39_V1,ENGINE,STRATEGY_FACTORY_PLATFORM,EXCLUDED_PROTECTED_PLATFORM,15,100,True,False,False,sha256:db94ce0fb3da7d29e35c421e98cdee7e7ae5829d0bef5c1add7b319faf4d8d42
CHARPACKET_134EFB0A4B73A43B2D1EDBBEDA4F4EE9,ENG_STRATEGY_FACTORY_PLATFORM_SF14_REGISTRYSNAPSHOT_CAE1424F_V1,ENGINE,STRATEGY_FACTORY_PLATFORM,EXCLUDED_PROTECTED_PLATFORM,0,100,True,False,False,sha256:6dd5d1c057829c710219c609ab96ca4af830b533e71d0902b8604a0fd1fd4222
CHARPACKET_6CA8DC2D9F5A2AFB341981E7CC523465,ENG_STRATEGY_FACTORY_PLATFORM_SF14_ROLLBACKPLAN_C0B75484_V1,ENGINE,STRATEGY_FACTORY_PLATFORM,EXCLUDED_PROTECTED_PLATFORM,0,100,True,False,False,sha256:41fc6882392d9913c0a5c390563bc16a7a8966fb69b76a710385cb9eb78aa39f
CHARPACKET_B90D814266314A2A71A2AD2E9C31EB2D,ENG_STRATEGY_FACTORY_PLATFORM_SF15_ALLINFERENCE_8E3E392E_V1,ENGINE,STRATEGY_FACTORY_PLATFORM,EXCLUDED_PROTECTED_PLATFORM,0,100,True,False,False,sha256:791e1608e2f29315f6e0c53395822870330d861997aff1040edb2ed91f878a77
CHARPACKET_CA005AC8351986DF65B7E0056800D72E,ENG_STRATEGY_FACTORY_PLATFORM_SF15_CALIBRATION_CD514C7E_V1,ENGINE,STRATEGY_FACTORY_PLATFORM,EXCLUDED_PROTECTED_PLATFORM,0,100,True,False,False,sha256:584146f571457baa2b1130133ff976fc0ab2f86ec2eb024e592fd5d4b09b15b8
CHARPACKET_9E5A12DAC96458B8199B3C096D6919D7,ENG_STRATEGY_FACTORY_PLATFORM_SF15_FEATUREORDER_FFB3FE5C_V1,ENGINE,STRATEGY_FACTORY_PLATFORM,EXCLUDED_PROTECTED_PLATFORM,0,100,True,False,False,sha256:bda40b6f18ec05b064f81b5a6fd28070e37d0edaa516ad5b79449e0510617fa3
CHARPACKET_54F8C237ED0331B60D116ED4B88D46BE,ENG_STRATEGY_FACTORY_PLATFORM_SF15_HASHING_7A38F277_V1,ENGINE,STRATEGY_FACTORY_PLATFORM,EXCLUDED_PROTECTED_PLATFORM,0,100,True,False,False,sha256:4ab2ef368a3be2b317cc2c472f14a0ccda54bb934168ed8223fd7122cc5a6446
CHARPACKET_AE8A059E3E06BB7703CD1A3DF19756B3,ENG_STRATEGY_FACTORY_PLATFORM_SF15_INFERENCECONTRACTSSELFTEST_31BF7971_V1,ENGINE,STRATEGY_FACTORY_PLATFORM,EXCLUDED_PROTECTED_PLATFORM,0,100,True,False,False,sha256:3e983d240229cf2fb29699c6360052da1d496ccf3dadfd00494b99ad45d23b51
CHARPACKET_C91AA34B4DC23FB429DDDDFA1EC8D9CD,ENG_STRATEGY_FACTORY_PLATFORM_SF15_INFERENCEDIAGNOSTIC_99FD9F8B_V1,ENGINE,STRATEGY_FACTORY_PLATFORM,EXCLUDED_PROTECTED_PLATFORM,55,100,True,False,False,sha256:65c6d1666cb2e9e98864d963e8af31b467da8dfc0f5f1b4700e786df212a80ae
CHARPACKET_211316A6FA14FA28CFFC39544BE2BA94,ENG_STRATEGY_FACTORY_PLATFORM_SF15_INFERENCEENGINE_3C218544_V1,ENGINE,STRATEGY_FACTORY_PLATFORM,EXCLUDED_PROTECTED_PLATFORM,35,100,True,False,False,sha256:82ead83a46df9cb13ab6829001def66976e2247a79a534213c8a87338cdde621
CHARPACKET_29A2991FDD114D23C551C2164DF35C59,ENG_STRATEGY_FACTORY_PLATFORM_SF15_INFERENCEENUMS_3802E901_V1,ENGINE,STRATEGY_FACTORY_PLATFORM,EXCLUDED_PROTECTED_PLATFORM,0,100,True,False,False,sha256:f2c0afa4c57b0cd9acf69373be6fd96872e5d01251e1a5767c943bea718107d7
CHARPACKET_85335AF978DF7F1914FCD8ABB472AF1D,ENG_STRATEGY_FACTORY_PLATFORM_SF15_INFERENCEGUARD_65F7A039_V1,ENGINE,STRATEGY_FACTORY_PLATFORM,EXCLUDED_PROTECTED_PLATFORM,0,100,True,False,False,sha256:2310a1f2d6434e3d3792fe888ca34be85999bf87bb54ad776052ea3ccf5bfdde
CHARPACKET_3216104A1ED76DE5B5EB6875CF72C788,ENG_STRATEGY_FACTORY_PLATFORM_SF15_INFERENCEHOST_0A238F10_V1,ENGINE,STRATEGY_FACTORY_PLATFORM,EXCLUDED_PROTECTED_PLATFORM,35,100,True,False,False,sha256:8a94c5db61cc757e083ec17e9b5de74f54854d6737b745159662adaf6e0bdee0
CHARPACKET_BAC3F75A01EBB5868D9899A429CAF8A0,ENG_STRATEGY_FACTORY_PLATFORM_SF15_INFERENCEREQUEST_5B8C4E77_V1,ENGINE,STRATEGY_FACTORY_PLATFORM,EXCLUDED_PROTECTED_PLATFORM,0,100,True,False,False,sha256:8647bf4b9d17369fe1732da1d9df8335d1217f28df8a8fe8dfe6472c4a6f55f4
CHARPACKET_D8C996497AD551C1A1F4F5B32EEAA58C,ENG_STRATEGY_FACTORY_PLATFORM_SF15_INFERENCERESULT_67596595_V1,ENGINE,STRATEGY_FACTORY_PLATFORM,EXCLUDED_PROTECTED_PLATFORM,0,100,True,False,False,sha256:b10498aa67f28efe66fbd41ff2a5592aefb7f600904743a93d385e76ccabdafd
CHARPACKET_4635C65A0B4FA37A356FF4E5F5E58EB9,ENG_STRATEGY_FACTORY_PLATFORM_SF15_INFERENCETELEMETRY_0016863B_V1,ENGINE,STRATEGY_FACTORY_PLATFORM,EXCLUDED_PROTECTED_PLATFORM,0,100,True,False,False,sha256:545cfeb4022759d8646ba8b8d2612beb902a546db0439871b47974de370b734e
CHARPACKET_39299D5B5273AA4A1109C98E8AE87E0C,ENG_STRATEGY_FACTORY_PLATFORM_SF15_MODELFILEFINGERPRINT_A64F382D_V1,ENGINE,STRATEGY_FACTORY_PLATFORM,EXCLUDED_PROTECTED_PLATFORM,35,100,True,False,False,sha256:609cca809c3ccce52ab707e5e6259f44761932c348d78f8cbea8ea65f63c76b9
CHARPACKET_EBA53E7E8FCCB2961C19ED36241B31CA,ENG_STRATEGY_FACTORY_PLATFORM_SF15_ONNXMODELMANIFEST_97FA0ACC_V1,ENGINE,STRATEGY_FACTORY_PLATFORM,EXCLUDED_PROTECTED_PLATFORM,0,100,True,False,False,sha256:7af1f8b6f6a904621ac5c76655d896399e2b873f39ad7223074398b901a745d8
CHARPACKET_F6187296914EAE4E089387E38F346C5D,ENG_STRATEGY_FACTORY_PLATFORM_SF15_ONNXRUNTIMESMOKETEST_77176912_V1,ENGINE,STRATEGY_FACTORY_PLATFORM,EXCLUDED_PROTECTED_PLATFORM,75,100,True,False,False,sha256:3e8f2d9b5f3cea59c39f590a7f76713e1918b429c0c311992dff53c03245662e
CHARPACKET_D2AE8139A28A53D87E6FFD50CB136F98,ENG_STRATEGY_FACTORY_PLATFORM_SF15_ONNXSESSION_53DE378B_V1,ENGINE,STRATEGY_FACTORY_PLATFORM,EXCLUDED_PROTECTED_PLATFORM,75,100,True,False,False,sha256:7cbe506d18a3b00a04bc40c5b10867f6ab0be8f6455f123485aeda9c10eee64c
CHARPACKET_DD021973A68EE6C5989EED92CE71F281,ENG_STRATEGY_FACTORY_PLATFORM_SF15_PARITY_31E7D4CC_V1,ENGINE,STRATEGY_FACTORY_PLATFORM,EXCLUDED_PROTECTED_PLATFORM,0,100,True,False,False,sha256:86a52581cc435ca15afdeeb3a1395f0bbab24da73f3736db809d56d060108ad1
CHARPACKET_2D5A449E761FD030BEBC7C2491A62785,ENG_STRATEGY_FACTORY_PLATFORM_SF15_PREPROCESSING_FC57E261_V1,ENGINE,STRATEGY_FACTORY_PLATFORM,EXCLUDED_PROTECTED_PLATFORM,0,100,True,False,False,sha256:3139332016c26e9397c7bedc7e445c2b9407046db6fbed53702d3b1a591ada06
CHARPACKET_094B1BB0181657192E57EEA64B608A24,ENG_STRATEGY_FACTORY_PLATFORM_SF15_REFERENCELINEARMODEL_FB2EC6F0_V1,ENGINE,STRATEGY_FACTORY_PLATFORM,EXCLUDED_PROTECTED_PLATFORM,0,100,True,False,False,sha256:3468ef64b0db174832a03d2108e121ca171fb66208294a6ad664e729f81046fe
CHARPACKET_655F712329438C19AA2F5338DA1E173C,ENG_STRATEGY_FACTORY_PLATFORM_SF15_REFERENCEMODELBUNDLE_3F6CABF9_V1,ENGINE,STRATEGY_FACTORY_PLATFORM,EXCLUDED_PROTECTED_PLATFORM,40,100,True,False,False,sha256:01b90779d2ce9b6f88917997a8a751bb039194c109007ad4832c00030a23e0a4
CHARPACKET_13A3DC70FB878999855F4D732F8B2F0D,ENG_STRATEGY_FACTORY_PLATFORM_SF15_TENSORCONTRACT_A3DDE506_V1,ENGINE,STRATEGY_FACTORY_PLATFORM,EXCLUDED_PROTECTED_PLATFORM,0,100,True,False,False,sha256:7f670bd98f705d1fbdd06b55130bf190724ce855fde0927b5356ffdad1b573b9
CHARPACKET_F6F72118E6E50729ADB40C1D1E643043,ENG_STRATEGY_FACTORY_PLATFORM_SF17_ALLEXECUTION_B38CF9D5_V1,ENGINE,STRATEGY_FACTORY_PLATFORM,EXCLUDED_PROTECTED_PLATFORM,0,100,True,False,False,sha256:27bfc944603118d33e119c72bcbb4bf8fdcfc7f3bd76debe648ae290919f5194
CHARPACKET_CE74C9D06E4E60A69AC381E1B2F2BC2F,ENG_STRATEGY_FACTORY_PLATFORM_SF17_EXECUTIONDIAGNOSTIC_49B59044_V1,ENGINE,STRATEGY_FACTORY_PLATFORM,EXCLUDED_PROTECTED_PLATFORM,0,100,True,False,False,sha256:53f4e2efdedd8eb12fe38756b2c2ac98d42672ccda71c9a2550780f1503223c1
CHARPACKET_3F983EB76C45C955B1780DAD75DD0EEB,ENG_STRATEGY_FACTORY_PLATFORM_SF17_EXECUTIONENUMS_A89439EE_V1,ENGINE,STRATEGY_FACTORY_PLATFORM,EXCLUDED_PROTECTED_PLATFORM,0,100,True,False,False,sha256:383e63ed6fca39df241a669fef2f670a4a4f683cf4cc9b1940b001dc34294bc1
CHARPACKET_A87D6B0A136A61B2DA460451ACE051E9,ENG_STRATEGY_FACTORY_PLATFORM_SF17_EXECUTIONPOLICY_EA0615B0_V1,ENGINE,STRATEGY_FACTORY_PLATFORM,EXCLUDED_PROTECTED_PLATFORM,0,100,True,False,False,sha256:67a5135dbf8faa1c184c8bffda2b51d3d0d619049e95cfbc48c7e78287649f95
CHARPACKET_88C59339CCB8B340C5D195A71FCC0C90,ENG_STRATEGY_FACTORY_PLATFORM_SF17_EXECUTIONTELEMETRY_AE93E526_V1,ENGINE,STRATEGY_FACTORY_PLATFORM,EXCLUDED_PROTECTED_PLATFORM,0,100,True,False,False,sha256:c67e6d2dbb5fff378ef9930c23b43fd08003fcd9cc2a58263ff8efc939535b30
CHARPACKET_951A59188609527420EF8320A0413A3D,ENG_STRATEGY_FACTORY_PLATFORM_SF17_FILLRECORD_FEC4E6F9_V1,ENGINE,STRATEGY_FACTORY_PLATFORM,EXCLUDED_PROTECTED_PLATFORM,0,100,True,False,False,sha256:dd010b7d797037d055c5230c3ce759559690f12d7d4b82d19438bf670a221c96
CHARPACKET_5E5410C247A161E6FD1F9ED3A4F3B7DA,ENG_STRATEGY_FACTORY_PLATFORM_SF17_PAPEREXECUTIONENGINE_EBCE8C6C_V1,ENGINE,STRATEGY_FACTORY_PLATFORM,EXCLUDED_PROTECTED_PLATFORM,0,100,True,False,False,sha256:07079349802aac410f50fde112ae9f208ac0b17b79d200197c6bcc53b90a8335
CHARPACKET_2B2D9490C89BF3AC80B7D1D7FF46CA91,ENG_STRATEGY_FACTORY_PLATFORM_SF17_PAPEREXECUTIONSELFTEST_AAF4A354_V1,ENGINE,STRATEGY_FACTORY_PLATFORM,EXCLUDED_PROTECTED_PLATFORM,0,100,True,False,False,sha256:ae13f992316efb1afa88533e8c8b9f78f639d3d78c8351b0313ae98c60abca8f
CHARPACKET_2130ED847C4EF5C31317221C8483694B,ENG_STRATEGY_FACTORY_PLATFORM_SF17_PAPERORDER_F5435027_V1,ENGINE,STRATEGY_FACTORY_PLATFORM,EXCLUDED_PROTECTED_PLATFORM,0,100,True,False,False,sha256:b22e97b7b848a2a619e5896c92a839d193241571d31c582fa7ef3678de17e755
CHARPACKET_E8809EB1BE3EE4F592E9B9A0F64F73B4,ENG_STRATEGY_FACTORY_PLATFORM_SF17_PAPERSHADOWHOST_1088DC30_V1,ENGINE,STRATEGY_FACTORY_PLATFORM,EXCLUDED_PROTECTED_PLATFORM,0,100,True,False,False,sha256:ef05a14a46e528624e84bb134cadf4b5d0bf025343f226f6813b8e9e54c63912
CHARPACKET_9C08B9F4772DD05E41D79BCB2ED612F7,ENG_STRATEGY_FACTORY_PLATFORM_SF17_POSITIONRECORD_3683B5E1_V1,ENGINE,STRATEGY_FACTORY_PLATFORM,EXCLUDED_PROTECTED_PLATFORM,0,100,True,False,False,sha256:8bb47933d80173da2a9ec2d3343f415b387062428ce49749fedeb8132a811742
CHARPACKET_D3161CEEF313C9682C009BA73729A685,ENG_STRATEGY_FACTORY_PLATFORM_SF17_QUOTEOBSERVATION_CDB2295B_V1,ENGINE,STRATEGY_FACTORY_PLATFORM,EXCLUDED_PROTECTED_PLATFORM,0,100,True,False,False,sha256:e95da5b91563a22d4d36cc3e5249f8dce39ec0b4f460cdc1ccbe3efaea0a6b44
CHARPACKET_E0D6C8B010604EE6CFB2870B480D777E,ENG_STRATEGY_FACTORY_PLATFORM_SF17_RECONCILIATION_D7864B84_V1,ENGINE,STRATEGY_FACTORY_PLATFORM,EXCLUDED_PROTECTED_PLATFORM,0,100,True,False,False,sha256:ff0807fe225da84fca34efa1646f040238f304093085f9f07ac8f04f6d90c062
CHARPACKET_E8A9CECAC4134207E832CB60AB7EF234,ENG_STRATEGY_FACTORY_PLATFORM_SF17_REFERENCEEXECUTIONFIXTURE_AB40DCEA_V1,ENGINE,STRATEGY_FACTORY_PLATFORM,EXCLUDED_PROTECTED_PLATFORM,0,100,True,False,False,sha256:4c04143483a7c971466a645cda3f22ed24105ed67c1a80ccb3d0192ad822d5f1
CHARPACKET_1342C75727C7533AFCA38F7B11D53D44,ENG_STRATEGY_FACTORY_PLATFORM_SF17_SHADOWCOMPARATOR_4C588AFF_V1,ENGINE,STRATEGY_FACTORY_PLATFORM,EXCLUDED_PROTECTED_PLATFORM,0,100,True,False,False,sha256:ca8be9124395e61dadf3cba1951430960ac900456e7d58a9a41727ab82a36394
CHARPACKET_A3F630D346E2DDF8F8A9499FF14DA5E1,ENG_STRATEGY_FACTORY_PLATFORM_SF17_TRANSACTIONLEDGER_EF4654C6_V1,ENGINE,STRATEGY_FACTORY_PLATFORM,EXCLUDED_PROTECTED_PLATFORM,0,100,True,False,False,sha256:295bfd47179f7ce07226ef4cb447ed76d14d4fd44f406eb960d64ae5d62a9b9a
CHARPACKET_F0DCF0ADB4AB93A5DB9FAAA585B5F62C,ENG_STRATEGY_FACTORY_PLATFORM_SF18_ACCOUNTGUARDSNAPSHOT_B25C6103_V1,ENGINE,STRATEGY_FACTORY_PLATFORM,EXCLUDED_PROTECTED_PLATFORM,0,100,True,False,False,sha256:8ea4e313cac2abcde6c0b5cbb50fbdbd670c45dd20bc1602146f43b0b38c357e
CHARPACKET_12E3EB5BA07E32C0AAFDD369E871B163,ENG_STRATEGY_FACTORY_PLATFORM_SF18_ALLLIVE_A0D417EE_V1,ENGINE,STRATEGY_FACTORY_PLATFORM,EXCLUDED_PROTECTED_PLATFORM,0,100,True,False,False,sha256:4e7474ff3e608270eb4c42a1148b2c1427b2c3997132104df45275a40a2c9151
CHARPACKET_5D431786ADBFCF65269C7D220F21CD50,ENG_STRATEGY_FACTORY_PLATFORM_SF18_BROKERCONTRACTS_3D2BAA1D_V1,ENGINE,STRATEGY_FACTORY_PLATFORM,EXCLUDED_PROTECTED_PLATFORM,0,100,True,False,False,sha256:ffbca55a99efd9206adbaa03e963c3edda25466162540222fcc7ad240b565f82
CHARPACKET_C862970BCCA462EAB57C71505815C93C,ENG_STRATEGY_FACTORY_PLATFORM_SF18_CIRCUITBREAKER_42E3325D_V1,ENGINE,STRATEGY_FACTORY_PLATFORM,EXCLUDED_PROTECTED_PLATFORM,0,100,True,False,False,sha256:f0da0693bf9719219fa48c9e8a205f7747609b5c541b4107aece4f481260832f
CHARPACKET_8457A83F67A67C5D334684D19DFA769D,ENG_STRATEGY_FACTORY_PLATFORM_SF18_DRYRUNBROKERADAPTER_531E6D79_V1,ENGINE,STRATEGY_FACTORY_PLATFORM,EXCLUDED_PROTECTED_PLATFORM,0,100,True,False,False,sha256:e44dbb192e7b71c613f4c3334b97baf9aae200904a4c81e098d374091e86981b
CHARPACKET_1BD4D6FE3BA93BE8B806C1E16BE8AB44,ENG_STRATEGY_FACTORY_PLATFORM_SF18_KILLSWITCH_D94BF280_V1,ENGINE,STRATEGY_FACTORY_PLATFORM,EXCLUDED_PROTECTED_PLATFORM,0,100,True,False,False,sha256:fc304b135c2c1cb2820c55cbbf433d49fce15665adf5032ab301e80e617ffa1d
CHARPACKET_729C885A6EB1C702171173A927C1B184,ENG_STRATEGY_FACTORY_PLATFORM_SF18_LIVEAUTHORIZATION_F707D908_V1,ENGINE,STRATEGY_FACTORY_PLATFORM,EXCLUDED_PROTECTED_PLATFORM,0,100,True,False,False,sha256:7f37e6744dfd9047b39946918b624df30c1aab07cbd477a581f6905e25463add
CHARPACKET_D326630CCB53CBD0009A1F2E0483C607,ENG_STRATEGY_FACTORY_PLATFORM_SF18_LIVEENUMS_95510311_V1,ENGINE,STRATEGY_FACTORY_PLATFORM,EXCLUDED_PROTECTED_PLATFORM,0,100,True,False,False,sha256:61d169c4edc141d62f28ed7997e429178b4509ef43bb3ab6cc2e8dfd93c47874
CHARPACKET_BE853B82FDE9032BF93B0FCF162BB07C,ENG_STRATEGY_FACTORY_PLATFORM_SF18_LIVEEXECUTIONCOORDINATOR_BA32B148_V1,ENGINE,STRATEGY_FACTORY_PLATFORM,EXCLUDED_PROTECTED_PLATFORM,20,100,True,False,False,sha256:b6cb1c16ab559219f49917d8515a8d73569540f811aa499ec674e9bbe1a0d155
CHARPACKET_1C0627D8BDC2AEDA7FC1AE5CC144BC0A,ENG_STRATEGY_FACTORY_PLATFORM_SF18_LIVELEDGER_BA76E01D_V1,ENGINE,STRATEGY_FACTORY_PLATFORM,EXCLUDED_PROTECTED_PLATFORM,0,100,True,False,False,sha256:4f36d1a14ab2339c05b881796f2e7ab9a7d1de9d324771ff21976adccc2b8ebb
CHARPACKET_637328F2BB80E438DE2091E5D529B84A,ENG_STRATEGY_FACTORY_PLATFORM_SF18_LIVESAFETYDIAGNOSTIC_CAF65F4E_V1,ENGINE,STRATEGY_FACTORY_PLATFORM,EXCLUDED_PROTECTED_PLATFORM,100,100,True,True,False,sha256:9f03cfd46554856c107089e96496c00308415883629357b25f5ed70c20eb8f03
CHARPACKET_1815304508737626680018A225C478EF,ENG_STRATEGY_FACTORY_PLATFORM_SF18_LIVESAFETYSELFTEST_44895184_V1,ENGINE,STRATEGY_FACTORY_PLATFORM,EXCLUDED_PROTECTED_PLATFORM,35,100,True,False,False,sha256:0892fba0d431c88692501798eb2ed81d804b78a72280fef05526354c4d0c83a6
CHARPACKET_8A39B1AADEB3ADAF00258230E9BFCA96,ENG_STRATEGY_FACTORY_PLATFORM_SF18_MICROLIVEHOST_6FB13A7F_V1,ENGINE,STRATEGY_FACTORY_PLATFORM,EXCLUDED_PROTECTED_PLATFORM,0,100,True,False,False,sha256:0d3364a5a04a3fcce49917605ec63f8a3f4ca4545f4a36fe4efe91766e530860
CHARPACKET_BAB62221BBD666038DC3B9F4F09A585B,ENG_STRATEGY_FACTORY_PLATFORM_SF18_MICROLIVERELEASE_36BFCD9B_V1,ENGINE,STRATEGY_FACTORY_PLATFORM,EXCLUDED_PROTECTED_PLATFORM,0,100,True,False,False,sha256:84838a23d6eb2aed18646b873ab9b5d1d1d6bc260fae192c719022eb1a713c80
CHARPACKET_F0D4009CA6B7F476AD7B4BF1D4188076,ENG_STRATEGY_FACTORY_PLATFORM_SF18_MQL5BROKERADAPTER_2E7F4E7C_V1,ENGINE,STRATEGY_FACTORY_PLATFORM,EXCLUDED_PROTECTED_PLATFORM,100,100,True,True,False,sha256:2079871f1407b08da9c08ece29a49ab4b0e8d2725ac7849783ac41e0ac2eec97
CHARPACKET_D8778790FBCA6ADBF2E731C2F63D9CA3,ENG_STRATEGY_FACTORY_PLATFORM_SF18_QUOTESNAPSHOT_B05073E1_V1,ENGINE,STRATEGY_FACTORY_PLATFORM,EXCLUDED_PROTECTED_PLATFORM,0,100,True,False,False,sha256:cbf06e4061abaf48bc9ef06886d62861e4e17312d0952ac37cc84a54992c87b3
CHARPACKET_E73D8EB0AB16000641B9FFC1B0E539D8,ENG_STRATEGY_FACTORY_PLATFORM_SF18_REFERENCELIVEFIXTURE_C3C2627B_V1,ENGINE,STRATEGY_FACTORY_PLATFORM,EXCLUDED_PROTECTED_PLATFORM,0,100,True,False,False,sha256:dac47ad53204f48a5b90fe3d36b3a42f23a4755cf3ceb1dba85a9cb222267fcd
CHARPACKET_CF0B6ABE304FB115D3706218C256242D,ENG_STRATEGY_FACTORY_PLATFORM_SF18_REQUESTBUILDER_0B643E2A_V1,ENGINE,STRATEGY_FACTORY_PLATFORM,EXCLUDED_PROTECTED_PLATFORM,0,100,True,False,False,sha256:f8efdc2e82857b75a7593fb7009c38e637a490466d67585ad6a9026e587e9817
CHARPACKET_DC7AE0E4A56535DF548A941D42EF327B,ENG_STRATEGY_FACTORY_PLATFORM_SF18_RETCODEMAP_69BCD7F9_V1,ENGINE,STRATEGY_FACTORY_PLATFORM,EXCLUDED_PROTECTED_PLATFORM,0,100,True,False,False,sha256:2047a8f599d389f315b1b3f10641af1abe382bb30f5cd19c206375e1da8dd3de
CHARPACKET_3E88EC0C51BDFFDE46E2D0F28F66C4D8,ENG_STRATEGY_FACTORY_PLATFORM_SF18_SAFETYPOLICY_176698BA_V1,ENGINE,STRATEGY_FACTORY_PLATFORM,EXCLUDED_PROTECTED_PLATFORM,0,100,True,False,False,sha256:2e06f8ff5b07646b35f03a25c0ab49bece90ca8fc7412451392940411b5a9e5f
CHARPACKET_2DF21D15077FF4637F93CA47E8C1CBE3,ENG_STRATEGY_FACTORY_PLATFORM_SF19_ALERTENGINE_6F37077B_V1,ENGINE,STRATEGY_FACTORY_PLATFORM,EXCLUDED_PROTECTED_PLATFORM,0,100,True,False,False,sha256:6ecf055becef3c4394cabe29b4ddb18b62b50f9337c2bbe9baf42f37ce8152fc
CHARPACKET_55D134663BECFE636A6ABE8BFBA76EDA,ENG_STRATEGY_FACTORY_PLATFORM_SF19_ALLMONITORING_C8F025C4_V1,ENGINE,STRATEGY_FACTORY_PLATFORM,EXCLUDED_PROTECTED_PLATFORM,0,100,True,False,False,sha256:25dfa219b6006f559acd0df4460561a74b3cded924ebbf007941306317ae95a4
CHARPACKET_25B30A9823C7489D44430997FC0B91ED,ENG_STRATEGY_FACTORY_PLATFORM_SF19_DRIFTMONITOR_0554BD26_V1,ENGINE,STRATEGY_FACTORY_PLATFORM,EXCLUDED_PROTECTED_PLATFORM,0,100,True,False,False,sha256:e9840b13a4b7c9c27e0380145ae01ebb690bb59023a4451b0b9b61d07be87651
CHARPACKET_7BEA6333DD4B3A9B8DB0E945DD9E8D46,ENG_STRATEGY_FACTORY_PLATFORM_SF19_EXECUTIONDRIFT_8F09369C_V1,ENGINE,STRATEGY_FACTORY_PLATFORM,EXCLUDED_PROTECTED_PLATFORM,0,100,True,False,False,sha256:e9cba0bf8e4d5312b780a8c49522a8f2c78d6caeb80ab37ca57d882ed7a43c49
CHARPACKET_CBCA4E3C2CB5FA73810017E74EE5BFE4,ENG_STRATEGY_FACTORY_PLATFORM_SF19_LATENCYHISTOGRAM_D1D990AA_V1,ENGINE,STRATEGY_FACTORY_PLATFORM,EXCLUDED_PROTECTED_PLATFORM,0,100,True,False,False,sha256:1075603582c7c06849bbc6c09b7eeae14fe0f2eb250c96fc9ed3d470ad48fce8
CHARPACKET_68C4A85C40A8FA1CDA867EF093DDCF3B,ENG_STRATEGY_FACTORY_PLATFORM_SF19_LIFECYCLEGOVERNOR_F8744409_V1,ENGINE,STRATEGY_FACTORY_PLATFORM,EXCLUDED_PROTECTED_PLATFORM,0,100,True,False,False,sha256:a9fb90df9a0396eed437014327f2e3f6d0258b514adefadf18e9543606f72dc8
CHARPACKET_FBFD0F743C9C3FAC7354AC528BD49FDD,ENG_STRATEGY_FACTORY_PLATFORM_SF19_MONITORINGCOORDINATOR_8C27CC05_V1,ENGINE,STRATEGY_FACTORY_PLATFORM,EXCLUDED_PROTECTED_PLATFORM,0,100,True,False,False,sha256:294a7fbb11b0c788106191495a5a32c3eeaf402e81b9ace523d005d74ff7e91d
CHARPACKET_38FC39FB7B3BE3DDA21CFEDC12B0D6C3,ENG_STRATEGY_FACTORY_PLATFORM_SF19_MONITORINGENUMS_DB56F036_V1,ENGINE,STRATEGY_FACTORY_PLATFORM,EXCLUDED_PROTECTED_PLATFORM,0,100,True,False,False,sha256:5c8f4301086c619b3419b21618d0ca7f48ab53f4ab2c7755a862e71a0c6e3cbb
CHARPACKET_3A8E418D9965FC6D3F270A89FFB52B8C,ENG_STRATEGY_FACTORY_PLATFORM_SF19_OBSERVABILITYDIAGNOSTIC_2760F04F_V1,ENGINE,STRATEGY_FACTORY_PLATFORM,EXCLUDED_PROTECTED_PLATFORM,0,100,True,False,False,sha256:2cdebeb4c0dbb0a268a7fe9cb041445ff5879f3dd8c07a94233b99dafb075759
CHARPACKET_FE36ABFD968ECDDEAAA8AD43D2E88D97,ENG_STRATEGY_FACTORY_PLATFORM_SF19_OBSERVABILITYHOST_EA2BE28A_V1,ENGINE,STRATEGY_FACTORY_PLATFORM,EXCLUDED_PROTECTED_PLATFORM,40,100,True,False,False,sha256:32e490402c18e8a8e3b20a3ec5d2c2f7d4de2e0aa987de23e14f572c47df159e
CHARPACKET_CC12D0EF53F2E240718F58AAA2E28873,ENG_STRATEGY_FACTORY_PLATFORM_SF19_OBSERVABILITYSELFTEST_4291492A_V1,ENGINE,STRATEGY_FACTORY_PLATFORM,EXCLUDED_PROTECTED_PLATFORM,15,100,True,False,False,sha256:36e64b40c7081eb731e0c39277fc14647734c5f5f46e9a70d1a0d556913d4a5a
CHARPACKET_88CBA6B6C1CD19AC33E7F3DFA0CE7429,ENG_STRATEGY_FACTORY_PLATFORM_SF19_REFERENCEMONITORINGFIXTURE_D91A0681_V1,ENGINE,STRATEGY_FACTORY_PLATFORM,EXCLUDED_PROTECTED_PLATFORM,0,100,True,False,False,sha256:8e3c3f3c6523bcad38adcf499bd5f605dc213dd096872f3ebace391acee44172
CHARPACKET_32DA24900FA361D6EFA0B58478303599,ENG_STRATEGY_FACTORY_PLATFORM_SF19_TELEMETRYCONTRACTS_4D8839CB_V1,ENGINE,STRATEGY_FACTORY_PLATFORM,EXCLUDED_PROTECTED_PLATFORM,0,100,True,False,False,sha256:eb24fe4f23c2149c5b9b90ff9b6f7367783dcfdea72233b9d59f91326db1e0e0
CHARPACKET_C7825D3BE68D29E9B86806D3D2B78B58,ENG_STRATEGY_FACTORY_PLATFORM_SF19_TELEMETRYRING_1A427770_V1,ENGINE,STRATEGY_FACTORY_PLATFORM,EXCLUDED_PROTECTED_PLATFORM,0,100,True,False,False,sha256:976244d0c28c5e6e0f806e7e59390f0cd653ff97d737f883094a960e07903dbc
CHARPACKET_2596231AE55AB1AD2D4749E48B9E86C5,ENG_STRATEGY_FACTORY_PLATFORM_SF20_ALLINTEGRATION_C8CD8133_V1,ENGINE,STRATEGY_FACTORY_PLATFORM,EXCLUDED_PROTECTED_PLATFORM,0,100,True,False,False,sha256:b2477694907520f77093aab1af3d88df560092626ab3d3f921e80af3ccbeefc1
CHARPACKET_DDE0D7A0617ED30EC7EC72CEB01F088F,ENG_STRATEGY_FACTORY_PLATFORM_SF20_EXP0017CONFIG_26B47C1B_V1,ENGINE,STRATEGY_FACTORY_PLATFORM,EXCLUDED_PROTECTED_PLATFORM,0,100,True,False,False,sha256:b8ffceff3935af90aaf89eb8fd3a6297b5d56ea6ca7b2b41725e11aedca7594f
CHARPACKET_1F539B1ACE33533D230D27F6D6581118,ENG_STRATEGY_FACTORY_PLATFORM_SF20_EXP0017CONTRACTS_0CA3598B_V1,ENGINE,STRATEGY_FACTORY_PLATFORM,EXCLUDED_PROTECTED_PLATFORM,0,100,True,False,False,sha256:1b12be9db331595bee930373c41e4548f712957afd99c242d8f5081343179a6e
CHARPACKET_127C0E00EF9BF439EC28EEAEF953CE2F,ENG_STRATEGY_FACTORY_PLATFORM_SF20_EXP0017DEDUPREGISTRY_955C0CC2_V1,ENGINE,STRATEGY_FACTORY_PLATFORM,EXCLUDED_PROTECTED_PLATFORM,0,100,True,False,False,sha256:00ed424da13f6281154a0985cfe8f5e58aa32878b341461f0149c69c66938489
CHARPACKET_B3EC6FAD749DBE59719C665BC960A38D,ENG_STRATEGY_FACTORY_PLATFORM_SF20_EXP0017DIAGNOSTIC_A66846BD_V1,ENGINE,STRATEGY_FACTORY_PLATFORM,EXCLUDED_PROTECTED_PLATFORM,0,100,True,False,False,sha256:37c0b58d38859c3686a2ae52efa28c1c8cfd23b3566b3dfda868d29b1f0532d9
CHARPACKET_6FF70FD2F54610F3901211459A0AB349,ENG_STRATEGY_FACTORY_PLATFORM_SF20_EXP0017DIFFERENTIALLEDGER_C340A2F2_V1,ENGINE,STRATEGY_FACTORY_PLATFORM,EXCLUDED_PROTECTED_PLATFORM,0,100,True,False,False,sha256:7f06d49b9195daaeb077725bf29136ac7801d8d001695ae8f5c04656608e1710
CHARPACKET_214F26DFFB4E145D558A1B317653A738,ENG_STRATEGY_FACTORY_PLATFORM_SF20_EXP0017ENUMS_338E46C0_V1,ENGINE,STRATEGY_FACTORY_PLATFORM,EXCLUDED_PROTECTED_PLATFORM,0,100,True,False,False,sha256:3df8bd7099489d25d95a4e1541a3615ce0f8419724f3441847460d73d8b98f19
CHARPACKET_EAC6DA6486933C44D95F52CB1BE3FE51,ENG_STRATEGY_FACTORY_PLATFORM_SF20_EXP0017FACTORY_D2EB2CCB_V1,ENGINE,STRATEGY_FACTORY_PLATFORM,EXCLUDED_PROTECTED_PLATFORM,0,100,True,False,False,sha256:be20e6d2af138b5047d90512830ccc69d15be3b844488791638af0fbf37f99c4
CHARPACKET_8D9C31F9C79C5409085E78EE93D04A24,ENG_STRATEGY_FACTORY_PLATFORM_SF20_EXP0017FIXTURE_BB352F4D_V1,ENGINE,STRATEGY_FACTORY_PLATFORM,EXCLUDED_PROTECTED_PLATFORM,0,100,True,False,False,sha256:9418930de0824dc46e721ec7dbdcea1c1ad05c52b2c435ae936a8138f0f7956f
CHARPACKET_7DDEBDA20060FF08F013F9D3DE79D71C,ENG_STRATEGY_FACTORY_PLATFORM_SF20_EXP0017INTEGRATIONSELFTEST_A98A00E7_V1,ENGINE,STRATEGY_FACTORY_PLATFORM,EXCLUDED_PROTECTED_PLATFORM,0,100,True,False,False,sha256:d51ddb4f8c84f852889170dd7d5f14ec5b19cc6df98f6be7da089e3cdd6e887b
CHARPACKET_0F0B6CACADF539B1EBAE29C595262DC0,ENG_STRATEGY_FACTORY_PLATFORM_SF20_EXP0017LEGACYPROBE_A37E2C71_V1,ENGINE,STRATEGY_FACTORY_PLATFORM,EXCLUDED_PROTECTED_PLATFORM,0,100,True,False,False,sha256:68e778c806fce7ecafc20f12f564604d8d2112837d80abdfe741feb715dfb6d0
CHARPACKET_6557DE853619C93360ACE4F922C7BC04,ENG_STRATEGY_FACTORY_PLATFORM_SF20_EXP0017MAPPER_F27310C6_V1,ENGINE,STRATEGY_FACTORY_PLATFORM,EXCLUDED_PROTECTED_PLATFORM,35,100,True,False,False,sha256:6fb5460b60a651a202f5ac6ef334a91b81658f672f9d2942a0b5922c1ef1eeee
CHARPACKET_D7A29E97041088E71B4A65377AD2CCF1,ENG_STRATEGY_FACTORY_PLATFORM_SF20_EXP0017PILOTCOORDINATOR_3854A5FC_V1,ENGINE,STRATEGY_FACTORY_PLATFORM,EXCLUDED_PROTECTED_PLATFORM,0,100,True,False,False,sha256:0fc099796405a1fcee318a6cc134167bb6dd1a124bae10bd79e965fb71ee26b1
CHARPACKET_E5DACF49B3AB6C0EB3FD85244D44AF14,ENG_STRATEGY_FACTORY_PLATFORM_SF20_EXP0017PILOTHOST_1291C50F_V1,ENGINE,STRATEGY_FACTORY_PLATFORM,EXCLUDED_PROTECTED_PLATFORM,40,100,True,False,False,sha256:ea2fa60d52b694e547f481829b6afc11b41b5557a256b5a4498f3553d2469bc4
CHARPACKET_8DD547CED33BEB01AA88962915E06ABF,ENG_STRATEGY_FACTORY_PLATFORM_SF20_EXP0017PIPELINEBINDING_821F631F_V1,ENGINE,STRATEGY_FACTORY_PLATFORM,EXCLUDED_PROTECTED_PLATFORM,20,100,True,False,False,sha256:82da3507e6dd74544a8acf1838ad9468a06451cf54e609b6cbeaff9c93629871
CHARPACKET_27DAF5DA9706FDAFE8F33FDED0F73290,ENG_STRATEGY_FACTORY_PLATFORM_SF20_EXP0017PLUGIN_C020E7C6_V1,ENGINE,STRATEGY_FACTORY_PLATFORM,EXCLUDED_PROTECTED_PLATFORM,30,100,True,False,False,sha256:0c6b7f3e98221a2bf673e271021ea9a955b1d31ac213bd05248f58f0cf52309c
CHARPACKET_127F93C7CF45249A360D8A4D16D0C06A,ENG_STRATEGY_FACTORY_PLATFORM_SF_ANATOMYADAPTER_CC8F3260_V1,ENGINE,STRATEGY_FACTORY_PLATFORM,EXCLUDED_PROTECTED_PLATFORM,0,100,True,False,False,sha256:5d37abd2b2414d5e798f3fbd4cacce91ab27d26ed2ccb9fb411047629cd6e50b
CHARPACKET_7F12AB2B7DC5153C22C90A8C16E30348,ENG_STRATEGY_FACTORY_PLATFORM_SF_CANDIDATEPOLICIES_FE098A72_V1,ENGINE,STRATEGY_FACTORY_PLATFORM,EXCLUDED_PROTECTED_PLATFORM,0,100,True,False,False,sha256:d280fe0eecf97913213e62e5f795b0c75f04c95272e6798f732685ad84e56941
CHARPACKET_8AB6BDF36BEB2302BB6D3193349D963F,ENG_STRATEGY_FACTORY_PLATFORM_SF_CONTRACTS_53B5FA17_V1,ENGINE,STRATEGY_FACTORY_PLATFORM,EXCLUDED_PROTECTED_PLATFORM,35,100,True,False,False,sha256:de0c53de4a6765a092a851fe882b95a26ef93b6f0f36a6fd1f9859de77e76a0a
CHARPACKET_9F1AEECD4CBD219C191A70B2E0F8078F,ENG_STRATEGY_FACTORY_PLATFORM_SF_EXECUTIONBRIDGE_A2141F59_V1,ENGINE,STRATEGY_FACTORY_PLATFORM,EXCLUDED_PROTECTED_PLATFORM,0,100,True,False,False,sha256:11cf57ad97e31f6cb6747b31932f2be48edd217a0f425ab1bf821ededd46a8ff
CHARPACKET_3E542097A77B2239A3EEEB8A6008D8A2,ENG_STRATEGY_FACTORY_PLATFORM_SF_PAPERBROKER_1FCD5E00_V1,ENGINE,STRATEGY_FACTORY_PLATFORM,EXCLUDED_PROTECTED_PLATFORM,0,100,True,False,False,sha256:550a8d9381bef0ddcb11e3d15d25f0fbf46e1d4252259bddc443c2e77bca8810
CHARPACKET_3A2191A8FCCC4A630A81B8BAFEA818FB,ENG_STRATEGY_FACTORY_PLATFORM_SF_RISKGATE_2C0806A7_V1,ENGINE,STRATEGY_FACTORY_PLATFORM,EXCLUDED_PROTECTED_PLATFORM,0,100,True,False,False,sha256:6783feeb955c77bdb5b3a4c45c372589a905e27be484ec94e245423ea24f506e
CHARPACKET_DE02B7F4E037C3FAE6197EA651ED387E,ENG_STRATEGY_FACTORY_PLATFORM_SUPPORTGUARD_97BA945B_V1,ENGINE,STRATEGY_FACTORY_PLATFORM,EXCLUDED_PROTECTED_PLATFORM,0,100,True,False,False,sha256:ea467fd3fad59634cca709ff9724c424006332c2fe3246cba5bf6a9c0cbeb530
CHARPACKET_C5D48012A061F6CC230090E89B6F2D42,ENG_STRATEGY_FACTORY_PLATFORM_TELEMETRY_6D1FB8C4_V1,ENGINE,STRATEGY_FACTORY_PLATFORM,EXCLUDED_PROTECTED_PLATFORM,30,100,True,False,False,sha256:3b2159616d1118f08c390acac1f32a6bedc04b2dca6631b0d0b41ef679f9c02f
CHARPACKET_B33B8EB172390AC13136DD4B07D49251,ENG_STRATEGY_FACTORY_PLATFORM_TWINALL_A901B571_V1,ENGINE,STRATEGY_FACTORY_PLATFORM,EXCLUDED_PROTECTED_PLATFORM,0,100,True,False,False,sha256:52714dcb4c1866cfcaf803c1f58cb7adb7dbde00f8ea3955a6e4f13bf8b4dd8d
CHARPACKET_866281330B0ECD3D43E280CF97F9AD63,ENG_STRATEGY_FACTORY_PLATFORM_TWINAUTHORITY_7A8323B0_V1,ENGINE,STRATEGY_FACTORY_PLATFORM,EXCLUDED_PROTECTED_PLATFORM,0,100,True,False,False,sha256:278c1d9bef387468fe086d625a2130e6b7efeae0885e8f7e1285b69f0ec43520
CHARPACKET_7A58AD678FA852FF0932A4A87EDFC496,ENG_STRATEGY_FACTORY_PLATFORM_TWINCANONICAL_E8E6DFD0_V1,ENGINE,STRATEGY_FACTORY_PLATFORM,EXCLUDED_PROTECTED_PLATFORM,0,100,True,False,False,sha256:146bc738417a35cb6c98b2df3bcbb81361ed0b9d93ff072e78897503e98f6818
CHARPACKET_833F308F2BC7A11AFBF54A755FC8D5B2,ENG_STRATEGY_FACTORY_PLATFORM_TWINCATALOG_BCCB9C20_V1,ENGINE,STRATEGY_FACTORY_PLATFORM,EXCLUDED_PROTECTED_PLATFORM,0,100,True,False,False,sha256:ff1727182fa2f4409abb98bbb8c37f5c252d0e183119457cabfa0144960de459
CHARPACKET_17B4DD62EAE9A06877A7EB0CF501C26D,ENG_STRATEGY_FACTORY_PLATFORM_TWINCONTRACTS_0CF69974_V1,ENGINE,STRATEGY_FACTORY_PLATFORM,EXCLUDED_PROTECTED_PLATFORM,0,100,True,False,False,sha256:83271b11ece8a7804c0e87ef8e94e4b5a437cdb832951bbbb1bf185ca7bf5d8a
CHARPACKET_33A2A15344B69BE5C33B83FF1C556288,ENG_STRATEGY_FACTORY_PLATFORM_TWINDIAGNOSTICS_EB702687_V1,ENGINE,STRATEGY_FACTORY_PLATFORM,EXCLUDED_PROTECTED_PLATFORM,0,100,True,False,False,sha256:bb7f2f565e7eebc57061896ac4ffaee610db8ad357ba4f7e404e5126cfcc5bbe
CHARPACKET_E76924E0D970544629E76EEE30A60DA0,ENG_STRATEGY_FACTORY_PLATFORM_TWINENUMS_70ADD205_V1,ENGINE,STRATEGY_FACTORY_PLATFORM,EXCLUDED_PROTECTED_PLATFORM,0,100,True,False,False,sha256:a9d649c7ab05593ee3378afdd37017665eb4813955326791e82ac515e426c32e
CHARPACKET_A4AC5516692A2A64C9D33FECB7A9EA2B,ENG_STRATEGY_FACTORY_PLATFORM_TWININTEGRITY_8CBD8527_V1,ENGINE,STRATEGY_FACTORY_PLATFORM,EXCLUDED_PROTECTED_PLATFORM,0,100,True,False,False,sha256:6d6063226c022dcf51339cf3b1f9bee314a20248a2953e48e399b1f6db516a71
CHARPACKET_48CA3BDD8DD58273E31BE864DE8D64FE,ENG_STRATEGY_FACTORY_PLATFORM_TWINLIFECYCLE_93D48D7C_V1,ENGINE,STRATEGY_FACTORY_PLATFORM,EXCLUDED_PROTECTED_PLATFORM,0,100,True,False,False,sha256:7bfae57e06ac3d4db80e336bd0fd4b15dc5cbf9488061e7acdf9de5f299897b6
CHARPACKET_977F5DB693829302C7AAF573F2CEA744,ENG_STRATEGY_FACTORY_PLATFORM_TWINSUPPORT_3D3E12DD_V1,ENGINE,STRATEGY_FACTORY_PLATFORM,EXCLUDED_PROTECTED_PLATFORM,0,100,True,False,False,sha256:80390e6f9c059923aa5c5f12883bddbbc5959ce1a659808cad53524dca40aabb
CHARPACKET_CDA6A0FC426B8E2D3B2E2E00EF64D954,ENG_STRATEGY_FACTORY_PLATFORM_UCE02_ALL_E71E9A75_V1,ENGINE,STRATEGY_FACTORY_PLATFORM,EXCLUDED_PROTECTED_PLATFORM,0,100,True,False,False,sha256:da790c4ac7b2cf273528d829d811701f8adce9e84424034028d38d9b50058090
CHARPACKET_327931B32A318E45AAF61E05873AF951,ENG_STRATEGY_FACTORY_PLATFORM_UCE02_CLUSTER_2F9BC11E_V1,ENGINE,STRATEGY_FACTORY_PLATFORM,EXCLUDED_PROTECTED_PLATFORM,0,100,True,False,False,sha256:a40113df412cd7215e2cf039cc80c5a0cea7c081e6c113587de78c83d1476c5a
CHARPACKET_C7E953B1850F6290ACA666CBE70CF75E,ENG_STRATEGY_FACTORY_PLATFORM_UCE02_CONFORMANCE_14577A99_V1,ENGINE,STRATEGY_FACTORY_PLATFORM,EXCLUDED_PROTECTED_PLATFORM,0,100,True,False,False,sha256:744e63d07c5c6abe9fc594410d8441085be0e5f8391f4a656cc15bf543a6cf39
CHARPACKET_7126279999AEE719620E45D2C067F5D6,ENG_STRATEGY_FACTORY_PLATFORM_UCE02_CONTEXTPACKAGE_F6A4AA5D_V1,ENGINE,STRATEGY_FACTORY_PLATFORM,EXCLUDED_PROTECTED_PLATFORM,0,100,True,False,False,sha256:93b73ed7f1aafdc00fcaa75a63c0ff854a2e93ed4becaa5ec696a926cb550644
CHARPACKET_E35782EEDA36BC337CEB717CFDB33093,ENG_STRATEGY_FACTORY_PLATFORM_UCE02_ENUMS_BAF7F60F_V1,ENGINE,STRATEGY_FACTORY_PLATFORM,EXCLUDED_PROTECTED_PLATFORM,0,100,True,False,False,sha256:20b1371542f352c1074bf15fb5be7ae37a36877cfbbcc7e2d1746f9f65c3d37e
CHARPACKET_41C02A59645BE8B9EEBCCEE983E1BD7D,ENG_STRATEGY_FACTORY_PLATFORM_UCE02_EXP0017REFERENCE_58FA18B0_V1,ENGINE,STRATEGY_FACTORY_PLATFORM,EXCLUDED_PROTECTED_PLATFORM,15,100,True,False,False,sha256:ddd36c63af79669ba249fff10db788bb03441d3e2c9835e8d7eb6083bdd390a3
CHARPACKET_98732C7472A66DDBA04D6EC48A552AF1,ENG_STRATEGY_FACTORY_PLATFORM_UCE02_FEATURE_36AB9471_V1,ENGINE,STRATEGY_FACTORY_PLATFORM,EXCLUDED_PROTECTED_PLATFORM,0,100,True,False,False,sha256:6d829b03f5d5ecc3c05e50d5fb60380f7f8c5c74d4444766562a946672e8dd17
CHARPACKET_805ED3FC2026A013CBC35CB7E30D3B6A,ENG_STRATEGY_FACTORY_PLATFORM_UCE02_LIFECYCLE_A38598C0_V1,ENGINE,STRATEGY_FACTORY_PLATFORM,EXCLUDED_PROTECTED_PLATFORM,0,100,True,False,False,sha256:5c38fbd122076d775c4e592b00b9cef7c906c788286dacfb90261a468df988c9
CHARPACKET_EF16898842BE80FB1E0E1D10D1D5EF6C,ENG_STRATEGY_FACTORY_PLATFORM_UCE02_MANIFEST_93448620_V1,ENGINE,STRATEGY_FACTORY_PLATFORM,EXCLUDED_PROTECTED_PLATFORM,15,100,True,False,False,sha256:704dfaad442222b2a396a59fb45b71d3b3daca3b6fd6e42cd0b596efcde1181a
CHARPACKET_C07D9B20B0CB020098CC6F9CC10FE48A,ENG_STRATEGY_FACTORY_PLATFORM_UCE02_OBSERVATION_37D2E624_V1,ENGINE,STRATEGY_FACTORY_PLATFORM,EXCLUDED_PROTECTED_PLATFORM,15,100,True,False,False,sha256:ebee77fcee36bc7f9d57506e6239b127f5ff64781eec04f58f599a0fed9b4e41
CHARPACKET_B262882EC3F215B5EFD82B804B394B3E,ENG_STRATEGY_FACTORY_PLATFORM_UCE02_REFERENCESYNTHETIC_4567A6E1_V1,ENGINE,STRATEGY_FACTORY_PLATFORM,EXCLUDED_PROTECTED_PLATFORM,35,100,True,False,False,sha256:b47244c664e43f50494425551d3ba226dfcdd640185455e20d1fc4112107545c
CHARPACKET_A5D18CADDF600E5B3EF757909F898454,ENG_STRATEGY_FACTORY_PLATFORM_UCE02_REGISTRY_55D87CAD_V1,ENGINE,STRATEGY_FACTORY_PLATFORM,EXCLUDED_PROTECTED_PLATFORM,0,100,True,False,False,sha256:cc48992000d5eaf92e22df44d32fa29578d4f9350978a97b09f432b23707f5c4
CHARPACKET_24323DE4DBF1645B977AD5EB2F4B0659,ENG_STRATEGY_FACTORY_PLATFORM_UCE02_REPRESENTATION_49DF3D62_V1,ENGINE,STRATEGY_FACTORY_PLATFORM,EXCLUDED_PROTECTED_PLATFORM,0,100,True,False,False,sha256:481e25066201d1550718f2b21355030512ab5a2bd211304b00cba8aa8e0161e6
CHARPACKET_49D0EAAB3CFCE38839C0BB913CD822F7,ENG_STRATEGY_FACTORY_PLATFORM_UCE03_ALLCONTRACTS_74F966F8_V1,ENGINE,STRATEGY_FACTORY_PLATFORM,EXCLUDED_PROTECTED_PLATFORM,0,100,True,False,False,sha256:29fcb01a7135a604a9007942fe0c586a2c6e9858b18095b08ac600f46a1050ef
CHARPACKET_E7FC9714B56258463158F1564B3ADD5F,ENG_STRATEGY_FACTORY_PLATFORM_UCE03_CANONICALCODEC_16ED9063_V1,ENGINE,STRATEGY_FACTORY_PLATFORM,EXCLUDED_PROTECTED_PLATFORM,0,100,True,False,False,sha256:dad155a41ae759ef0f707c2f16f2ed06aa2580cc35611fcaa0c213ea693fffb5
CHARPACKET_6B4FB2C459E0381EDBB1A7CDBFAC6B2D,ENG_STRATEGY_FACTORY_PLATFORM_UCE03_CAPABILITY_7374C966_V1,ENGINE,STRATEGY_FACTORY_PLATFORM,EXCLUDED_PROTECTED_PLATFORM,0,100,True,False,False,sha256:970060800759504423109aa98e851e614c088e3553cd0968c5ee805ee8331465
CHARPACKET_5256134079B60803A5DF8E019FFDDAAF,ENG_STRATEGY_FACTORY_PLATFORM_UCE03_COMPATIBILITY_0BA0E730_V1,ENGINE,STRATEGY_FACTORY_PLATFORM,EXCLUDED_PROTECTED_PLATFORM,0,100,True,False,False,sha256:873e5f102a9d473af9e3ca9151f4b236b11b54bd5d1550b94aece9daa5fe4082
CHARPACKET_71AED0FEDF6E7217FECE8F3A9FEBEFDF,ENG_STRATEGY_FACTORY_PLATFORM_UCE03_CONTRACTVERSION_B0DED168_V1,ENGINE,STRATEGY_FACTORY_PLATFORM,EXCLUDED_PROTECTED_PLATFORM,0,100,True,False,False,sha256:372fca2404f09411ecd467f9479428ad7bfa6cc4a01518f2731dbd1d20fa2df8
CHARPACKET_E797D505EA052847B871BD73C131FA98,ENG_STRATEGY_FACTORY_PLATFORM_UCE03_ENUMS_6584CE3A_V1,ENGINE,STRATEGY_FACTORY_PLATFORM,EXCLUDED_PROTECTED_PLATFORM,0,100,True,False,False,sha256:ec970595b6bce7e742a362f2c2ff371b88bec5d6226038e0891ff0117954e1a0
CHARPACKET_7A372BA98D10AC91CE1CD29242832807,ENG_STRATEGY_FACTORY_PLATFORM_UCE03_HASH_ADDAFF8B_V1,ENGINE,STRATEGY_FACTORY_PLATFORM,EXCLUDED_PROTECTED_PLATFORM,0,100,True,False,False,sha256:94f46499e70f722ff366f6a17cac8f9b6d8d00b54c26b7589851a77b58183fa1
CHARPACKET_BBE295829E80DA47FD06CDE014F1DA03,ENG_STRATEGY_FACTORY_PLATFORM_UCE03_IDENTITY_0CF7465E_V1,ENGINE,STRATEGY_FACTORY_PLATFORM,EXCLUDED_PROTECTED_PLATFORM,0,100,True,False,False,sha256:6e8573ad7ed590d6d848a9faca1919e042a4c8f18a923cb7e0d9d96850239ffe
CHARPACKET_46DE4C3D5F7CA8054ACA82C5AB8F201C,ENG_STRATEGY_FACTORY_PLATFORM_UCE03_KNOWNTIME_C913E89D_V1,ENGINE,STRATEGY_FACTORY_PLATFORM,EXCLUDED_PROTECTED_PLATFORM,0,100,True,False,False,sha256:bd7bd26c70f414159241bcb36b34a02f1c75a8332dcc0658200bd76be31ebb1f
CHARPACKET_81CD17481888E724AB709D02E1FDC032,ENG_STRATEGY_FACTORY_PLATFORM_UCE03_LEGACYBRIDGE_02E6A3A4_V1,ENGINE,STRATEGY_FACTORY_PLATFORM,EXCLUDED_PROTECTED_PLATFORM,0,100,True,False,False,sha256:98a7a2fb5d9bce9cde627e11b599b804ccd449e6ced351e337ef6a9b7bec95cb
CHARPACKET_5B429406EA38621E06B9787F400DB7B0,ENG_STRATEGY_FACTORY_PLATFORM_UCE03_MIGRATION_9D3805BB_V1,ENGINE,STRATEGY_FACTORY_PLATFORM,EXCLUDED_PROTECTED_PLATFORM,0,100,True,False,False,sha256:8ffd0e219ae46fcb47f895e733274a8aaf40078fe7dea746a63ba26649e19dad
CHARPACKET_69FB04139B4F9ACCD9E4B574505B5D9B,ENG_STRATEGY_FACTORY_PLATFORM_UCE03_RELEASE_5F278799_V1,ENGINE,STRATEGY_FACTORY_PLATFORM,EXCLUDED_PROTECTED_PLATFORM,0,100,True,False,False,sha256:0b8228e61315778d96947398a93d9ff7b118ef1afb65a813434ff447e7753bcd
CHARPACKET_51F53FA403E12A6672FF3D226181A009,ENG_STRATEGY_FACTORY_PLATFORM_UCE03_SCHEMAREGISTRY_089E86D9_V1,ENGINE,STRATEGY_FACTORY_PLATFORM,EXCLUDED_PROTECTED_PLATFORM,0,100,True,False,False,sha256:69c2e40c798e9affe5dd20a388941c1fbff0752ae3d6d3db06068e0aa2ee54ae
CHARPACKET_9C0290653F676C5888EFD48B6E77C23D,ENG_STRATEGY_FACTORY_PLATFORM_UCE03_SCHEMA_49F1C597_V1,ENGINE,STRATEGY_FACTORY_PLATFORM,EXCLUDED_PROTECTED_PLATFORM,0,100,True,False,False,sha256:6ff3fbb394a879e04296c5ac50caa4097860c00de894326479a1e25e0491491d
CHARPACKET_B3CBEE531ED03DE6FE2EA424E9E64ECA,ENG_STRATEGY_FACTORY_PLATFORM_UCE03_TELEMETRY_E33C70E7_V1,ENGINE,STRATEGY_FACTORY_PLATFORM,EXCLUDED_PROTECTED_PLATFORM,0,100,True,False,False,sha256:16b103fe1b8ee6d314a7652ffca9478ba11e23d6d18de381dffaf906532bef92
CHARPACKET_82702C6DEDFB8ADA2DB2B60152B89D36,ENG_STRATEGY_FACTORY_PLATFORM_UCEI03_ALL_67D7A0D6_V1,ENGINE,STRATEGY_FACTORY_PLATFORM,EXCLUDED_PROTECTED_PLATFORM,0,100,True,False,False,sha256:fbf41d54dd867faa235525816082305b6eccae7ab6a18b33fba0be147fd7a181
CHARPACKET_F4AED0533821E023B3E690866F2365AF,ENG_STRATEGY_FACTORY_PLATFORM_UCEI03_CATALOG_F4C3E2F4_V1,ENGINE,STRATEGY_FACTORY_PLATFORM,EXCLUDED_PROTECTED_PLATFORM,20,100,True,False,False,sha256:1b18d9fa0507dda9de93d79db93711ecc457b0c4914e8f9ad5ee4437d400ecaf
CHARPACKET_FEBF3681C3831AC390A32D154935E5E4,ENG_STRATEGY_FACTORY_PLATFORM_UCEI03_CONFORMANCE_BE8621D9_V1,ENGINE,STRATEGY_FACTORY_PLATFORM,EXCLUDED_PROTECTED_PLATFORM,20,100,True,False,False,sha256:bbf4090396c8a2d187da2da54544409ebedcace9a453838f537852ad58f4e615
CHARPACKET_84366333F4D3F1D5E0C249BB5818AC13,ENG_STRATEGY_FACTORY_PLATFORM_UCEI03_CONTRACTS_C623608E_V1,ENGINE,STRATEGY_FACTORY_PLATFORM,EXCLUDED_PROTECTED_PLATFORM,20,100,True,False,False,sha256:4ac90e2efcf8d9d982bb71bb369b1c3ef9d1e9a17a7c57e3f87f72b58c57917e
CHARPACKET_D213179F526F65F1076886CCF8B9CC2D,ENG_STRATEGY_FACTORY_PLATFORM_UCEI03_ENTRYATOMS_90633D89_V1,ENGINE,STRATEGY_FACTORY_PLATFORM,EXCLUDED_PROTECTED_PLATFORM,20,100,True,False,False,sha256:1a11b5d892a6b79b7c045429c4a9b839fba69d0f89f510f87af51e508c4be57e
CHARPACKET_DDEA6BD09E71BEEB3AB0B39049AAC358,ENG_STRATEGY_FACTORY_PLATFORM_UCEI03_ENUMS_FF8D0D54_V1,ENGINE,STRATEGY_FACTORY_PLATFORM,EXCLUDED_PROTECTED_PLATFORM,0,100,True,False,False,sha256:eea78f3f7ed1660129824c6474c4cbec16f1c07e66af0a90826b8d261dff90a2
CHARPACKET_29F6E2DB40E312546E3368BE82C3D85E,ENG_STRATEGY_FACTORY_PLATFORM_UCEI03_PARAMETERPACKET_195D47BF_V1,ENGINE,STRATEGY_FACTORY_PLATFORM,EXCLUDED_PROTECTED_PLATFORM,0,100,True,False,False,sha256:8209f52f96ad5e37231cd9fe6480b9f866c7173162a167ee3769ae10938cc148
CHARPACKET_8E8A1A4F8C40F0ED2BF2738190937B47,ENG_STRATEGY_FACTORY_PLATFORM_UCEI03_PRICEMATH_C780391A_V1,ENGINE,STRATEGY_FACTORY_PLATFORM,EXCLUDED_PROTECTED_PLATFORM,0,100,True,False,False,sha256:d5c32adf8e84c1518a5b929e0c0ed180c79841910001e5bb010bbc7d0d0d2026
CHARPACKET_2E5383F09C83B45CB6D46E8914A0391B,ENG_STRATEGY_FACTORY_PLATFORM_UCEI03_REGISTRY_5B1D2D53_V1,ENGINE,STRATEGY_FACTORY_PLATFORM,EXCLUDED_PROTECTED_PLATFORM,0,100,True,False,False,sha256:2d4407c7577c44e67a713a713bbfe81c99b3c742dd2450fbcbfb317574d5ab6c
CHARPACKET_F9D307667018CBB95951DE60FFD1C2CE,ENG_STRATEGY_FACTORY_PLATFORM_UCEI03_RULEATOMS_F2F03F87_V1,ENGINE,STRATEGY_FACTORY_PLATFORM,EXCLUDED_PROTECTED_PLATFORM,20,100,True,False,False,sha256:ac7df442def2916844ff053a28d3c59898d2792e3cc3549beaf560f075d41576
CHARPACKET_1BDF5932DEBD5906D837AF8095F6DB84,ENG_STRATEGY_FACTORY_PLATFORM_UCEI03_STOPTARGETATOMS_1E311A5A_V1,ENGINE,STRATEGY_FACTORY_PLATFORM,EXCLUDED_PROTECTED_PLATFORM,20,100,True,False,False,sha256:7133aab44495c6c9baf00b2a58fe6fd145b13faab469ed245c9ec4c0f4c9d7ed
CHARPACKET_2AF86D7AF0E8BC8A6F20D41C6B2DCFE4,ENG_STRATEGY_FACTORY_PLATFORM_UCEI04_ALL_EAC7653B_V1,ENGINE,STRATEGY_FACTORY_PLATFORM,EXCLUDED_PROTECTED_PLATFORM,0,100,True,False,False,sha256:f9c14c56035ee655d6432cdc061ef69eebc361599f2d457dd51e875b61fcf74d
CHARPACKET_0B248258CA471DC777C85F0F06A97532,ENG_STRATEGY_FACTORY_PLATFORM_UCEI04_COMPATIBILITY_4EEEFE60_V1,ENGINE,STRATEGY_FACTORY_PLATFORM,EXCLUDED_PROTECTED_PLATFORM,0,100,True,False,False,sha256:e8e42708a13b71093bc830e537bde0c7d5c0c29d29cea06719ff6bd4efae86ef
CHARPACKET_D821EF273E1490F8DFE5EA509DF8B5D6,ENG_STRATEGY_FACTORY_PLATFORM_UCEI04_COMPILER_7B59BEBC_V1,ENGINE,STRATEGY_FACTORY_PLATFORM,EXCLUDED_PROTECTED_PLATFORM,0,100,True,False,False,sha256:9d27cc611fad504fd9d76d5bc73f7c63afe4a48a0d544e984339d53a875ec850
CHARPACKET_89152415C794A03626DB738F4124CBEA,ENG_STRATEGY_FACTORY_PLATFORM_UCEI04_CONFORMANCE_3EEAA3CD_V1,ENGINE,STRATEGY_FACTORY_PLATFORM,EXCLUDED_PROTECTED_PLATFORM,20,100,True,False,False,sha256:dc4950311dbf45f046f32843893a6cbbe3828967bde93da579bec129690cb57f
CHARPACKET_36323591545129FEE188D1B136F4B1A0,ENG_STRATEGY_FACTORY_PLATFORM_UCEI04_CONTRACTS_540AC77E_V1,ENGINE,STRATEGY_FACTORY_PLATFORM,EXCLUDED_PROTECTED_PLATFORM,0,100,True,False,False,sha256:afa2c4066b7935f6e80cc574fb0c136f67f907b16d76403f599048fe00194313
CHARPACKET_7F099E6625012D63822FC8766C0F0AE0,ENG_STRATEGY_FACTORY_PLATFORM_UCEI04_ENUMS_E5D20B55_V1,ENGINE,STRATEGY_FACTORY_PLATFORM,EXCLUDED_PROTECTED_PLATFORM,0,100,True,False,False,sha256:aa296c3ab2f5d596d712f87b978cfe9d62263f4830a117a3725f8d5c79816865
CHARPACKET_5E4DF21BA46B0D6BB8D4932C6C4D125B,ENG_STRATEGY_FACTORY_PLATFORM_UCEI04_GOLDENPATHS_D44FE767_V1,ENGINE,STRATEGY_FACTORY_PLATFORM,EXCLUDED_PROTECTED_PLATFORM,20,100,True,False,False,sha256:1a751b12cdb674b1b0779183241398bfb0bede0721dfb0a225f2498f6f98a6f3
CHARPACKET_FAD9B27C3AC84E4C0B638708A68F7577,ENG_STRATEGY_FACTORY_PLATFORM_UCEI04_INTRABARPOLICY_C16AD6C5_V1,ENGINE,STRATEGY_FACTORY_PLATFORM,EXCLUDED_PROTECTED_PLATFORM,0,100,True,False,False,sha256:e62229a9fbf5762904d7d679ef486a5aae0e07ed9f8059a81f6b2eaf972b172d
CHARPACKET_543974D6D109140801265ABE103DB9F0,ENG_STRATEGY_FACTORY_PLATFORM_UCEI04_MANUAL_3124B3CC_V1,ENGINE,STRATEGY_FACTORY_PLATFORM,EXCLUDED_PROTECTED_PLATFORM,0,100,True,False,False,sha256:8db00afb579c89c2753c615f8abaa00430cd8a79c692745c62173fc9fdbe6530
CHARPACKET_3B1F47D715FA4397EC5CA6D44A0DC2B7,ENG_STRATEGY_FACTORY_PLATFORM_UCEI04_MATRIX_977D6846_V1,ENGINE,STRATEGY_FACTORY_PLATFORM,EXCLUDED_PROTECTED_PLATFORM,0,100,True,False,False,sha256:f21f1869ca7db6ea6a20a275a5f777e39fe22e7c0fa2b5eb8f301dfebf18afb6
CHARPACKET_210891F70245CD597EE8E647723F6B06,ENG_STRATEGY_FACTORY_PLATFORM_UCEI04_PATHSTATEMACHINE_C160112D_V1,ENGINE,STRATEGY_FACTORY_PLATFORM,EXCLUDED_PROTECTED_PLATFORM,0,100,True,False,False,sha256:dcf927872df3cf86b3d47f93d39223a30b2ba365d5616fa2068e08bd729a4d34
CHARPACKET_2975421843FDDA3D183E2A191CB4FEAC,ENG_STRATEGY_FACTORY_PLATFORM_UCEI05_ALL_99C0CC76_V1,ENGINE,STRATEGY_FACTORY_PLATFORM,EXCLUDED_PROTECTED_PLATFORM,0,100,True,False,False,sha256:65e6b4b2c75fc4900aeab79351e843583f4ae7fb685ffe6cb65a37142a24e18c
CHARPACKET_49F071AC095BC14F2EBF10FD99E45556,ENG_STRATEGY_FACTORY_PLATFORM_UCEI05_BROKERCONSTRAINTSOLVER_A8C1AF57_V1,ENGINE,STRATEGY_FACTORY_PLATFORM,EXCLUDED_PROTECTED_PLATFORM,0,100,True,False,False,sha256:d7a98ccc550657d0424c6db6ca7bbef914bd78d118455c64e7ae741968e9eb76
CHARPACKET_7571F05D586319242CAA4988FC50B886,ENG_STRATEGY_FACTORY_PLATFORM_UCEI05_CAPITALPOLICIES_1210C049_V1,ENGINE,STRATEGY_FACTORY_PLATFORM,EXCLUDED_PROTECTED_PLATFORM,0,100,True,False,False,sha256:53e6dfaed107b83f726c2215ed35a79070bc94bef4d0e02cbd07f4daa8827a6c
CHARPACKET_1F8FA7AA28A943A8F600148BB2C63F4D,ENG_STRATEGY_FACTORY_PLATFORM_UCEI05_CONFORMANCE_298704C9_V1,ENGINE,STRATEGY_FACTORY_PLATFORM,EXCLUDED_PROTECTED_PLATFORM,0,100,True,False,False,sha256:a5faf814e04ea8ff5b1ef390715392aa163f167c2e2c8847bda1214e3c2b80b9
CHARPACKET_64D6567617FEFC143DA5301D509BBAC7,ENG_STRATEGY_FACTORY_PLATFORM_UCEI05_CONTRACTS_71DD3085_V1,ENGINE,STRATEGY_FACTORY_PLATFORM,EXCLUDED_PROTECTED_PLATFORM,0,100,True,False,False,sha256:54203174386946275ef87300509b5e73cd1133349b1ae5ea99c3dcabf244cfec
CHARPACKET_569683BE6ECE7A8268BD3F057EC6B217,ENG_STRATEGY_FACTORY_PLATFORM_UCEI05_COSTMODEL_33B53F52_V1,ENGINE,STRATEGY_FACTORY_PLATFORM,EXCLUDED_PROTECTED_PLATFORM,0,100,True,False,False,sha256:53571b20c857c19951908c4435ab3b40e5780c07798a1135c90570061f801b4b
CHARPACKET_9650F7FE0A55ECF34F527F5D4E255A81,ENG_STRATEGY_FACTORY_PLATFORM_UCEI05_ENUMS_8B8F8242_V1,ENGINE,STRATEGY_FACTORY_PLATFORM,EXCLUDED_PROTECTED_PLATFORM,0,100,True,False,False,sha256:84b3c268ccc3a7fb67fda49d3e98396d0d70227d256c15e2a39fe083a58e5b85
CHARPACKET_DDAB1E3F06946E0598775A2D09454DBC,ENG_STRATEGY_FACTORY_PLATFORM_UCEI05_EXECUTABLEPRICEKERNEL_73D7964F_V1,ENGINE,STRATEGY_FACTORY_PLATFORM,EXCLUDED_PROTECTED_PLATFORM,0,100,True,False,False,sha256:3dbe1b6b61388ac5b8c9d485c2cb78aa8ffe62412ed6da158e57680c1cf5662a
CHARPACKET_677699BD1D00435D4DE41942EAE343D7,ENG_STRATEGY_FACTORY_PLATFORM_UCEI05_MAXIMUMLOSSSOLVER_15C6D5A6_V1,ENGINE,STRATEGY_FACTORY_PLATFORM,EXCLUDED_PROTECTED_PLATFORM,0,100,True,False,False,sha256:3d541310da68b7aff60ad5eed0ecb84a8147d521c974ac19bc735c70a7600353
CHARPACKET_A563EA3530D7A7D509C0AD121628A07C,ENG_STRATEGY_FACTORY_PLATFORM_UCEI05_RESERVATIONLEDGER_21ED65B8_V1,ENGINE,STRATEGY_FACTORY_PLATFORM,EXCLUDED_PROTECTED_PLATFORM,0,100,True,False,False,sha256:3eefd76ef3cee7e1f745148e9156c3ac3a6769bf4373df2369da188517381d3f
CHARPACKET_F77378E06727C89C6582D451408A0E70,ENG_STRATEGY_FACTORY_PLATFORM_UCEI05_STRESSSUITE_906DA34E_V1,ENGINE,STRATEGY_FACTORY_PLATFORM,EXCLUDED_PROTECTED_PLATFORM,0,100,True,False,False,sha256:566eb5b098018a712aea029d47b4d6487deef81a6c767318ae0fc1de11fc21ee
CHARPACKET_5D9AEFF03BF122C792FEBD0F58ABE1A2,ENG_STRATEGY_FACTORY_PLATFORM_UCEI06_ALL_045EF274_V1,ENGINE,STRATEGY_FACTORY_PLATFORM,EXCLUDED_PROTECTED_PLATFORM,0,100,True,False,False,sha256:871314d3f421bd355ee027f8bc540e4cc8dc064931d3e1f49e6838488d8f703f
CHARPACKET_2AAB52D8ABC768C9DD0053BA7FF3B0AB,ENG_STRATEGY_FACTORY_PLATFORM_UCEI06_CONTRACTS_5A48A558_V1,ENGINE,STRATEGY_FACTORY_PLATFORM,EXCLUDED_PROTECTED_PLATFORM,15,100,True,False,False,sha256:86b739dfcf53a6cc2a0bf85c59d44012b38de9e379d240a79763060d62de9178
CHARPACKET_02A094AC624815E0ACDC4F863710772F,ENG_STRATEGY_FACTORY_PLATFORM_UCEI06_ENUMS_D932E629_V1,ENGINE,STRATEGY_FACTORY_PLATFORM,EXCLUDED_PROTECTED_PLATFORM,0,100,True,False,False,sha256:b11b550ac6278712182bc5126796fbb30157f3b5b843b986234b54535c9deeb9
CHARPACKET_C143C90EB104BA65214073DA6950E8CC,ENG_STRATEGY_FACTORY_PLATFORM_UCEI06_IDENTITY_323AC243_V1,ENGINE,STRATEGY_FACTORY_PLATFORM,EXCLUDED_PROTECTED_PLATFORM,0,100,True,False,False,sha256:f937ae9cbf80242cb23a9b5b6d94f89c5cbb86b051e730f8986f294c4d53ae26
CHARPACKET_74B4AA447978C25960CD6B24115B03E6,ENG_STRATEGY_FACTORY_PLATFORM_UCEI06_LABELCOMPILER_64D45896_V1,ENGINE,STRATEGY_FACTORY_PLATFORM,EXCLUDED_PROTECTED_PLATFORM,0,100,True,False,False,sha256:e6977d6f13aebacdbd0a7915dda67bcc0f45e281935ad594188f175241d6dbb0
CHARPACKET_68AF9A084ECFB521E7CFAE9B9A48A09C,ENG_STRATEGY_FACTORY_PLATFORM_UCEI06_LEAKAGEAUDIT_C6BC1FEF_V1,ENGINE,STRATEGY_FACTORY_PLATFORM,EXCLUDED_PROTECTED_PLATFORM,0,100,True,False,False,sha256:64ae04c83ef882d69f87b68d144f887805c8cf76351c2cdb5cdadd33f3974811
CHARPACKET_26A248B3E69B5A5F5814197AEA89C874,ENG_STRATEGY_FACTORY_PLATFORM_UCEI06_MATURITYENGINE_008A3AA5_V1,ENGINE,STRATEGY_FACTORY_PLATFORM,EXCLUDED_PROTECTED_PLATFORM,0,100,True,False,False,sha256:47b0d9d73134906296a8e968a412b9a690fa21c8d74c07f5316939c1b4649cac
CHARPACKET_356090006FA71A90E529AEBFA1493303,ENG_STRATEGY_FACTORY_PLATFORM_UCEI06_OPPORTUNITYANCHOR_ACD9C9C2_V1,ENGINE,STRATEGY_FACTORY_PLATFORM,EXCLUDED_PROTECTED_PLATFORM,15,100,True,False,False,sha256:f099b0ea5a5508f4f9281a1edd0a3bbc7c3be5e3f7cd8ae83d16cade5bacb553
CHARPACKET_639B3FBE287D00B24B5D19E386051480,ENG_STRATEGY_FACTORY_PLATFORM_UCEI06_OUTCOMECUBE_1F9E70D1_V1,ENGINE,STRATEGY_FACTORY_PLATFORM,EXCLUDED_PROTECTED_PLATFORM,20,100,True,False,False,sha256:838b6c1f31c25f69adcd987307478e0da98a5bd0bc0498bd3b25186e55f2aba1
CHARPACKET_BA370E84B22DC7E55C2D8BC2556E2039,ENG_STRATEGY_FACTORY_PLATFORM_UCEI06_SPLITPLANNER_431C575E_V1,ENGINE,STRATEGY_FACTORY_PLATFORM,EXCLUDED_PROTECTED_PLATFORM,0,100,True,False,False,sha256:acc930923039e20ba4137583d33a5037d58c5577e4c96dc6c09aadac4eab78ff
CHARPACKET_B987C4E76B5E97CDCFA8EEF7075CDFB2,ENG_STRATEGY_FACTORY_PLATFORM_UCEI06_TELEMETRY_1F380A71_V1,ENGINE,STRATEGY_FACTORY_PLATFORM,EXCLUDED_PROTECTED_PLATFORM,0,100,True,False,False,sha256:a7cddb212451bb8326d4711102dd885b53975cd8fc6cd746475c116db8f82c4f
CHARPACKET_2603B5D039D71BC43150004ACBF4C827,ENG_STRATEGY_FACTORY_PLATFORM_UCEI07_ALL_C7CE840A_V1,ENGINE,STRATEGY_FACTORY_PLATFORM,EXCLUDED_PROTECTED_PLATFORM,0,100,True,False,False,sha256:e901edf200fc90beae7368f98743742971dfc343f109d60d4cc6d775c9428a14
CHARPACKET_960002B1CE8F3737365945B066805453,ENG_STRATEGY_FACTORY_PLATFORM_UCEI07_ARTIFACTVALIDATOR_53C0C7F9_V1,ENGINE,STRATEGY_FACTORY_PLATFORM,EXCLUDED_PROTECTED_PLATFORM,0,100,True,False,False,sha256:14e321932a07a9260c173b5e5bac046da6de6e73b9f87475ef7928ad5b1821a6
CHARPACKET_099C222C4E44ABB322B29C13251580E3,ENG_STRATEGY_FACTORY_PLATFORM_UCEI07_CAPABILITYMATCHER_4CDA34B7_V1,ENGINE,STRATEGY_FACTORY_PLATFORM,EXCLUDED_PROTECTED_PLATFORM,0,100,True,False,False,sha256:42951fad192280a89637d587df8628f89bf07b868bd43f852462054ea01bc76b
CHARPACKET_D6F9D397604BA64C131327C468324297,ENG_STRATEGY_FACTORY_PLATFORM_UCEI07_CONTRACTS_DA39ED39_V1,ENGINE,STRATEGY_FACTORY_PLATFORM,EXCLUDED_PROTECTED_PLATFORM,0,100,True,False,False,sha256:bfcc20bd3fdaad3d6fd8bd6de53e44985d96dc8cf9e561ee0607ded0bc3c5260
CHARPACKET_212A5BE4C744FD0C5C99409D5A28441B,ENG_STRATEGY_FACTORY_PLATFORM_UCEI07_ENUMS_8C4BAF9E_V1,ENGINE,STRATEGY_FACTORY_PLATFORM,EXCLUDED_PROTECTED_PLATFORM,0,100,True,False,False,sha256:3d37bbc173e0c2d5258c0d1fc1bbe3b36affe9b4be43c1d65935752fbe9620af
CHARPACKET_AD78FE1FE9F8D0B338BFBD9C90A46E58,ENG_STRATEGY_FACTORY_PLATFORM_UCEI07_IDENTITY_6263D2F6_V1,ENGINE,STRATEGY_FACTORY_PLATFORM,EXCLUDED_PROTECTED_PLATFORM,0,100,True,False,False,sha256:b55dcba00ec446dd949f8f97f8aee82eb63717459264fb3e354e919f25768ba0
CHARPACKET_1E86AF42E71E198C7EFB80979BD80375,ENG_STRATEGY_FACTORY_PLATFORM_UCEI07_LIFECYCLE_7F314522_V1,ENGINE,STRATEGY_FACTORY_PLATFORM,EXCLUDED_PROTECTED_PLATFORM,0,100,True,False,False,sha256:051c16336edcfbf81d4f24d0752a05db9f22b0c17a3357630d4dea325dd214d6
CHARPACKET_BBC01FCDB82B99D1F7C6EAAE76E9E389,ENG_STRATEGY_FACTORY_PLATFORM_UCEI07_REFERENCECATALOG_DBCDD613_V1,ENGINE,STRATEGY_FACTORY_PLATFORM,EXCLUDED_PROTECTED_PLATFORM,0,100,True,False,False,sha256:a413b8773a1d60c4f9a8e8f0e951faac0f6e037732dbe0037efae2f00fb02562
CHARPACKET_8AF9EB635B738777F5C2C7339873EB30,ENG_STRATEGY_FACTORY_PLATFORM_UCEI07_RESOURCEGUARD_49D50CA9_V1,ENGINE,STRATEGY_FACTORY_PLATFORM,EXCLUDED_PROTECTED_PLATFORM,0,100,True,False,False,sha256:a026e9717d8432eceb49484800d25233264fed0354c63e47de3b2714077d9df8
CHARPACKET_87CD8CF9A41546CF0D57CC2D25E00FAD,ENG_STRATEGY_FACTORY_PLATFORM_UCEI07_TELEMETRY_AEFBDF7C_V1,ENGINE,STRATEGY_FACTORY_PLATFORM,EXCLUDED_PROTECTED_PLATFORM,0,100,True,False,False,sha256:c7265c54918366d02cbce957285bafd1dd5ca4ff760646380bd0adbae5d22c78
CHARPACKET_9283FA575A805D0D76B1D22F488B8133,ENG_STRATEGY_FACTORY_PLATFORM_UCEI07_TESTSEAL_38FF4477_V1,ENGINE,STRATEGY_FACTORY_PLATFORM,EXCLUDED_PROTECTED_PLATFORM,0,100,True,False,False,sha256:bfb691160628339abb057d7309ff050ef59d444dc88462466739c3103b714bb7
CHARPACKET_B2220AC74A09560EB9B9B393270CEBF5,ENG_STRATEGY_FACTORY_PLATFORM_UCEI07_TRAINERREGISTRY_93584976_V1,ENGINE,STRATEGY_FACTORY_PLATFORM,EXCLUDED_PROTECTED_PLATFORM,0,100,True,False,False,sha256:1770f2ff6d00dba29398bd19b15ab36b90d92d48f324bd5b8a5224845fd75e40
CHARPACKET_A2858996C4F5DCE02DAA84933D6395AF,ENG_STRATEGY_FACTORY_PLATFORM_UCEI08_ALGORITHMDESCRIPTOR_43B241ED_V1,ENGINE,STRATEGY_FACTORY_PLATFORM,EXCLUDED_PROTECTED_PLATFORM,0,100,True,False,False,sha256:937b510df95e898ed37208716a2a59e3b992448de05e714ab01ae3ae7d92de31
CHARPACKET_B201DF9511F5C49AB396B40C638ECE6A,ENG_STRATEGY_FACTORY_PLATFORM_UCEI08_ALL_A7B7E17C_V1,ENGINE,STRATEGY_FACTORY_PLATFORM,EXCLUDED_PROTECTED_PLATFORM,0,100,True,False,False,sha256:c5910a98d30125451adc601c5653ac90c9fa70bfc1366c30522399c392d076de
CHARPACKET_1692FB1D801FA1C3AC3B756056B4F038,ENG_STRATEGY_FACTORY_PLATFORM_UCEI08_BENCHMARKCONTRACTS_820A037E_V1,ENGINE,STRATEGY_FACTORY_PLATFORM,EXCLUDED_PROTECTED_PLATFORM,0,100,True,False,False,sha256:18d6dccb333faa05b1d6f0d2062fd1a9a70297fb4e25f568b252819b635645f0
CHARPACKET_297222C3608988ED2611C5B678B2D1AF,ENG_STRATEGY_FACTORY_PLATFORM_UCEI08_CATALOG_B2CF676C_V1,ENGINE,STRATEGY_FACTORY_PLATFORM,EXCLUDED_PROTECTED_PLATFORM,0,100,True,False,False,sha256:0fbf931ce5a2e40cc0f169d6e8b5f26a639026b1e77e67c0caa80cf74a581c9c
CHARPACKET_498D713782B4DD8801B86C6FAC54A792,ENG_STRATEGY_FACTORY_PLATFORM_UCEI08_ENUMS_DB49B891_V1,ENGINE,STRATEGY_FACTORY_PLATFORM,EXCLUDED_PROTECTED_PLATFORM,0,100,True,False,False,sha256:916590f4c9b8005b324e8bc06739535a530bbbb2c96d4e9b92ffd21a49145f9f
CHARPACKET_0F46B88C66CA177281C0D1E60D435827,ENG_STRATEGY_FACTORY_PLATFORM_UCEI08_EXPLANATIONCONTRACTS_318E0658_V1,ENGINE,STRATEGY_FACTORY_PLATFORM,EXCLUDED_PROTECTED_PLATFORM,0,100,True,False,False,sha256:e490b24aec8f3070b7aa518fe96dd062e043c8774ce5b3129ce422f0f4d4174d
CHARPACKET_57463CEB1056B8308224E82AB906CA54,ENG_STRATEGY_FACTORY_PLATFORM_UCEI08_REGISTRY_1844F045_V1,ENGINE,STRATEGY_FACTORY_PLATFORM,EXCLUDED_PROTECTED_PLATFORM,0,100,True,False,False,sha256:819f4d793f259174ea516681410d8197dca4365fca6080dfdc6fff5f3621b12c
CHARPACKET_820E717BFB288F8B211CDE1FFB39334A,ENG_STRATEGY_FACTORY_PLATFORM_UCEI09_ALGORITHMDESCRIPTOR_13AD37FF_V1,ENGINE,STRATEGY_FACTORY_PLATFORM,EXCLUDED_PROTECTED_PLATFORM,0,100,True,False,False,sha256:38cb859037ab12b7b6c35229609ada10ec090f13d6968344bc99711398828cc1
CHARPACKET_31FBF66E17C0D82534FD603CAFF1B1E7,ENG_STRATEGY_FACTORY_PLATFORM_UCEI09_ALL_FB044AD0_V1,ENGINE,STRATEGY_FACTORY_PLATFORM,EXCLUDED_PROTECTED_PLATFORM,0,100,True,False,False,sha256:ab92b70564810e057fe661d6f808405579735e4234baf01d685fc794e52f9565
CHARPACKET_C76F6DF503FDCB0A582E7EEADCE602CD,ENG_STRATEGY_FACTORY_PLATFORM_UCEI09_CATALOG_C6F5B00A_V1,ENGINE,STRATEGY_FACTORY_PLATFORM,EXCLUDED_PROTECTED_PLATFORM,30,100,True,False,False,sha256:ec386250b8d2cabbc05a2fb3e784ff568e73397114bfc369a9f8d8cad8e18ede
CHARPACKET_43B62FD0E4BF50AE6448F7702C77B495,ENG_STRATEGY_FACTORY_PLATFORM_UCEI09_COMPARISONCONTRACTS_E5358910_V1,ENGINE,STRATEGY_FACTORY_PLATFORM,EXCLUDED_PROTECTED_PLATFORM,0,100,True,False,False,sha256:abe1763deb0443c0183f0e32a6db64ce2279c8c28de1a84c8e4d0808cb5fa121
CHARPACKET_90DE905EF711CB1F9F465649DF928119,ENG_STRATEGY_FACTORY_PLATFORM_UCEI09_DISTRIBUTIONALCONTRACTS_91E793A8_V1,ENGINE,STRATEGY_FACTORY_PLATFORM,EXCLUDED_PROTECTED_PLATFORM,0,100,True,False,False,sha256:40a11b0d16ebc058673cb9286d9e0545053700209949aa4136fedaf54cc474b9
CHARPACKET_586C04B0D2B29920C042DE3AB21FA51F,ENG_STRATEGY_FACTORY_PLATFORM_UCEI09_ENUMS_6D3D3329_V1,ENGINE,STRATEGY_FACTORY_PLATFORM,EXCLUDED_PROTECTED_PLATFORM,0,100,True,False,False,sha256:03acf091abb9aacf9c189ab8698b8f181106f974ba1108c59ff665655c0c756f
CHARPACKET_B9352A6246CB9241CCD392B919630E3A,ENG_STRATEGY_FACTORY_PLATFORM_UCEI09_RANKINGCONTRACTS_D24531C3_V1,ENGINE,STRATEGY_FACTORY_PLATFORM,EXCLUDED_PROTECTED_PLATFORM,0,100,True,False,False,sha256:a8988889d37ae4b3046e62feba0efd541d7f06fa84bf6b7dc23fa7f26706f8ff
CHARPACKET_DCB16CA9C39A348744DBA97A18B55A80,ENG_STRATEGY_FACTORY_PLATFORM_UCEI09_REGIMEPOLICYCONTRACTS_D8A47D2B_V1,ENGINE,STRATEGY_FACTORY_PLATFORM,EXCLUDED_PROTECTED_PLATFORM,0,100,True,False,False,sha256:4e19f201d43e1458ff945d6b9c9996c44d08d5f33832618d5e9391123d1f05b4
CHARPACKET_71FC4EEFD92525D5397CAD4A80C5275B,ENG_STRATEGY_FACTORY_PLATFORM_UCEI09_REGISTRY_3B34BB93_V1,ENGINE,STRATEGY_FACTORY_PLATFORM,EXCLUDED_PROTECTED_PLATFORM,0,100,True,False,False,sha256:0bb8a144d23d39626413604a634fc85e97e897f8ac3d4d4491417157903e2d71
CHARPACKET_3B315AF317C48309A9A34E1E047CE93E,ENG_STRATEGY_FACTORY_PLATFORM_UCEI09_SURVIVALCONTRACTS_04415D73_V1,ENGINE,STRATEGY_FACTORY_PLATFORM,EXCLUDED_PROTECTED_PLATFORM,0,100,True,False,False,sha256:51454c03b1bfe31325f467d939bcd8603c73022ce6dd17c0d89455dc467f3f23
CHARPACKET_7711C57266F0A24496CC0E56395E94E3,ENG_STRATEGY_FACTORY_PLATFORM_UCEI09_TREATMENTCONTRACTS_B43BA3CB_V1,ENGINE,STRATEGY_FACTORY_PLATFORM,EXCLUDED_PROTECTED_PLATFORM,0,100,True,False,False,sha256:c4b78a42b232f0c33b11d873a9152fb132be04df86f61345b17de72f6f0b122c
CHARPACKET_4D7D316A892F818D792231E45859E6EB,ENG_STRATEGY_FACTORY_PLATFORM_UCEI10_ALGORITHMDESCRIPTOR_65BFE197_V1,ENGINE,STRATEGY_FACTORY_PLATFORM,EXCLUDED_PROTECTED_PLATFORM,0,100,True,False,False,sha256:7ee6f9aa1f497c17a790384f1ff480d9ed09ca25dd9fce0db63c39610b25db7c
CHARPACKET_03DED5831107BF5F4445EAC2402B9D1F,ENG_STRATEGY_FACTORY_PLATFORM_UCEI10_ALL_74124331_V1,ENGINE,STRATEGY_FACTORY_PLATFORM,EXCLUDED_PROTECTED_PLATFORM,0,100,True,False,False,sha256:e7782a6e398020c179950844b9b1dca02d4da49dea171d6584839b6fc92766f6
CHARPACKET_F8BC425AC372DB1860787E60CBEDAD5D,ENG_STRATEGY_FACTORY_PLATFORM_UCEI10_CATALOG_30B33B9F_V1,ENGINE,STRATEGY_FACTORY_PLATFORM,EXCLUDED_PROTECTED_PLATFORM,30,100,True,False,False,sha256:55a643116619d0d856213ce6c34a1e4ffb0db09b2d14134c6f1a3c6a67f200fc
CHARPACKET_6B11B767DEE01A13ED30A198646A7D1C,ENG_STRATEGY_FACTORY_PLATFORM_UCEI10_DEPENDENCYTRANSFERCONTRACTS_36886353_V1,ENGINE,STRATEGY_FACTORY_PLATFORM,EXCLUDED_PROTECTED_PLATFORM,0,100,True,False,False,sha256:8bb04cc3d94a38ed41246eec6fee716004ee2f5bb7ab0cfdf469cc84839940de
CHARPACKET_434B2E504939F3FDBF82165A71D6B3B4,ENG_STRATEGY_FACTORY_PLATFORM_UCEI10_ENUMS_52352995_V1,ENGINE,STRATEGY_FACTORY_PLATFORM,EXCLUDED_PROTECTED_PLATFORM,0,100,True,False,False,sha256:a24152b588eb5caac5d0caba087455c3492acbc609ecbd09a4fa22228f172703
CHARPACKET_3E3F6B887C2BBD11058491D2DEF82C0E,ENG_STRATEGY_FACTORY_PLATFORM_UCEI10_QUALIFICATIONCONTRACTS_FF202424_V1,ENGINE,STRATEGY_FACTORY_PLATFORM,EXCLUDED_PROTECTED_PLATFORM,0,100,True,False,False,sha256:5b29463e7402dfbf8ec4c3ec9c7dcd3da6ab5423069962070fdefbac9ae6e53f
CHARPACKET_29557048D8939CF4B8ED5CA58D33A6E9,ENG_STRATEGY_FACTORY_PLATFORM_UCEI10_REGIMEFUSIONCONTRACTS_D85A74C0_V1,ENGINE,STRATEGY_FACTORY_PLATFORM,EXCLUDED_PROTECTED_PLATFORM,0,100,True,False,False,sha256:499ae6af903c7297fc85f2e32f8a7a5ca275af38000646344f8734037a609b02
CHARPACKET_C9A11B24AB64B7E1CB18C1EFC94C16E1,ENG_STRATEGY_FACTORY_PLATFORM_UCEI10_REGISTRY_85FB49DD_V1,ENGINE,STRATEGY_FACTORY_PLATFORM,EXCLUDED_PROTECTED_PLATFORM,0,100,True,False,False,sha256:af115285146168043a1c8a879cd27b2f7f793e09b85c8886b2dd91e68f4a05c0
CHARPACKET_EEC3DB11DD8B920EF67298E7056394B0,ENG_STRATEGY_FACTORY_PLATFORM_UCEI10_VIEWCONTRACTS_60605FAD_V1,ENGINE,STRATEGY_FACTORY_PLATFORM,EXCLUDED_PROTECTED_PLATFORM,0,100,True,False,False,sha256:3ca0798e02a2a8c54c9ea11d657015c4d2a25a1a79d94d9a834f8dd2e894f713
CHARPACKET_8BCD69EACD47009BFCDAEA2BD871F430,ENG_STRATEGY_FACTORY_PLATFORM_UCEI11_ALL_2FB7AFF1_V1,ENGINE,STRATEGY_FACTORY_PLATFORM,EXCLUDED_PROTECTED_PLATFORM,0,100,True,False,False,sha256:d96457be265f568df9e8ac44e39a2c01d0969798bbf29866b941e18a2020dfc6
CHARPACKET_B186814099C2309BAFA5D3495DF1D740,ENG_STRATEGY_FACTORY_PLATFORM_UCEI11_BUDGET_8627F894_V1,ENGINE,STRATEGY_FACTORY_PLATFORM,EXCLUDED_PROTECTED_PLATFORM,0,100,True,False,False,sha256:3fb02d5bf0649dddee5f5bb38e88f48f445f39725db1d4c0326c1f8dd06778da
CHARPACKET_2A5052792372617A53D1EDC079F90D51,ENG_STRATEGY_FACTORY_PLATFORM_UCEI11_CATALOG_10DBB240_V1,ENGINE,STRATEGY_FACTORY_PLATFORM,EXCLUDED_PROTECTED_PLATFORM,30,100,True,False,False,sha256:076c1f705bcebef38c5b18507e68d6eb0d0804026f16131705c4c43a471479de
CHARPACKET_728562D95ECF9FEB283C22DB37F2F24C,ENG_STRATEGY_FACTORY_PLATFORM_UCEI11_CONTRACTS_E9E2A5D4_V1,ENGINE,STRATEGY_FACTORY_PLATFORM,EXCLUDED_PROTECTED_PLATFORM,30,100,True,False,False,sha256:002ca5c7cb2a424b6d32b183116bc49f8b653b952d5d8a64572e25160f74e8d9
CHARPACKET_E75E65A68D9315B31937EB2798E90840,ENG_STRATEGY_FACTORY_PLATFORM_UCEI11_DAGVALIDATION_5E5BA9AD_V1,ENGINE,STRATEGY_FACTORY_PLATFORM,EXCLUDED_PROTECTED_PLATFORM,30,100,True,False,False,sha256:52831fce083c5d9d939e8241e41b131586171297fc0e3066239f122b94ef6153
CHARPACKET_E928CFB961422DA54B54B5839146D56F,ENG_STRATEGY_FACTORY_PLATFORM_UCEI11_ENUMS_4367836E_V1,ENGINE,STRATEGY_FACTORY_PLATFORM,EXCLUDED_PROTECTED_PLATFORM,0,100,True,False,False,sha256:e632e00c49c8062f09b0df88c98bd94d84405eb5986bc5adaf9babd3ba51b89b
CHARPACKET_337474558103BA27ED126CF5418C582F,ENG_STRATEGY_FACTORY_PLATFORM_UCEI11_REGISTRY_3FD295E9_V1,ENGINE,STRATEGY_FACTORY_PLATFORM,EXCLUDED_PROTECTED_PLATFORM,0,100,True,False,False,sha256:3fd9e647a8fb02b268982f62c468a45c81f7038e7b9356d049945fbf1823f817
CHARPACKET_EB381B0C669825DB266EBF9E4E3954E7,ENG_STRATEGY_FACTORY_PLATFORM_UCEI11_SEARCHDESCRIPTOR_697A7F04_V1,ENGINE,STRATEGY_FACTORY_PLATFORM,EXCLUDED_PROTECTED_PLATFORM,0,100,True,False,False,sha256:0e53f99f7d2541e53eb7fc0bfe5103fa447cdc4d77432c0f3eccfbee8336d422
CHARPACKET_230C1AD98F9BC5359A2BC8D7B4711009,ENG_STRATEGY_FACTORY_PLATFORM_UCEI12_ALL_0090539F_V1,ENGINE,STRATEGY_FACTORY_PLATFORM,EXCLUDED_PROTECTED_PLATFORM,0,100,True,False,False,sha256:1cc23f17300d4ccc1543e241970597da622b688e9d330069ce48c7be21b57bc3
CHARPACKET_0214DFE22F16509395220CCD2229021D,ENG_STRATEGY_FACTORY_PLATFORM_UCEI12_CATALOG_E6D6515B_V1,ENGINE,STRATEGY_FACTORY_PLATFORM,EXCLUDED_PROTECTED_PLATFORM,30,100,True,False,False,sha256:81089d08f348e6951dde4940249bb37d4586c190cd929ec5b715cabfde75ec9e
CHARPACKET_1F896720A309C9243E7000DE3DABFE6B,ENG_STRATEGY_FACTORY_PLATFORM_UCEI12_CONTRACTS_0383A3AA_V1,ENGINE,STRATEGY_FACTORY_PLATFORM,EXCLUDED_PROTECTED_PLATFORM,0,100,True,False,False,sha256:65ce02aefb3247aa9f2c44a14e9e2723c15cefc462bc5a34e27e8de54db9fd3b
CHARPACKET_E003A4B0D6B68FBA94F57C4A6A1285E5,ENG_STRATEGY_FACTORY_PLATFORM_UCEI12_ENUMS_DD1DA84B_V1,ENGINE,STRATEGY_FACTORY_PLATFORM,EXCLUDED_PROTECTED_PLATFORM,0,100,True,False,False,sha256:a86a1d413f9bc124db549641ab5522225b5a289ae88969e9739d9c6a54aa3e05
CHARPACKET_B9DF57C6A13AC222A745560CA727312E,ENG_STRATEGY_FACTORY_PLATFORM_UCEI12_GATE_505D4CA7_V1,ENGINE,STRATEGY_FACTORY_PLATFORM,EXCLUDED_PROTECTED_PLATFORM,30,100,True,False,False,sha256:99f855261b0cbb23b3e09d31d1fa5c5b0b13cf42454d8785ecacb5860774a9e8
CHARPACKET_8AB88F569A1F419C168E1FF568298082,ENG_STRATEGY_FACTORY_PLATFORM_UCEI12_REGISTRY_FA222EFE_V1,ENGINE,STRATEGY_FACTORY_PLATFORM,EXCLUDED_PROTECTED_PLATFORM,0,100,True,False,False,sha256:d6303ba552df68461209795473e89ba35ff34dd92e2dc86354fa641b5e87284f
CHARPACKET_40D2E91463347E6555CB429BA0BCD736,ENG_STRATEGY_FACTORY_PLATFORM_UCEI12_SCORECARD_A04D3815_V1,ENGINE,STRATEGY_FACTORY_PLATFORM,EXCLUDED_PROTECTED_PLATFORM,0,100,True,False,False,sha256:6b272467024fc7ca678b725d7a5d7e07cb28d39c38e94bbbe854da2c96301b56
CHARPACKET_13DA1064B3CBCAC1123E6450F5AAA839,ENG_STRATEGY_FACTORY_PLATFORM_UCEI12_SUITEDESCRIPTOR_22D2046C_V1,ENGINE,STRATEGY_FACTORY_PLATFORM,EXCLUDED_PROTECTED_PLATFORM,0,100,True,False,False,sha256:f53ca0ffd3c9ccd1ee85ad8a75a45ac09528a2282fc802cda5cd37a8ffd1755d
CHARPACKET_CEF46960956F18BE5B0A5A8E40099945,ENG_STRATEGY_FACTORY_PLATFORM_UCEI13_ALL_09225939_V1,ENGINE,STRATEGY_FACTORY_PLATFORM,EXCLUDED_PROTECTED_PLATFORM,0,100,True,False,False,sha256:b3dae6858f37662e1bfc14aa6894ef49e306573ce5b2274130a79c29b8a650b9
CHARPACKET_E6F17C03747923655C017EFA5A5F9699,ENG_STRATEGY_FACTORY_PLATFORM_UCEI13_AUTHORITY_9CA9F985_V1,ENGINE,STRATEGY_FACTORY_PLATFORM,EXCLUDED_PROTECTED_PLATFORM,0,100,True,False,False,sha256:443baea3a882dc2b5b118711772a8a88f8ccfe6bf917f8589a148f553676af2e
CHARPACKET_F42EDE9989FD0D0194540FA1CFCA1E84,ENG_STRATEGY_FACTORY_PLATFORM_UCEI13_CATALOG_F0CA21D7_V1,ENGINE,STRATEGY_FACTORY_PLATFORM,EXCLUDED_PROTECTED_PLATFORM,0,100,True,False,False,sha256:ab12b52dc4933ff21b9190553857a12ee83046b00e3f7a8f17ac19daa8ac24a6
CHARPACKET_B542026E5B55B9109F9855698F234BE1,ENG_STRATEGY_FACTORY_PLATFORM_UCEI13_CONTRACTS_63972537_V1,ENGINE,STRATEGY_FACTORY_PLATFORM,EXCLUDED_PROTECTED_PLATFORM,0,100,True,False,False,sha256:b33e986b68d0279f848320b417e50d7aeb86d82bc9c36ea0ae1a57b9a7bb3c9d
CHARPACKET_2757D281C355E1D39E3A323585A6C620,ENG_STRATEGY_FACTORY_PLATFORM_UCEI13_ENUMS_82071B43_V1,ENGINE,STRATEGY_FACTORY_PLATFORM,EXCLUDED_PROTECTED_PLATFORM,0,100,True,False,False,sha256:6820d34b2e574e3f73581c58b50179f026a960f2d686a9aca5df1dbd4064b79c
CHARPACKET_73506D4F2E8759BB5FC782AF8071D2C5,ENG_STRATEGY_FACTORY_PLATFORM_UCEI13_FALLBACK_2621FCAC_V1,ENGINE,STRATEGY_FACTORY_PLATFORM,EXCLUDED_PROTECTED_PLATFORM,0,100,True,False,False,sha256:5129cf9f310fc225319d32fac573c73efb5922ae1fab104f44741d4b996b7573
CHARPACKET_2BB7983A8B3FEABF933D5B6B0AF84F33,ENG_STRATEGY_FACTORY_PLATFORM_UCEI13_GATE_085DD6A7_V1,ENGINE,STRATEGY_FACTORY_PLATFORM,EXCLUDED_PROTECTED_PLATFORM,0,100,True,False,False,sha256:6226ba67319b04a6282f92afe0ebc2b7950564c30b959c6a65abb5536762d94d
CHARPACKET_722FBFF0A6D2E9D07DFF36EDE3519794,ENG_STRATEGY_FACTORY_PLATFORM_UCEI13_NODEDESCRIPTOR_829957EA_V1,ENGINE,STRATEGY_FACTORY_PLATFORM,EXCLUDED_PROTECTED_PLATFORM,0,100,True,False,False,sha256:831dac8e2df043828215bea17f9c327f7be6942c026924b3018214f25337c284
CHARPACKET_15231BCA20A34D5E0E0B01B868352C79,ENG_STRATEGY_FACTORY_PLATFORM_UCEI13_REGISTRY_05D32B28_V1,ENGINE,STRATEGY_FACTORY_PLATFORM,EXCLUDED_PROTECTED_PLATFORM,0,100,True,False,False,sha256:e1b7bf315f095f9b8086d855980e629f3d8173bba50a937b8841f9e5364c34a3
CHARPACKET_D3E7AF9BF9F13947A40772E28469FC52,ENG_STRATEGY_FACTORY_PLATFORM_UCEI14_ALL_E4932059_V1,ENGINE,STRATEGY_FACTORY_PLATFORM,EXCLUDED_PROTECTED_PLATFORM,0,100,True,False,False,sha256:ccae7b1aefacee07b43ccda98806c87963a039c68a70fc9521ea0da103ebd57e
CHARPACKET_C4328056C5F4FC137831D916AE452281,ENG_STRATEGY_FACTORY_PLATFORM_UCEI14_CANONICAL_1FC2D816_V1,ENGINE,STRATEGY_FACTORY_PLATFORM,EXCLUDED_PROTECTED_PLATFORM,0,100,True,False,False,sha256:420cac43d5b877b9f076e325be1d553ff5e42baf761b2f2ccb3751017b16937d
CHARPACKET_79696B8E6FE960E818CF71E106FEFC93,ENG_STRATEGY_FACTORY_PLATFORM_UCEI14_CATALOG_26F3F76F_V1,ENGINE,STRATEGY_FACTORY_PLATFORM,EXCLUDED_PROTECTED_PLATFORM,0,100,True,False,False,sha256:9a57357bf578675f9315ab9129241929c69028ae4cf34641e82b41b49ba6314a
CHARPACKET_E5F77FD1BFA5CC34A5C0889B4C00EFD8,ENG_STRATEGY_FACTORY_PLATFORM_UCEI14_CONTRACTS_24CD1D3C_V1,ENGINE,STRATEGY_FACTORY_PLATFORM,EXCLUDED_PROTECTED_PLATFORM,0,100,True,False,False,sha256:05a8fee0988935c824168c88c5e5f22d8c224f55b65a67fbd6e68fc5bb6458fb
CHARPACKET_5C63F26A2E56A0823F307A816E2DE6D4,ENG_STRATEGY_FACTORY_PLATFORM_UCEI14_ENUMS_66C4C7DF_V1,ENGINE,STRATEGY_FACTORY_PLATFORM,EXCLUDED_PROTECTED_PLATFORM,0,100,True,False,False,sha256:24721bde683aa6bfc1b8409031558b082c631f246b62c87bface6c44e6833657
CHARPACKET_CE9848FA6E13E778DE5056D6F3212F59,ENG_STRATEGY_FACTORY_PLATFORM_UCEI14_FAILURE_AA1D95E6_V1,ENGINE,STRATEGY_FACTORY_PLATFORM,EXCLUDED_PROTECTED_PLATFORM,0,100,True,False,False,sha256:827581a4dc554e7a7928c12d0daefea85e6d9123c44109445c3884dcc0936be7
CHARPACKET_17E50C789CF9E75E5718A55F925C771C,ENG_STRATEGY_FACTORY_PLATFORM_UCEI14_GATE_16D6F6FC_V1,ENGINE,STRATEGY_FACTORY_PLATFORM,EXCLUDED_PROTECTED_PLATFORM,0,100,True,False,False,sha256:aca08506c6d0d1c2fbfc76f24d2c05ccea9b803543014e1152d96c12632bc15a
CHARPACKET_0D4F543AC380DE1EF5B5EF1631B58AE1,ENG_STRATEGY_FACTORY_PLATFORM_UCEI14_GENERATION_8E1C8CCB_V1,ENGINE,STRATEGY_FACTORY_PLATFORM,EXCLUDED_PROTECTED_PLATFORM,0,100,True,False,False,sha256:a4086b65363aaa1711be159651bd25bb1c66fc132d7480a6bdd3d70e270b4ce1
CHARPACKET_BFFCAA04E7B8B38BB00FD11C080B8DCE,ENG_STRATEGY_FACTORY_PLATFORM_UCEI14_JOURNAL_D0ED3A26_V1,ENGINE,STRATEGY_FACTORY_PLATFORM,EXCLUDED_PROTECTED_PLATFORM,0,100,True,False,False,sha256:a9d170b341b59eb847899de68a28719c4983a8258c5c6581ecf7832838c62c85
CHARPACKET_161511BDAE9CFFF2ADEE879963BC4646,ENG_STRATEGY_FACTORY_PLATFORM_UCEI14_MODEL_9E15C23A_V1,ENGINE,STRATEGY_FACTORY_PLATFORM,EXCLUDED_PROTECTED_PLATFORM,20,100,True,False,False,sha256:126ebb69691f344432e29833e99bbe02f1a9647bf9d3a4ac8eed4765f4795b0a
CHARPACKET_0EAE92E81A557BF53843FD8DE3469349,ENG_STRATEGY_FACTORY_PLATFORM_UCEI14_PARITY_E7F29E4F_V1,ENGINE,STRATEGY_FACTORY_PLATFORM,EXCLUDED_PROTECTED_PLATFORM,0,100,True,False,False,sha256:f52185a77e98566add7ede572a87193a7cf7708221daccbbb1021428a77a88cc
CHARPACKET_B129F2DB54B80746DD660B9170528B15,ENG_STRATEGY_FACTORY_PLATFORM_UCEI14_PREPROCESSING_F5157DF1_V1,ENGINE,STRATEGY_FACTORY_PLATFORM,EXCLUDED_PROTECTED_PLATFORM,20,100,True,False,False,sha256:f60b33e3fb4e65e4548db841857b4c617ee07fbc89d22a236614401a7ba027d0
CHARPACKET_18867D0A881A27710C53D57ACB52EB9D,ENG_STRATEGY_FACTORY_PLATFORM_UCEI15_BOUNDARY_5CFF9314_V1,ENGINE,STRATEGY_FACTORY_PLATFORM,EXCLUDED_PROTECTED_PLATFORM,0,100,True,False,False,sha256:914280684b38619a53540cd1b35a6e8650ef31c6fb3c9154264a3ddd4bfc14a1
CHARPACKET_E828DB60BCC8EC281D952DFB250FB1B3,ENG_STRATEGY_FACTORY_PLATFORM_UCEI15_CATALOG_1D18F8E3_V1,ENGINE,STRATEGY_FACTORY_PLATFORM,EXCLUDED_PROTECTED_PLATFORM,0,100,True,False,False,sha256:249b699d45eabf629a64c49f5eff178c727d7ebb3a67cea8b37aee01d6013924
CHARPACKET_BA5E0B0173775CCE5BA9521546F955B9,ENG_STRATEGY_FACTORY_PLATFORM_UCEI15_CONTEXT_11A3F08C_V1,ENGINE,STRATEGY_FACTORY_PLATFORM,EXCLUDED_PROTECTED_PLATFORM,0,100,True,False,False,sha256:a5e52aa2ba49d6b1aebd37f98cfe33bab245f33b0112509ff3796512a187574e
CHARPACKET_AAC9088D430E10A24E64B00542F918E6,ENG_STRATEGY_FACTORY_PLATFORM_UCEI15_EVIDENCE_FB398590_V1,ENGINE,STRATEGY_FACTORY_PLATFORM,EXCLUDED_PROTECTED_PLATFORM,0,100,True,False,False,sha256:e8a814129f83c11356231226384dffa5b956ee38f0126d62d789baddd3bf5d75
CHARPACKET_CD5448175BA27E1F430E0DA3128810A6,ENG_STRATEGY_FACTORY_PLATFORM_UCEI15_FREEZE_6E2D79C0_V1,ENGINE,STRATEGY_FACTORY_PLATFORM,EXCLUDED_PROTECTED_PLATFORM,0,100,True,False,False,sha256:2404df916dfd14bec8e44cdd0bac0cd61d609e14a00b80abbce0500b98ee9ac0
CHARPACKET_82865AEA84FC78865FA9B396915C1A86,ENG_STRATEGY_FACTORY_PLATFORM_UCEI15_GATE_C8FCF97E_V1,ENGINE,STRATEGY_FACTORY_PLATFORM,EXCLUDED_PROTECTED_PLATFORM,0,100,True,False,False,sha256:69c6d838483fccf82f2d711b2b2248e509d75b65b090d67d50d523280b366b6f
CHARPACKET_68663316D7EC78495A2DD752F8512F99,ENG_STRATEGY_FACTORY_PLATFORM_UCEI15_INVENTORY_6631EEF6_V1,ENGINE,STRATEGY_FACTORY_PLATFORM,EXCLUDED_PROTECTED_PLATFORM,0,100,True,False,False,sha256:05716dc137026758d8a8d582abda6b7f914ee9e1f55dde11abd39b9a108b7345
CHARPACKET_DB5F514E0A1C19C3E973A8BEC1CA1766,ENG_STRATEGY_FACTORY_PLATFORM_UCEI15_PAPER_374B5B62_V1,ENGINE,STRATEGY_FACTORY_PLATFORM,EXCLUDED_PROTECTED_PLATFORM,0,100,True,False,False,sha256:c2ed2cc8e49b88302c5dda25040430a2cb2410401b42f8b4e89bc37d9a49fc47
CHARPACKET_9D91D03D00030415720956DF201AED6E,ENG_STRATEGY_FACTORY_PLATFORM_UCEI15_TOURNAMENT_F59E2A7E_V1,ENGINE,STRATEGY_FACTORY_PLATFORM,EXCLUDED_PROTECTED_PLATFORM,0,100,True,False,False,sha256:7fa75d2756b27aeeabf3f651549a2081c58074e582b85d6c83dd8137d4c95f69
CHARPACKET_4382F0EF5B8C6CE900143E5485C0CB0E,ENG_STRATEGY_FACTORY_PLATFORM_UCEI15_TYPES_74DC149B_V1,ENGINE,STRATEGY_FACTORY_PLATFORM,EXCLUDED_PROTECTED_PLATFORM,0,100,True,False,False,sha256:dcd989ee3f77d613eb6352158085103432c55d18854caa44c28a43c4b0d37e84
CHARPACKET_D8B01AC7008606D80D1E2F0F9C314A09,ENG_STRATEGY_FACTORY_PLATFORM_UCEI16_ADAPTER_75088F1E_V1,ENGINE,STRATEGY_FACTORY_PLATFORM,EXCLUDED_PROTECTED_PLATFORM,0,100,True,False,False,sha256:b6f42c48cd69defa8e5136bdd999b754fbb8d39ae6ed1f532d9630ffada2eb5e
CHARPACKET_6E1579A393E314791F5F6B6F7E0539F0,ENG_STRATEGY_FACTORY_PLATFORM_UCEI16_ALL_14E08236_V1,ENGINE,STRATEGY_FACTORY_PLATFORM,EXCLUDED_PROTECTED_PLATFORM,0,100,True,False,False,sha256:ec241a2956e1996cf225d4fd8097f86729ca2b85749d4d9cebadfc885261f606
CHARPACKET_09501C0AA2B3A865339B6779D43FF2C1,ENG_STRATEGY_FACTORY_PLATFORM_UCEI16_BOUNDARY_2B0F6DF6_V1,ENGINE,STRATEGY_FACTORY_PLATFORM,EXCLUDED_PROTECTED_PLATFORM,0,100,True,False,False,sha256:a76d94516b0fa170f539b7592cb15115acc379d2731d130daa1feff780d22a4b
CHARPACKET_9E6D3B754D40256362544DBB751C7D0F,ENG_STRATEGY_FACTORY_PLATFORM_UCEI16_CAPABILITY_E9D041B2_V1,ENGINE,STRATEGY_FACTORY_PLATFORM,EXCLUDED_PROTECTED_PLATFORM,0,100,True,False,False,sha256:b8a3f7f6a03e00d3f2145bdf7f8ff0a9bef8f3c7490a2d236d7a9c5e0d2f930a
CHARPACKET_247086C9AB5464D40488E83033CB0560,ENG_STRATEGY_FACTORY_PLATFORM_UCEI16_CATALOG_7978F35E_V1,ENGINE,STRATEGY_FACTORY_PLATFORM,EXCLUDED_PROTECTED_PLATFORM,0,100,True,False,False,sha256:844b257bd2cef6caa1d38afb795d73383fd21222c605780d4fa20622110d6e88
CHARPACKET_9F2A72D2F4B18487FD47B9ED9A0B7A66,ENG_STRATEGY_FACTORY_PLATFORM_UCEI16_DIFFERENTIAL_0464AE98_V1,ENGINE,STRATEGY_FACTORY_PLATFORM,EXCLUDED_PROTECTED_PLATFORM,0,100,True,False,False,sha256:64665f9cfd738df3384f568c519f46819bfaf8c35aa8f8431dd6cb5e693d61c9
CHARPACKET_32340974DC26AB8C2A8E93FE3B7029F5,ENG_STRATEGY_FACTORY_PLATFORM_UCEI16_EVIDENCE_315A8F1C_V1,ENGINE,STRATEGY_FACTORY_PLATFORM,EXCLUDED_PROTECTED_PLATFORM,0,100,True,False,False,sha256:4d730b60d067a6c408e7cefc53a033be0cc080432afdd653a996d16af16bdce6
CHARPACKET_BF9C838976C9F191CE1FF486B927ED30,ENG_STRATEGY_FACTORY_PLATFORM_UCEI16_INVARIANCE_420DF250_V1,ENGINE,STRATEGY_FACTORY_PLATFORM,EXCLUDED_PROTECTED_PLATFORM,0,100,True,False,False,sha256:7ed7725594ed2b9f7009790bd4137ba0e6ff9b928af85525712823ecd68e8520
CHARPACKET_206FD3A36118FC4FF5D27558B3724155,ENG_STRATEGY_FACTORY_PLATFORM_UCEI16_MANIFEST_49EA019B_V1,ENGINE,STRATEGY_FACTORY_PLATFORM,EXCLUDED_PROTECTED_PLATFORM,0,100,True,False,False,sha256:50a4c71006640c88432af54d9db4669216a08df119f7f28262bd481912cdec19
CHARPACKET_82AC44741AC32926B1E2E06033606A76,ENG_STRATEGY_FACTORY_PLATFORM_UCEI16_MIGRATION_CEA260E0_V1,ENGINE,STRATEGY_FACTORY_PLATFORM,EXCLUDED_PROTECTED_PLATFORM,0,100,True,False,False,sha256:d010e5d59397adc6dba535105b145616fc78e6eba757fc233195dc1f8551d205
CHARPACKET_943108B43CDB364248A12C6012FD9819,ENG_STRATEGY_FACTORY_PLATFORM_UCEI16_SPECIFICATION_1C746A66_V1,ENGINE,STRATEGY_FACTORY_PLATFORM,EXCLUDED_PROTECTED_PLATFORM,0,100,True,False,False,sha256:d9d86390a57b82866c2bad5e72a153c0fb4346614cb1c05ca00e8fcc04459e19
CHARPACKET_EB514BC35914B86D62D3E797928631E5,ENG_STRATEGY_FACTORY_PLATFORM_UCEI16_TOURNAMENTTEMPLATE_0A49F3D5_V1,ENGINE,STRATEGY_FACTORY_PLATFORM,EXCLUDED_PROTECTED_PLATFORM,0,100,True,False,False,sha256:61f43bb430ba5efd6798fa16c28e035ea09ef5ef249df2a6ac1b2272f9d720fd
CHARPACKET_52715C576D6FB2664359A2ABDEC72BAD,ENG_STRATEGY_FACTORY_PLATFORM_UCEI16_TYPES_0AF53460_V1,ENGINE,STRATEGY_FACTORY_PLATFORM,EXCLUDED_PROTECTED_PLATFORM,0,100,True,False,False,sha256:9b9b3a08d3124543482ed1a41433599aec12e63b5ae4e5d7e0a95bae4f2d5498
CHARPACKET_A16C46418F90BAC97BDD2BB0CCA0DFB0,ENG_STRATEGY_FACTORY_PLATFORM_UCE_I01_CONTRACTSV3DIAGNOSTIC_FA846B23_V1,ENGINE,STRATEGY_FACTORY_PLATFORM,EXCLUDED_PROTECTED_PLATFORM,40,100,True,False,False,sha256:ee9d1655d0754d93b6342396f60e380f1a091c3f3a59c2446b9da6109a5d99de
CHARPACKET_B2FAFC004F21EEC8EA09346EB52B7751,ENG_STRATEGY_FACTORY_PLATFORM_UCE_I01_CONTRACTSV3SELFTEST_A31843D4_V1,ENGINE,STRATEGY_FACTORY_PLATFORM,EXCLUDED_PROTECTED_PLATFORM,0,100,True,False,False,sha256:c827b362cf61509cae4ebfe2791325f632847bf815bd18636fe73845883bafd5
CHARPACKET_9780FF38DD640024E0D67E463CACC4D4,ENG_STRATEGY_FACTORY_PLATFORM_UCE_I02_CONTEXTPACKAGEDIAGNOSTIC_B4D5E93D_V1,ENGINE,STRATEGY_FACTORY_PLATFORM,EXCLUDED_PROTECTED_PLATFORM,0,100,True,False,False,sha256:777cc5c257947da8e8e259782c311704f411674c7472b55e7f96b32c5109263d
CHARPACKET_096029D0EF9B6CFE1106E0D2CAD2788C,ENG_STRATEGY_FACTORY_PLATFORM_UCE_I02_CONTEXTPACKAGESELFTEST_63E53A76_V1,ENGINE,STRATEGY_FACTORY_PLATFORM,EXCLUDED_PROTECTED_PLATFORM,35,100,True,False,False,sha256:c41b36eebef0650e82150a2e166174f8efa533a31824747963cbe0e99bbc526e
CHARPACKET_0CF6F95E058F80CB0A536DC6C33D8FD5,ENG_STRATEGY_FACTORY_PLATFORM_UCE_I02_EXP0017REFERENCESELFTEST_DE671296_V1,ENGINE,STRATEGY_FACTORY_PLATFORM,EXCLUDED_PROTECTED_PLATFORM,0,100,True,False,False,sha256:8d8bce471fc845c61c2396a76c8f31ae6d2a7f4a7780dc806f73f0b7c568df65
CHARPACKET_372CBF7F5D7438FCAA7F7345646B5BA9,ENG_STRATEGY_FACTORY_PLATFORM_UCE_I03_TREATMENTATOMSDIAGNOSTIC_6B9293FA_V1,ENGINE,STRATEGY_FACTORY_PLATFORM,EXCLUDED_PROTECTED_PLATFORM,0,100,True,False,False,sha256:6ee4c4681d5a92b793d9ba492c1baef31a8dc6030e295218cf96f08fd5f3c166
CHARPACKET_150FE7E65DA7444F8515819F661AB9E8,ENG_STRATEGY_FACTORY_PLATFORM_UCE_I03_TREATMENTATOMSSELFTEST_AA4C91C9_V1,ENGINE,STRATEGY_FACTORY_PLATFORM,EXCLUDED_PROTECTED_PLATFORM,20,100,True,False,False,sha256:426d33cb82ffbbfe15e801c413498dc8415a9401ea2bd59dc66f3ec5ab3c607d
CHARPACKET_A7E682AE56D6E9430A467515FE1294D5,ENG_STRATEGY_FACTORY_PLATFORM_UCE_I04_TREATMENTCOMPILERDIAGNOSTIC_222A3D1F_V1,ENGINE,STRATEGY_FACTORY_PLATFORM,EXCLUDED_PROTECTED_PLATFORM,0,100,True,False,False,sha256:5b0a109160929396e24959d181ddbf67412b62f81ca9311bfdde3fa07a2b4d6d
CHARPACKET_7B4070ED8CF2137A74C3C477D2D2E42D,ENG_STRATEGY_FACTORY_PLATFORM_UCE_I04_TREATMENTCOMPILERSELFTEST_218E07D5_V1,ENGINE,STRATEGY_FACTORY_PLATFORM,EXCLUDED_PROTECTED_PLATFORM,0,100,True,False,False,sha256:7f70f861c2c9af916ed3905a73c17e4a69fb47edb898768835a42184736b4c4f
CHARPACKET_4C3B076F2297BEE0F154AD2C9DDB7505,ENG_STRATEGY_FACTORY_PLATFORM_UCE_I05_ECONOMICSDIAGNOSTIC_16DEA05F_V1,ENGINE,STRATEGY_FACTORY_PLATFORM,EXCLUDED_PROTECTED_PLATFORM,0,100,True,False,False,sha256:16f968b4b6a3ade6fc881586affb23291cfb21cc7ef76135d83d901482240ad2
CHARPACKET_F9FAAB958E924C1C1EEB5348015FB42B,ENG_STRATEGY_FACTORY_PLATFORM_UCE_I05_ECONOMICSSELFTEST_10BEAD36_V1,ENGINE,STRATEGY_FACTORY_PLATFORM,EXCLUDED_PROTECTED_PLATFORM,0,100,True,False,False,sha256:e7e4bd46fbc2769fa474876b2b48ebd21d20ad46903ea183597ec9430199027a
CHARPACKET_39C61E809670C2E13EB1C2184670F17C,ENG_STRATEGY_FACTORY_PLATFORM_UCE_I05_LONGSHORTSYMMETRYSELFTEST_23769747_V1,ENGINE,STRATEGY_FACTORY_PLATFORM,EXCLUDED_PROTECTED_PLATFORM,0,100,True,False,False,sha256:e1b1b878e57f5c108e9c5e935d8b06355dc2eb4ad483e4c0c304008eb571f917
CHARPACKET_7C28EA40F6C2B56FC054A0D3AEB49296,ENG_STRATEGY_FACTORY_PLATFORM_UCE_I06_LONGSHORTCOUNTERFACTUALSELFTEST_D038F49B_V1,ENGINE,STRATEGY_FACTORY_PLATFORM,EXCLUDED_PROTECTED_PLATFORM,20,100,True,False,False,sha256:3a5a66cb93c15f8fc4b016399a4279f5cad72f1a99a930a91c1ca9f73ddde009
CHARPACKET_0066FD4311E331110B33D3EA580A3ED6,ENG_STRATEGY_FACTORY_PLATFORM_UCE_I06_OUTCOMEDATASETDIAGNOSTIC_21530D54_V1,ENGINE,STRATEGY_FACTORY_PLATFORM,EXCLUDED_PROTECTED_PLATFORM,0,100,True,False,False,sha256:91cd67c1761dc45044cce2192b9bc9155f5598ce308a4357b4b0aea58354c48a
CHARPACKET_778F9496EE880530D9472DDFDF785F78,ENG_STRATEGY_FACTORY_PLATFORM_UCE_I06_OUTCOMEDATASETSELFTEST_CCE31E5C_V1,ENGINE,STRATEGY_FACTORY_PLATFORM,EXCLUDED_PROTECTED_PLATFORM,15,100,True,False,False,sha256:2fd3677ef2a0f6afeff6e4b9466cb2ed4cd5d8530ee1cd59de049074e7e21a29
CHARPACKET_9A8C36BB7597A0F45FB376499721ECF7,ENG_STRATEGY_FACTORY_PLATFORM_UCE_I07_CAPABILITYPARITYSELFTEST_F95100A7_V1,ENGINE,STRATEGY_FACTORY_PLATFORM,EXCLUDED_PROTECTED_PLATFORM,0,100,True,False,False,sha256:e0983cdc9abf63971ef31f04c5042a0eaf7abb2dc36e32cc211a25d57d00a08a
CHARPACKET_DD5A6EB7562D00A0068C60B08B261E4D,ENG_STRATEGY_FACTORY_PLATFORM_UCE_I07_TRAINERSDKDIAGNOSTIC_C4E6EC1B_V1,ENGINE,STRATEGY_FACTORY_PLATFORM,EXCLUDED_PROTECTED_PLATFORM,0,100,True,False,False,sha256:be796216b1ef7af5c21f9b018cacc0a69af29bda970c66622aa8b715973f18f5
CHARPACKET_0D35966FAF10E77D811BA7D74405C179,ENG_STRATEGY_FACTORY_PLATFORM_UCE_I07_TRAINERSDKSELFTEST_69AB274D_V1,ENGINE,STRATEGY_FACTORY_PLATFORM,EXCLUDED_PROTECTED_PLATFORM,0,100,True,False,False,sha256:70ae4eeb6321564cd60ec1dd34fe6b16923dc300ddb985d6a4016bba8b621062
CHARPACKET_CFAE20E5A8DC07DC9BBA9CCB49CD4BAC,ENG_STRATEGY_FACTORY_PLATFORM_UCE_I08_CATALOGPARITYSELFTEST_8206CCCD_V1,ENGINE,STRATEGY_FACTORY_PLATFORM,EXCLUDED_PROTECTED_PLATFORM,0,100,True,False,False,sha256:cb7292806299d43d03f0c632637fa09c930fc65b7ff01e83b738a4131533919c
CHARPACKET_9683404ADEF66A20148B023E76F78026,ENG_STRATEGY_FACTORY_PLATFORM_UCE_I08_CLASSICALALGORITHMSDIAGNOSTIC_A5D95935_V1,ENGINE,STRATEGY_FACTORY_PLATFORM,EXCLUDED_PROTECTED_PLATFORM,0,100,True,False,False,sha256:86d791a3ab7935ad06df67a8fca4148e356fc8c295e255de520c9e198353a058
CHARPACKET_2E510C1F437E59AE042A7A00A1525178,ENG_STRATEGY_FACTORY_PLATFORM_UCE_I08_CLASSICALALGORITHMSSELFTEST_8804A58F_V1,ENGINE,STRATEGY_FACTORY_PLATFORM,EXCLUDED_PROTECTED_PLATFORM,0,100,True,False,False,sha256:87c7f656aba604c8617e566c61d921cc91b839376007dc1fc6879f7f1902e169
CHARPACKET_2FCACB0D220E7B5B98D040591D25BBEA,ENG_STRATEGY_FACTORY_PLATFORM_UCE_I09_ACTIONSUPPORTSAFETYSELFTEST_6DB3D20D_V1,ENGINE,STRATEGY_FACTORY_PLATFORM,EXCLUDED_PROTECTED_PLATFORM,20,100,True,False,False,sha256:ad257baf5e3b164b1a1de3c40dcd9db92aa72799fe451995ceaec0af953780c2
CHARPACKET_33356FE693B64DBE4463ACCA33010E9B,ENG_STRATEGY_FACTORY_PLATFORM_UCE_I09_ADVANCEDTASKSDIAGNOSTIC_9DF1FACD_V1,ENGINE,STRATEGY_FACTORY_PLATFORM,EXCLUDED_PROTECTED_PLATFORM,0,100,True,False,False,sha256:4467008ddc792e8aab86fb7bc598cf2b062c1ddc39896d087f2b4af7d6a35b67
CHARPACKET_B2811E7008B749381EEFD0093CF7C791,ENG_STRATEGY_FACTORY_PLATFORM_UCE_I09_ADVANCEDTASKSSELFTEST_D6F80CFD_V1,ENGINE,STRATEGY_FACTORY_PLATFORM,EXCLUDED_PROTECTED_PLATFORM,20,100,True,False,False,sha256:73ea1e6551871e87044a36ff91c8eb910b0dd8b9de5de26fb1bb817b31ce320f
CHARPACKET_AE2A48B1E72F900C167E3B09150E1723,ENG_STRATEGY_FACTORY_PLATFORM_UCE_I10_CAUSALITYSAFETYSELFTEST_FC54FC3A_V1,ENGINE,STRATEGY_FACTORY_PLATFORM,EXCLUDED_PROTECTED_PLATFORM,20,100,True,False,False,sha256:cdfa5e93768163080b865d889d560e22f958a9e9f45d92083d7443cb2f62a394
CHARPACKET_6BB2A6EC4118CD7F720039FFAFC20A17,ENG_STRATEGY_FACTORY_PLATFORM_UCE_I10_DEEPVIEWSDIAGNOSTIC_EC3229B3_V1,ENGINE,STRATEGY_FACTORY_PLATFORM,EXCLUDED_PROTECTED_PLATFORM,0,100,True,False,False,sha256:e12fefced922a68b16dfe41b1497be99193768dba425e6aee2f8e7054d1a1dd0
CHARPACKET_8A2D0B1D06B1F640210FA4ABB0E0B857,ENG_STRATEGY_FACTORY_PLATFORM_UCE_I10_DEEPVIEWSSELFTEST_BE1118A3_V1,ENGINE,STRATEGY_FACTORY_PLATFORM,EXCLUDED_PROTECTED_PLATFORM,20,100,True,False,False,sha256:7701b3b20bf1abd1ac4f8775a4bb8c5ec8dd559073a38a206a5b7da2ceb55989
CHARPACKET_6531FC7A58D4FDDE02838CE09C8A4DD2,ENG_STRATEGY_FACTORY_PLATFORM_UCE_I11_BUDGETANDREPROSELFTEST_F269BABD_V1,ENGINE,STRATEGY_FACTORY_PLATFORM,EXCLUDED_PROTECTED_PLATFORM,0,100,True,False,False,sha256:6c8f207303214ff2d1792a5485fbb64abd782d1255dd209c74f7f9b2dbb17ebc
CHARPACKET_DF81DBF65194FD0DA5829240BD59BD23,ENG_STRATEGY_FACTORY_PLATFORM_UCE_I11_EXPERIMENTCONTRACTSSELFTEST_6A90ADF5_V1,ENGINE,STRATEGY_FACTORY_PLATFORM,EXCLUDED_PROTECTED_PLATFORM,0,100,True,False,False,sha256:531070e43ed461f5c6f06e9a3a67bed409404d0597e086dfeed5e541be3d742c
CHARPACKET_56215B88EEE2F4A328B217815C911141,ENG_STRATEGY_FACTORY_PLATFORM_UCE_I11_EXPERIMENTORCHESTRATIONDIAGNOSTI_36FCB341_V1,ENGINE,STRATEGY_FACTORY_PLATFORM,EXCLUDED_PROTECTED_PLATFORM,0,100,True,False,False,sha256:d2d48303208a7bf690fca9f61f1457cea828414c896822157bab1115af798062
CHARPACKET_558EA1FF126A83A6A0BFFB2D1D9FF8EC,ENG_STRATEGY_FACTORY_PLATFORM_UCE_I12_NONCOMPENSATORYGATESELFTEST_D122FB10_V1,ENGINE,STRATEGY_FACTORY_PLATFORM,EXCLUDED_PROTECTED_PLATFORM,0,100,True,False,False,sha256:f0e747ed8cd5e0976edd3c3d45cdc9f99cecdab487ba1fe2bb86878a4497db5e
CHARPACKET_DCED21EC79FB3025DCFE8F9D95794DE9,ENG_STRATEGY_FACTORY_PLATFORM_UCE_I12_PROMOTIONCONTRACTSSELFTEST_C1749DF1_V1,ENGINE,STRATEGY_FACTORY_PLATFORM,EXCLUDED_PROTECTED_PLATFORM,0,100,True,False,False,sha256:d8f4923272b3b6a1ec220b577fa944fddde597fed6359e370854a7bcd98992e0
CHARPACKET_07344EA3F998CDE339729850837972EB,ENG_STRATEGY_FACTORY_PLATFORM_UCE_I12_STATISTICALPROMOTIONDIAGNOSTIC_17D40CD9_V1,ENGINE,STRATEGY_FACTORY_PLATFORM,EXCLUDED_PROTECTED_PLATFORM,0,100,True,False,False,sha256:c780ea2ef3d4750a0f4ecc044797a80de087bc26d60717c2fcc524ede68c4f1c
CHARPACKET_97CE097D7C19C3F7762BA456CC0E5BC2,ENG_STRATEGY_FACTORY_PLATFORM_UCE_I13_AUTHORITYFALLBACKSELFTEST_79534AAB_V1,ENGINE,STRATEGY_FACTORY_PLATFORM,EXCLUDED_PROTECTED_PLATFORM,0,100,True,False,False,sha256:720bb02275dba0e9155126ca3d5e25e38ff5878ee8fd02eefe22c9ca73843e16
CHARPACKET_551A2BE847ABBB37345616AE0E266115,ENG_STRATEGY_FACTORY_PLATFORM_UCE_I13_HYBRIDPOLICYDIAGNOSTIC_01FF9C75_V1,ENGINE,STRATEGY_FACTORY_PLATFORM,EXCLUDED_PROTECTED_PLATFORM,0,100,True,False,False,sha256:f7a65c54e1316a54c28ca3f34d8ca9edece032ead023466615c91db8acd9c068
CHARPACKET_6F421C413C2C3B000F1DD801C7F1E52C,ENG_STRATEGY_FACTORY_PLATFORM_UCE_I13_MANUALPARITYSELFTEST_234444C1_V1,ENGINE,STRATEGY_FACTORY_PLATFORM,EXCLUDED_PROTECTED_PLATFORM,0,100,True,False,False,sha256:03fcee7eeb633dd8fd60958b30c55a4d81bb14b30eeffb29e73756e9559fb5e1
CHARPACKET_83D47F46FEBC5A6C28194C705EFEC42E,ENG_STRATEGY_FACTORY_PLATFORM_UCE_I14_ATOMICACTIVATIONROLLBACKSELFTEST_A708BD69_V1,ENGINE,STRATEGY_FACTORY_PLATFORM,EXCLUDED_PROTECTED_PLATFORM,0,100,True,False,False,sha256:db78b9face4a7b8f1a175bad43df0a9803a17fcfcb6830cbc97d47899939afe1
CHARPACKET_D1A05E9ED74EA66C2DCC2A79FAFF7200,ENG_STRATEGY_FACTORY_PLATFORM_UCE_I14_DUPLICATEDECISIONKILLSWITCHSELFT_5F4E0691_V1,ENGINE,STRATEGY_FACTORY_PLATFORM,EXCLUDED_PROTECTED_PLATFORM,0,100,True,False,False,sha256:81d875b6f06e9769c9ccfe80c7d6764a459acb8a8a3ed8252435fc872d701041
CHARPACKET_0DA3EFA90A82118A5248803BBE3534B4,ENG_STRATEGY_FACTORY_PLATFORM_UCE_I14_IMMUTABLERUNTIMEDIAGNOSTIC_E0F047A3_V1,ENGINE,STRATEGY_FACTORY_PLATFORM,EXCLUDED_PROTECTED_PLATFORM,0,100,True,False,False,sha256:ed672503dacf0b21ab2c373b2e983c74015d978cfb082833eeef381e1c5e867a
CHARPACKET_CDAF5B85213D1B0FDF51BEF8A9681724,ENG_STRATEGY_FACTORY_PLATFORM_UCE_I14_PREPROCESSINGPARITYSELFTEST_AE4D0324_V1,ENGINE,STRATEGY_FACTORY_PLATFORM,EXCLUDED_PROTECTED_PLATFORM,0,100,True,False,False,sha256:01f246a49b5cd371151e0649f74e9e30e3c1b96d83cc2d2167367d240223c087
CHARPACKET_6498E806EE7AD5D2EFFA13D3429122E4,ENG_STRATEGY_FACTORY_PLATFORM_UCE_I15_CONTEXTTOURNAMENTDIAGNOSTIC_AD41F231_V1,ENGINE,STRATEGY_FACTORY_PLATFORM,EXCLUDED_PROTECTED_PLATFORM,0,100,True,False,False,sha256:c536eb5c72aa83f1a0659fcd4739319bac29065d3807f5560539a3b2c1cb97db
CHARPACKET_DD42E609EEDFEB95C2B42BB70B1A03EA,ENG_STRATEGY_FACTORY_PLATFORM_UCE_I15_FIXTURECANNOTPROMOTESELFTEST_9EDCDADB_V1,ENGINE,STRATEGY_FACTORY_PLATFORM,EXCLUDED_PROTECTED_PLATFORM,0,100,True,False,False,sha256:8fa9b5c623d4f149fcfa4fc724a917de6532e00eca4e4b3e7ec84d4f740042f0
CHARPACKET_F2CAE9D346E6C8929E24EC7F0804045B,ENG_STRATEGY_FACTORY_PLATFORM_UCE_I15_FREEZEANDCOUNTSELFTEST_5CD93331_V1,ENGINE,STRATEGY_FACTORY_PLATFORM,EXCLUDED_PROTECTED_PLATFORM,0,100,True,False,False,sha256:37f0c1f1b7f0ff99a73bdea9ba23ca27905c38e6b292676c385e16ece01cbb52
CHARPACKET_4700FB0925A18C63D341C5522BB7B181,ENG_STRATEGY_FACTORY_PLATFORM_UCE_I15_PROSPECTIVERECONCILIATIONSELFTES_C6EDC568_V1,ENGINE,STRATEGY_FACTORY_PLATFORM,EXCLUDED_PROTECTED_PLATFORM,0,100,True,False,False,sha256:3786e48558047ce52b6d0d5f78379e1e03a07cbf9daba91bb7160dc92a1a3f7a
CHARPACKET_4D1D3D890C224B6FDD9FF46B70FD753F,ENG_STRATEGY_FACTORY_PLATFORM_UCE_I16_CONTEXTONBOARDINGDIAGNOSTIC_35883CF0_V1,ENGINE,STRATEGY_FACTORY_PLATFORM,EXCLUDED_PROTECTED_PLATFORM,0,100,True,False,False,sha256:2363a920af9758cff5eb024b39f946bca61511264a1b61f0a74d3ce447f0f6d7
CHARPACKET_4376FD2BE286204CD099A04CB7735902,ENG_STRATEGY_FACTORY_PLATFORM_UCE_I16_COREINVARIANCESELFTEST_B1B9EEFE_V1,ENGINE,STRATEGY_FACTORY_PLATFORM,EXCLUDED_PROTECTED_PLATFORM,0,100,True,False,False,sha256:c6186e1ccd29412916ffa79c308131e9ae918c97db36ce4efab5449e9585590d
CHARPACKET_7587F946984F1442451561C8FA056BD5,ENG_STRATEGY_FACTORY_PLATFORM_UCE_I16_LEGACYPARITYSELFTEST_50133419_V1,ENGINE,STRATEGY_FACTORY_PLATFORM,EXCLUDED_PROTECTED_PLATFORM,0,100,True,False,False,sha256:20e54e247b19623d4b68731e50f678d65ca96e0ae256fab8c558d1e9bc3522bc
CHARPACKET_C488B1D4FD14E617B6FCD4151111B833,ENG_STRATEGY_FACTORY_PLATFORM_UCE_I16_SCAFFOLDIDENTITYSELFTEST_300A0A9D_V1,ENGINE,STRATEGY_FACTORY_PLATFORM,EXCLUDED_PROTECTED_PLATFORM,0,100,True,False,False,sha256:bdcc1fe3a52f3619d5f91b7fed55ebd2102ef8bcf43afdd68e44ef1bfdb41a67
CHARPACKET_EA785F623D7A827F494F81C17176E1B5,ENG_STRATEGY_FACTORY_PLATFORM_VIEWALL_194BF344_V1,ENGINE,STRATEGY_FACTORY_PLATFORM,EXCLUDED_PROTECTED_PLATFORM,0,100,True,False,False,sha256:bde4d244aa466d851b7e920bae0562d0148565d4143efd173f89b87ae51a3747
CHARPACKET_96023CAE28E061AE5D2DC1693D7C6BE6,ENG_STRATEGY_FACTORY_PLATFORM_VIEWAUTHORITY_54FFB2E5_V1,ENGINE,STRATEGY_FACTORY_PLATFORM,EXCLUDED_PROTECTED_PLATFORM,0,100,True,False,False,sha256:19ce03418842e4ba3cf95840920bc14ea5d63ad9e61dd81800cd1d63ad233c59
CHARPACKET_EC7CDDA05B9D0EA2009ED144D44CF9FA,ENG_STRATEGY_FACTORY_PLATFORM_VIEWCANONICAL_307857AC_V1,ENGINE,STRATEGY_FACTORY_PLATFORM,EXCLUDED_PROTECTED_PLATFORM,0,100,True,False,False,sha256:1673fe8c2f9570a95d7b735aa2c1df38b4ab1ddfefcb6f1730a039b5c15c3832
CHARPACKET_E27665286E19363C2E6F6BAC6F8A025F,ENG_STRATEGY_FACTORY_PLATFORM_VIEWCATALOG_E68D4CF1_V1,ENGINE,STRATEGY_FACTORY_PLATFORM,EXCLUDED_PROTECTED_PLATFORM,20,100,True,False,False,sha256:de4e589a9d452cedf5207154b98b1256e9af888ba40d06a8dbd5a7eb096e8e88
CHARPACKET_D4D126BBB6D6D1129453304300F07C2C,ENG_STRATEGY_FACTORY_PLATFORM_VIEWCOMPATIBILITY_3265CFA3_V1,ENGINE,STRATEGY_FACTORY_PLATFORM,EXCLUDED_PROTECTED_PLATFORM,0,100,True,False,False,sha256:c8fc532be2ab0ec2e33d9062a9f967569b6b1c27a030ecf45120e5cb88ffc4a7
CHARPACKET_F946D9A591B2F4752F946437BB46F424,ENG_STRATEGY_FACTORY_PLATFORM_VIEWCONTRACTS_04DBF751_V1,ENGINE,STRATEGY_FACTORY_PLATFORM,EXCLUDED_PROTECTED_PLATFORM,0,100,True,False,False,sha256:384ed94c975edc9e0f8b78bea6dd268aa9b47af06aaff07f32e0b82da4cc1938
CHARPACKET_D08FCB392C7B3D0C502FE33E7B614E03,ENG_STRATEGY_FACTORY_PLATFORM_VIEWDIAGNOSTICS_E191E0B7_V1,ENGINE,STRATEGY_FACTORY_PLATFORM,EXCLUDED_PROTECTED_PLATFORM,0,100,True,False,False,sha256:e02cf2475f4e6562960b40f760f4beab365e4e6751707bf3e787c00a3f5e8d3e
CHARPACKET_9E3B1655892EC07C8EC44553C28C9796,ENG_STRATEGY_FACTORY_PLATFORM_VIEWENUMS_B92CBA55_V1,ENGINE,STRATEGY_FACTORY_PLATFORM,EXCLUDED_PROTECTED_PLATFORM,0,100,True,False,False,sha256:b474309586683e63350ea6b5f5c1e3ec315fc7f4a42b8c666a479b943b7e1c09
CHARPACKET_7809BF5B905D410C002B35D0AC4EEC08,ENG_STRATEGY_FACTORY_PLATFORM_VIEWINTEGRITY_6839DB97_V1,ENGINE,STRATEGY_FACTORY_PLATFORM,EXCLUDED_PROTECTED_PLATFORM,0,100,True,False,False,sha256:ec703504a1d02750899262a692b23f39119f23d1085858adacbbec21a6608b07
CHARPACKET_35BA84C202B869AE4D5FD9250EBBB6F3,ENG_STRATEGY_FACTORY_PLATFORM_VIEWMASK_CA68294A_V1,ENGINE,STRATEGY_FACTORY_PLATFORM,EXCLUDED_PROTECTED_PLATFORM,0,100,True,False,False,sha256:fd2600baccb35e42ead05f79a05d41c48936a5c82afaf85f43956abbd5abc50b
CHARPACKET_CE411605F74F8CD528C0732A269C117A,ENG_STRATEGY_FACTORY_PLATFORM_VIEWMISSINGNESS_4198C0F1_V1,ENGINE,STRATEGY_FACTORY_PLATFORM,EXCLUDED_PROTECTED_PLATFORM,0,100,True,False,False,sha256:b0947875f1a8b3495de1b9e1e81328961033cc10fa279fb4928a0abef279c985
CHARPACKET_8A6A4231ABF563827180DD142A1DA27D,ENG_STRATEGY_FACTORY_PLATFORM_VIEWSUPPORT_01135CFF_V1,ENGINE,STRATEGY_FACTORY_PLATFORM,EXCLUDED_PROTECTED_PLATFORM,0,100,True,False,False,sha256:b32613f1c4d3d75b82e35cd6a08fc6b45aff99080f5b8a4e8926bf58161212cc
CHARPACKET_D58A5FF3DDAE8128EC8A1EF79D07C50A,ENG_TOOLING_OTHER_RUN_ENGINEERING_POLICY_31048E54_V1,ENGINE,TOOLING_OTHER,BLOCKED_SECURITY_REVIEW,100,100,True,True,False,sha256:fbddc176bcb8e0e1714dffbee514712e7d349de723b87b4645187f6cd3b2054e
CHARPACKET_DE41384368100F597D7624C659C918E2,ENG_TOOLING_OTHER_VALIDATE_ALPHA_LAB_POLICY_F24199F8_V1,ENGINE,TOOLING_OTHER,BLOCKED_SECURITY_REVIEW,35,100,True,True,False,sha256:d9171bfe8292e012c542ffae8c23d9929d490cf6413bbfdda5bf5dbaaf91de19
CHARPACKET_918736BF02FA91CF198500ED11D2FD23,ART_ASTRO_RESEARCH_EXECUTION_DAL_ASTROEXCELCANDLEREADER_C9969886_V1,SUPPORT_ARTIFACT,ASTRO_RESEARCH_EXECUTION,BLOCKED_OWNER_APPROVAL,100,100,True,False,False,sha256:6f295b0291d08e339cc127a326181785bb2b91958f78ce6fe95498a14e0eed78
CHARPACKET_C3C9E26C0DF56B73FF9F5DBCAE71803E,ART_ASTRO_RESEARCH_EXECUTION_EXP0013_ASTROUNIFIEDDASHBOARDEA_5F7536F6_V1,SUPPORT_ARTIFACT,ASTRO_RESEARCH_EXECUTION,BLOCKED_OWNER_APPROVAL,85,100,True,False,False,sha256:27f238d75913e1bdbcc899dfdf6703f2a4bb910266df98deb0537fafd13e3e44
CHARPACKET_A21CB6B52BF089F4FF55036CCEDDC1D5,ART_EXP0019_FAERIE_PROTOCOL_CANONICAL_699F420C_V1,SUPPORT_ARTIFACT,EXP0019_FAERIE_PROTOCOL,BLOCKED_SECURITY_REVIEW,20,100,True,True,False,sha256:063fbd23d3aa8f0cedff07be37eac30f9230a6d597bdab46a7a7623cc3c9662f
CHARPACKET_CFBBA9F257C316364459DF2DDCD2A5F5,ART_EXP0019_FAERIE_PROTOCOL_CONSTANTS_9F3419CD_V1,SUPPORT_ARTIFACT,EXP0019_FAERIE_PROTOCOL,BLOCKED_OWNER_APPROVAL,100,100,True,False,False,sha256:78d0627e70f77051a4f8878db9f17a1a0ad15560315a05dd09a031c25663a5df
CHARPACKET_B6E06CEE97EAFC1E74895CCB1A12C725,ART_EXP0019_FAERIE_PROTOCOL_EXP0019_FAERIEPROTOCOL_DIAGNOSTIC_F1E25E4A_V1,SUPPORT_ARTIFACT,EXP0019_FAERIE_PROTOCOL,BLOCKED_OWNER_APPROVAL,90,100,True,False,False,sha256:5c0d27774f89b68191fc6a8c3aff071746e2a0d2728914440eb9305a8a8cf937
CHARPACKET_5C82FD46DB994598BDA753A15EC06A31,ART_MQL5_OTHER_D0010_H4ATOMICNOSAMPLEREGIMEAUDIT_CB381D94_V1,SUPPORT_ARTIFACT,MQL5_OTHER,BLOCKED_OWNER_APPROVAL,90,100,True,False,False,sha256:adf4f8c5afa772db058584142336fbfef60ea2ed0a8d776ddcd271f22ee77886
CHARPACKET_558117E22A12B781AA2EBAD78C09679F,ART_RESEARCH_EXPERIMENTS_PHASE13_CONTROLLED_MODEL_COMPARISON_12B934BF_V1,SUPPORT_ARTIFACT,RESEARCH_EXPERIMENTS,BLOCKED_OWNER_APPROVAL,100,100,True,False,False,sha256:f4813c417fad711976ce2a84c7d38fdce200d18e5e851ab70f4d1a1818f4a55d
